enhancedWeatherDescription,extendedWeatherType,feelsLikeTemperatureC,feelsLikeTemperatureF,gustSpeedKph,gustSpeedMph,humidity,localDate,precipitationProbabilityInPercent,precipitationProbabilityText,pressure,temperatureC,temperatureF,timeslot,timeslotLength,visibility,weatherType,weatherTypeText,windDescription,windDirection,windDirectionAbbreviation,windDirectionFull,windSpeedKph,windSpeedMph,issueDate,lastUpdated,location_id,location_name
Partly cloudy and a gentle breeze,2,15,58,24,15,71,2024-06-02,0,Precipitation is not expected,1015,15,58,19:00,1,Good,2,Partly Cloudy,A gentle breeze from the west,W,W,Westerly,14,8,2024-06-02T07:00:00+10:00,2024-06-02T18:00:16.748+10:00,2147714,Sydney
Partly cloudy and a gentle breeze,2,14,58,25,15,70,2024-06-02,0,Precipitation is not expected,1015,15,58,20:00,1,Good,2,Partly Cloudy,A gentle breeze from the west,W,W,Westerly,16,10,2024-06-02T07:00:00+10:00,2024-06-02T18:00:16.748+10:00,2147714,Sydney
Partly cloudy and a gentle breeze,2,14,57,27,17,69,2024-06-02,0,Precipitation is not expected,1015,14,57,21:00,1,Good,2,Partly Cloudy,A gentle breeze from the west,W,W,Westerly,17,11,2024-06-02T07:00:00+10:00,2024-06-02T18:00:16.748+10:00,2147714,Sydney
Partly cloudy and a gentle breeze,2,13,55,25,16,68,2024-06-02,0,Precipitation is not expected,1015,14,57,22:00,1,Good,2,Partly Cloudy,A gentle breeze from the west,W,W,Westerly,18,11,2024-06-02T07:00:00+10:00,2024-06-02T18:00:16.748+10:00,2147714,Sydney
Partly cloudy and a gentle breeze,2,12,54,25,15,69,2024-06-02,0,Precipitation is not expected,1015,13,56,23:00,1,Good,2,Partly Cloudy,A gentle breeze from the west,W,W,Westerly,18,11,2024-06-02T07:00:00+10:00,2024-06-02T18:00:16.748+10:00,2147714,Sydney
Partly cloudy and a gentle breeze,2,12,54,23,14,70,2024-06-03,0,Precipitation is not expected,1014,13,56,00:00,1,Good,2,Partly Cloudy,A gentle breeze from the west,W,W,Westerly,18,11,2024-06-02T07:00:00+10:00,2024-06-02T18:00:16.748+10:00,2147714,Sydney
Partly cloudy and a gentle breeze,2,12,53,22,14,72,2024-06-03,0,Precipitation is not expected,1014,13,55,01:00,1,Good,2,Partly Cloudy,A gentle breeze from the west,W,W,Westerly,19,12,2024-06-02T07:00:00+10:00,2024-06-02T18:00:16.748+10:00,2147714,Sydney
Partly cloudy and a gentle breeze,2,11,52,20,12,73,2024-06-03,0,Precipitation is not expected,1013,12,54,02:00,1,Good,2,Partly Cloudy,A gentle breeze from the west north west,WNW,WNW,West North Westerly,18,11,2024-06-02T07:00:00+10:00,2024-06-02T18:00:16.748+10:00,2147714,Sydney
Partly cloudy and a gentle breeze,2,11,52,18,11,74,2024-06-03,0,Precipitation is not expected,1013,12,54,03:00,1,Good,2,Partly Cloudy,A gentle breeze from the west north west,WNW,WNW,West North Westerly,17,10,2024-06-02T07:00:00+10:00,2024-06-02T18:00:16.748+10:00,2147714,Sydney
Partly cloudy and a gentle breeze,2,11,51,18,11,75,2024-06-03,0,Precipitation is not expected,1013,12,53,04:00,1,Good,2,Partly Cloudy,A gentle breeze from the west north west,WNW,WNW,West North Westerly,16,10,2024-06-02T07:00:00+10:00,2024-06-02T18:00:16.748+10:00,2147714,Sydney
Partly cloudy and a gentle breeze,2,10,50,19,12,76,2024-06-03,0,Precipitation is not expected,1013,11,52,05:00,1,Good,2,Partly Cloudy,A gentle breeze from the west north west,WNW,WNW,West North Westerly,16,10,2024-06-02T07:00:00+10:00,2024-06-02T18:00:16.748+10:00,2147714,Sydney
Partly cloudy and a gentle breeze,2,10,50,19,12,78,2024-06-03,0,Precipitation is not expected,1013,11,52,06:00,1,Good,2,Partly Cloudy,A gentle breeze from the west north west,WNW,WNW,West North Westerly,16,10,2024-06-02T07:00:00+10:00,2024-06-02T18:00:16.748+10:00,2147714,Sydney
Sunny intervals and a gentle breeze,3,9,49,21,13,78,2024-06-03,0,Precipitation is not expected,1013,11,51,07:00,1,Good,3,Sunny Intervals,A gentle breeze from the north west,NW,NW,North Westerly,17,10,2024-06-02T07:00:00+10:00,2024-06-02T18:00:16.748+10:00,2147714,Sydney
Sunny and a gentle breeze,1,10,50,22,14,75,2024-06-03,0,Precipitation is not expected,1013,11,52,08:00,1,Good,1,Sunny,A gentle breeze from the west north west,WNW,WNW,West North Westerly,17,11,2024-06-02T07:00:00+10:00,2024-06-02T18:00:16.748+10:00,2147714,Sydney
Sunny and a gentle breeze,1,11,52,24,15,71,2024-06-03,0,Precipitation is not expected,1013,12,54,09:00,1,Good,1,Sunny,A gentle breeze from the west north west,WNW,WNW,West North Westerly,17,11,2024-06-02T07:00:00+10:00,2024-06-02T18:00:16.748+10:00,2147714,Sydney
Sunny and a gentle breeze,1,13,55,24,15,67,2024-06-03,0,Precipitation is not expected,1013,13,56,10:00,1,Good,1,Sunny,A gentle breeze from the west north west,WNW,WNW,West North Westerly,16,10,2024-06-02T07:00:00+10:00,2024-06-02T18:00:16.748+10:00,2147714,Sydney
Sunny and a gentle breeze,1,14,57,24,15,61,2024-06-03,0,Precipitation is not expected,1012,15,58,11:00,1,Good,1,Sunny,A gentle breeze from the west north west,WNW,WNW,West North Westerly,15,9,2024-06-02T07:00:00+10:00,2024-06-02T18:00:16.748+10:00,2147714,Sydney
Sunny and a gentle breeze,1,15,60,23,14,55,2024-06-03,0,Precipitation is not expected,1012,16,61,12:00,1,Good,1,Sunny,A gentle breeze from the west north west,WNW,WNW,West North Westerly,15,9,2024-06-02T07:00:00+10:00,2024-06-02T18:00:16.748+10:00,2147714,Sydney
Sunny and a gentle breeze,1,16,61,21,13,51,2024-06-03,0,Precipitation is not expected,1011,17,62,13:00,1,Good,1,Sunny,A gentle breeze from the west north west,WNW,WNW,West North Westerly,13,8,2024-06-02T07:00:00+10:00,2024-06-02T18:00:16.748+10:00,2147714,Sydney
Sunny and a gentle breeze,1,17,62,19,12,50,2024-06-03,0,Precipitation is not expected,1011,17,63,14:00,1,Good,1,Sunny,A gentle breeze from the west north west,WNW,WNW,West North Westerly,12,8,2024-06-02T07:00:00+10:00,2024-06-02T18:00:16.748+10:00,2147714,Sydney
Sunny and light winds,1,17,62,18,11,49,2024-06-03,0,Precipitation is not expected,1011,17,63,15:00,1,Good,1,Sunny,Light winds from the west north west,WNW,WNW,West North Westerly,11,7,2024-06-02T07:00:00+10:00,2024-06-02T18:00:16.748+10:00,2147714,Sydney
Sunny intervals and light winds,3,16,61,21,13,52,2024-06-03,0,Precipitation is not expected,1011,17,62,16:00,1,Good,3,Sunny Intervals,Light winds from the west,W,W,Westerly,9,6,2024-06-02T07:00:00+10:00,2024-06-02T18:00:16.748+10:00,2147714,Sydney
Partly cloudy and light winds,2,15,60,26,16,54,2024-06-03,0,Precipitation is not expected,1011,16,60,17:00,1,Good,2,Partly Cloudy,Light winds from the west,W,W,Westerly,12,7,2024-06-02T07:00:00+10:00,2024-06-02T18:00:16.748+10:00,2147714,Sydney
A clear sky and a gentle breeze,0,14,58,27,17,58,2024-06-03,0,Precipitation is not expected,1012,15,59,18:00,1,Good,0,Clear Sky,A gentle breeze from the west,W,W,Westerly,13,8,2024-06-02T07:00:00+10:00,2024-06-02T18:00:16.748+10:00,2147714,Sydney
A clear sky and a gentle breeze,0,13,56,26,16,60,2024-06-03,0,Precipitation is not expected,1013,14,57,19:00,1,Good,0,Clear Sky,A gentle breeze from the west,W,W,Westerly,16,10,2024-06-02T07:00:00+10:00,2024-06-02T18:00:16.748+10:00,2147714,Sydney
A clear sky and a gentle breeze,0,13,55,25,16,64,2024-06-03,0,Precipitation is not expected,1013,13,56,20:00,1,Good,0,Clear Sky,A gentle breeze from the west,W,W,Westerly,17,10,2024-06-02T07:00:00+10:00,2024-06-02T18:00:16.748+10:00,2147714,Sydney
A clear sky and a gentle breeze,0,12,53,26,16,65,2024-06-03,0,Precipitation is not expected,1013,13,55,21:00,1,Good,0,Clear Sky,A gentle breeze from the west,W,W,Westerly,17,11,2024-06-02T07:00:00+10:00,2024-06-02T18:00:16.748+10:00,2147714,Sydney
A clear sky and a gentle breeze,0,11,52,26,16,66,2024-06-03,0,Precipitation is not expected,1013,12,54,22:00,1,Good,0,Clear Sky,A gentle breeze from the west north west,WNW,WNW,West North Westerly,18,11,2024-06-02T07:00:00+10:00,2024-06-02T18:00:16.748+10:00,2147714,Sydney
A clear sky and a gentle breeze,0,10,51,25,16,68,2024-06-03,0,Precipitation is not expected,1013,12,53,23:00,1,Good,0,Clear Sky,A gentle breeze from the west north west,WNW,WNW,West North Westerly,19,12,2024-06-02T07:00:00+10:00,2024-06-02T18:00:16.748+10:00,2147714,Sydney
A clear sky and a gentle breeze,0,10,50,25,16,68,2024-06-04,0,Precipitation is not expected,1014,12,53,00:00,1,Good,0,Clear Sky,A gentle breeze from the west,W,W,Westerly,19,12,2024-06-02T07:00:00+10:00,2024-06-02T18:00:16.748+10:00,2147714,Sydney
A clear sky and a moderate breeze,0,10,49,25,16,69,2024-06-04,0,Precipitation is not expected,1014,11,52,01:00,1,Good,0,Clear Sky,A moderate breeze from the west,W,W,Westerly,20,13,2024-06-02T07:00:00+10:00,2024-06-02T18:00:16.748+10:00,2147714,Sydney
A clear sky and a moderate breeze,0,9,49,26,16,70,2024-06-04,0,Precipitation is not expected,1014,11,52,02:00,1,Good,0,Clear Sky,A moderate breeze from the west,W,W,Westerly,20,13,2024-06-02T07:00:00+10:00,2024-06-02T18:00:16.748+10:00,2147714,Sydney
A clear sky and a gentle breeze,0,9,49,26,16,70,2024-06-04,0,Precipitation is not expected,1014,11,52,03:00,1,Good,0,Clear Sky,A gentle breeze from the west,W,W,Westerly,19,12,2024-06-02T07:00:00+10:00,2024-06-02T18:00:16.748+10:00,2147714,Sydney
A clear sky and a gentle breeze,0,9,48,25,16,71,2024-06-04,0,Precipitation is not expected,1015,11,51,04:00,1,Good,0,Clear Sky,A gentle breeze from the west,W,W,Westerly,20,12,2024-06-02T07:00:00+10:00,2024-06-02T18:00:16.748+10:00,2147714,Sydney
A clear sky and a gentle breeze,0,9,48,25,16,72,2024-06-04,0,Precipitation is not expected,1015,11,51,05:00,1,Good,0,Clear Sky,A gentle breeze from the west,W,W,Westerly,20,12,2024-06-02T07:00:00+10:00,2024-06-02T18:00:16.748+10:00,2147714,Sydney
A clear sky and a gentle breeze,0,8,47,25,15,73,2024-06-04,0,Precipitation is not expected,1015,10,50,06:00,1,Good,0,Clear Sky,A gentle breeze from the west north west,WNW,WNW,West North Westerly,19,12,2024-06-02T07:00:00+10:00,2024-06-02T18:00:16.748+10:00,2147714,Sydney
Sunny and a gentle breeze,1,8,47,25,16,74,2024-06-04,0,Precipitation is not expected,1016,10,50,07:00,1,Good,1,Sunny,A gentle breeze from the west north west,WNW,WNW,West North Westerly,19,12,2024-06-02T07:00:00+10:00,2024-06-02T18:00:16.748+10:00,2147714,Sydney
Sunny and a gentle breeze,1,9,48,25,16,72,2024-06-04,0,Precipitation is not expected,1017,11,51,08:00,1,Good,1,Sunny,A gentle breeze from the west north west,WNW,WNW,West North Westerly,19,12,2024-06-02T07:00:00+10:00,2024-06-02T18:00:16.748+10:00,2147714,Sydney
Sunny and a gentle breeze,1,10,50,26,16,70,2024-06-04,0,Precipitation is not expected,1017,12,53,09:00,1,Good,1,Sunny,A gentle breeze from the west north west,WNW,WNW,West North Westerly,19,12,2024-06-02T07:00:00+10:00,2024-06-02T18:00:16.748+10:00,2147714,Sydney
Sunny and a gentle breeze,1,12,54,23,14,66,2024-06-04,0,Precipitation is not expected,1017,13,56,10:00,1,Good,1,Sunny,A gentle breeze from the west north west,WNW,WNW,West North Westerly,18,11,2024-06-02T07:00:00+10:00,2024-06-02T18:00:16.748+10:00,2147714,Sydney
Sunny and a gentle breeze,1,14,57,20,12,62,2024-06-04,0,Precipitation is not expected,1016,15,58,11:00,1,Good,1,Sunny,A gentle breeze from the west north west,WNW,WNW,West North Westerly,16,10,2024-06-02T07:00:00+10:00,2024-06-02T18:00:16.748+10:00,2147714,Sydney
Sunny and a gentle breeze,1,16,60,17,11,58,2024-06-04,0,Precipitation is not expected,1015,16,61,12:00,1,Good,1,Sunny,A gentle breeze from the west,W,W,Westerly,14,8,2024-06-02T07:00:00+10:00,2024-06-02T18:00:16.748+10:00,2147714,Sydney
Sunny and light winds,1,17,63,15,9,55,2024-06-04,0,Precipitation is not expected,1015,17,62,13:00,1,Good,1,Sunny,Light winds from the west,W,W,Westerly,10,6,2024-06-02T07:00:00+10:00,2024-06-02T18:00:16.748+10:00,2147714,Sydney
Sunny and light winds,1,18,64,12,8,54,2024-06-04,0,Precipitation is not expected,1015,17,63,14:00,1,Good,1,Sunny,Light winds from the west,W,W,Westerly,9,6,2024-06-02T07:00:00+10:00,2024-06-02T18:00:16.748+10:00,2147714,Sydney
Sunny and light winds,1,18,64,10,6,54,2024-06-04,0,Precipitation is not expected,1015,17,63,15:00,1,Good,1,Sunny,Light winds from the west,W,W,Westerly,7,5,2024-06-02T07:00:00+10:00,2024-06-02T18:00:16.748+10:00,2147714,Sydney
Sunny and light winds,1,17,63,10,6,58,2024-06-04,0,Precipitation is not expected,1015,17,62,16:00,1,Good,1,Sunny,Light winds from the west,W,W,Westerly,6,4,2024-06-02T07:00:00+10:00,2024-06-02T18:00:16.748+10:00,2147714,Sydney
A clear sky and light winds,0,17,62,9,6,60,2024-06-04,0,Precipitation is not expected,1016,16,61,17:00,1,Good,0,Clear Sky,Light winds from the west,W,W,Westerly,6,4,2024-06-02T07:00:00+10:00,2024-06-02T18:00:16.748+10:00,2147714,Sydney
A clear sky and light winds,0,16,61,9,6,62,2024-06-04,0,Precipitation is not expected,1016,16,60,18:00,1,Good,0,Clear Sky,Light winds from the west north west,WNW,WNW,West North Westerly,5,3,2024-06-02T07:00:00+10:00,2024-06-02T18:00:16.748+10:00,2147714,Sydney
A clear sky and light winds,0,16,60,11,7,64,2024-06-04,0,Precipitation is not expected,1017,15,60,19:00,1,Good,0,Clear Sky,Light winds from the west,W,W,Westerly,6,4,2024-06-02T07:00:00+10:00,2024-06-02T18:00:16.748+10:00,2147714,Sydney
A clear sky and light winds,0,15,59,14,8,68,2024-06-04,0,Precipitation is not expected,1017,15,59,20:00,1,Good,0,Clear Sky,Light winds from the west,W,W,Westerly,8,5,2024-06-02T07:00:00+10:00,2024-06-02T18:00:16.748+10:00,2147714,Sydney
A clear sky and light winds,0,15,58,16,10,69,2024-06-04,0,Precipitation is not expected,1017,14,58,21:00,1,Good,0,Clear Sky,Light winds from the west,W,W,Westerly,10,6,2024-06-02T07:00:00+10:00,2024-06-02T18:00:16.748+10:00,2147714,Sydney
A clear sky and a gentle breeze,0,14,56,16,10,71,2024-06-04,0,Precipitation is not expected,1018,14,57,22:00,1,Good,0,Clear Sky,A gentle breeze from the west,W,W,Westerly,13,8,2024-06-02T07:00:00+10:00,2024-06-02T18:00:16.748+10:00,2147714,Sydney
A clear sky and a gentle breeze,0,13,55,15,10,73,2024-06-04,0,Precipitation is not expected,1018,13,56,23:00,1,Good,0,Clear Sky,A gentle breeze from the west,W,W,Westerly,13,8,2024-06-02T07:00:00+10:00,2024-06-02T18:00:16.748+10:00,2147714,Sydney
Partly cloudy and a gentle breeze,2,13,55,15,9,73,2024-06-05,0,Precipitation is not expected,1018,13,55,00:00,1,Good,2,Partly Cloudy,A gentle breeze from the west,W,W,Westerly,13,8,2024-06-02T07:00:00+10:00,2024-06-02T18:00:16.748+10:00,2147714,Sydney
Partly cloudy and a gentle breeze,2,12,53,15,10,75,2024-06-05,0,Precipitation is not expected,1018,13,55,01:00,1,Good,2,Partly Cloudy,A gentle breeze from the west,W,W,Westerly,15,9,2024-06-02T07:00:00+10:00,2024-06-02T18:00:16.748+10:00,2147714,Sydney
Partly cloudy and a gentle breeze,2,11,53,16,10,75,2024-06-05,0,Precipitation is not expected,1018,12,54,02:00,1,Good,2,Partly Cloudy,A gentle breeze from the west,W,W,Westerly,15,9,2024-06-02T07:00:00+10:00,2024-06-02T18:00:16.748+10:00,2147714,Sydney
Partly cloudy and a gentle breeze,2,11,53,16,10,75,2024-06-05,0,Precipitation is not expected,1018,12,54,03:00,1,Good,2,Partly Cloudy,A gentle breeze from the west,W,W,Westerly,14,9,2024-06-02T07:00:00+10:00,2024-06-02T18:00:16.748+10:00,2147714,Sydney
Light cloud and a gentle breeze,36,11,52,17,10,78,2024-06-05,0,Precipitation is not expected,1018,12,53,04:00,1,Good,7,Light Cloud,A gentle breeze from the west,W,W,Westerly,14,9,2024-06-02T07:00:00+10:00,2024-06-02T18:00:16.748+10:00,2147714,Sydney
Light cloud and a gentle breeze,36,11,51,17,11,79,2024-06-05,11,Low chance of precipitation,1018,12,53,05:00,1,Good,7,Light Cloud,A gentle breeze from the west north west,WNW,WNW,West North Westerly,14,9,2024-06-02T07:00:00+10:00,2024-06-02T18:00:16.748+10:00,2147714,Sydney
Light cloud and a gentle breeze,36,11,51,18,11,80,2024-06-05,13,Low chance of precipitation,1019,12,53,06:00,1,Good,7,Light Cloud,A gentle breeze from the west,W,W,Westerly,14,8,2024-06-02T07:00:00+10:00,2024-06-02T18:00:16.748+10:00,2147714,Sydney
Light cloud and a gentle breeze,7,11,51,19,12,80,2024-06-05,11,Low chance of precipitation,1019,12,53,07:00,1,Good,7,Light Cloud,A gentle breeze from the west north west,WNW,WNW,West North Westerly,14,9,2024-06-02T07:00:00+10:00,2024-06-02T18:00:16.748+10:00,2147714,Sydney
Light rain showers and a gentle breeze,10,11,53,19,12,79,2024-06-05,54,Chance of precipitation,1019,12,54,08:00,1,Good,10,Light Rain Showers,A gentle breeze from the west,W,W,Westerly,14,9,2024-06-02T07:00:00+10:00,2024-06-02T18:00:16.748+10:00,2147714,Sydney
Light rain and a gentle breeze,12,13,55,20,12,78,2024-06-05,60,Chance of precipitation,1020,13,55,09:00,1,Moderate,12,Light Rain,A gentle breeze from the west,W,W,Westerly,15,9,2024-06-02T07:00:00+10:00,2024-06-02T18:00:16.748+10:00,2147714,Sydney
Light rain and a gentle breeze,12,14,57,21,13,75,2024-06-05,60,Chance of precipitation,1020,14,57,10:00,1,Moderate,12,Light Rain,A gentle breeze from the west,W,W,Westerly,14,9,2024-06-02T07:00:00+10:00,2024-06-02T18:00:16.748+10:00,2147714,Sydney
Light rain and a gentle breeze,12,15,60,23,14,74,2024-06-05,70,Chance of precipitation,1019,15,59,11:00,1,Moderate,12,Light Rain,A gentle breeze from the west south west,WSW,WSW,West South Westerly,14,9,2024-06-02T07:00:00+10:00,2024-06-02T18:00:16.748+10:00,2147714,Sydney
Light rain and a gentle breeze,12,17,62,25,15,72,2024-06-05,70,Chance of precipitation,1019,16,61,12:00,1,Moderate,12,Light Rain,A gentle breeze from the south west,SW,SW,South Westerly,15,9,2024-06-02T07:00:00+10:00,2024-06-02T18:00:16.748+10:00,2147714,Sydney
Light rain and a gentle breeze,12,17,63,28,17,74,2024-06-05,70,Chance of precipitation,1018,17,62,13:00,1,Moderate,12,Light Rain,A gentle breeze from the south west,SW,SW,South Westerly,14,9,2024-06-02T07:00:00+10:00,2024-06-02T18:00:16.748+10:00,2147714,Sydney
Light rain and a gentle breeze,12,18,65,31,19,73,2024-06-05,68,Chance of precipitation,1018,17,63,14:00,1,Moderate,12,Light Rain,A gentle breeze from the south south west,SSW,SSW,South South Westerly,16,10,2024-06-02T07:00:00+10:00,2024-06-02T18:00:16.748+10:00,2147714,Sydney
Light rain and a gentle breeze,12,18,64,34,21,73,2024-06-05,68,Chance of precipitation,1018,17,62,15:00,1,Moderate,12,Light Rain,A gentle breeze from the south south west,SSW,SSW,South South Westerly,18,11,2024-06-02T07:00:00+10:00,2024-06-02T18:00:16.748+10:00,2147714,Sydney
Heavy rain and a gentle breeze,15,17,63,34,21,76,2024-06-05,70,Chance of precipitation,1018,17,62,16:00,1,Moderate,15,Heavy Rain,A gentle breeze from the south,S,S,Southerly,19,12,2024-06-02T07:00:00+10:00,2024-06-02T18:00:16.748+10:00,2147714,Sydney
Heavy rain and a gentle breeze,40,17,63,34,21,77,2024-06-05,70,Chance of precipitation,1018,16,61,17:00,1,Moderate,15,Heavy Rain,A gentle breeze from the south south west,SSW,SSW,South South Westerly,19,12,2024-06-02T07:00:00+10:00,2024-06-02T18:00:16.748+10:00,2147714,Sydney
Heavy rain and a gentle breeze,40,17,63,35,22,79,2024-06-05,70,Chance of precipitation,1019,16,61,18:00,1,Moderate,15,Heavy Rain,A gentle breeze from the south south west,SSW,SSW,South South Westerly,17,11,2024-06-02T07:00:00+10:00,2024-06-02T18:00:16.748+10:00,2147714,Sydney
Heavy rain and a gentle breeze,40,17,63,35,22,80,2024-06-05,70,Chance of precipitation,1020,16,61,19:00,1,Moderate,15,Heavy Rain,A gentle breeze from the south south west,SSW,SSW,South South Westerly,18,11,2024-06-02T07:00:00+10:00,2024-06-02T18:00:16.748+10:00,2147714,Sydney
Heavy rain and a gentle breeze,40,17,63,36,22,83,2024-06-05,70,Chance of precipitation,1020,16,61,20:00,1,Moderate,15,Heavy Rain,A gentle breeze from the south south west,SSW,SSW,South South Westerly,20,12,2024-06-02T07:00:00+10:00,2024-06-02T18:00:16.748+10:00,2147714,Sydney
Heavy rain and a moderate breeze,40,17,62,36,22,83,2024-06-05,70,Chance of precipitation,1020,16,61,21:00,1,Moderate,15,Heavy Rain,A moderate breeze from the south south west,SSW,SSW,South South Westerly,21,13,2024-06-02T07:00:00+10:00,2024-06-02T18:00:16.748+10:00,2147714,Sydney
Heavy rain and a moderate breeze,40,17,62,35,22,85,2024-06-05,70,Chance of precipitation,1020,16,60,22:00,1,Poor,15,Heavy Rain,A moderate breeze from the south south west,SSW,SSW,South South Westerly,22,14,2024-06-02T07:00:00+10:00,2024-06-02T18:00:16.748+10:00,2147714,Sydney
Heavy rain and a moderate breeze,40,16,61,36,22,86,2024-06-05,70,Chance of precipitation,1020,15,59,23:00,1,Poor,15,Heavy Rain,A moderate breeze from the south west,SW,SW,South Westerly,23,14,2024-06-02T07:00:00+10:00,2024-06-02T18:00:16.748+10:00,2147714,Sydney
Heavy rain and a moderate breeze,40,16,60,36,23,86,2024-06-06,70,Chance of precipitation,1020,15,59,00:00,1,Poor,15,Heavy Rain,A moderate breeze from the south west,SW,SW,South Westerly,24,15,2024-06-02T07:00:00+10:00,2024-06-02T18:00:16.748+10:00,2147714,Sydney
Heavy rain and a moderate breeze,40,15,60,37,23,88,2024-06-06,70,Chance of precipitation,1020,15,59,01:00,1,Poor,15,Heavy Rain,A moderate breeze from the south west,SW,SW,South Westerly,26,16,2024-06-02T07:00:00+10:00,2024-06-02T18:00:16.748+10:00,2147714,Sydney
Heavy rain and a moderate breeze,40,15,59,37,23,88,2024-06-06,70,Chance of precipitation,1019,15,58,02:00,1,Poor,15,Heavy Rain,A moderate breeze from the south west,SW,SW,South Westerly,26,16,2024-06-02T07:00:00+10:00,2024-06-02T18:00:16.748+10:00,2147714,Sydney
Heavy rain and a moderate breeze,40,15,59,38,24,87,2024-06-06,70,Chance of precipitation,1019,15,58,03:00,1,Poor,15,Heavy Rain,A moderate breeze from the south west,SW,SW,South Westerly,27,17,2024-06-02T07:00:00+10:00,2024-06-02T18:00:16.748+10:00,2147714,Sydney
Heavy rain and a moderate breeze,40,15,59,38,24,87,2024-06-06,70,Chance of precipitation,1019,15,58,04:00,1,Poor,15,Heavy Rain,A moderate breeze from the south west,SW,SW,South Westerly,27,17,2024-06-02T07:00:00+10:00,2024-06-02T18:00:16.748+10:00,2147714,Sydney
Light rain showers and a moderate breeze,9,14,58,38,23,88,2024-06-06,70,Chance of precipitation,1019,14,58,05:00,1,Poor,9,Light Rain Showers,A moderate breeze from the south west,SW,SW,South Westerly,28,17,2024-06-02T07:00:00+10:00,2024-06-02T18:00:16.748+10:00,2147714,Sydney
Heavy rain and a moderate breeze,40,14,58,37,23,88,2024-06-06,70,Chance of precipitation,1020,14,58,06:00,1,Poor,15,Heavy Rain,A moderate breeze from the south west,SW,SW,South Westerly,27,17,2024-06-02T07:00:00+10:00,2024-06-02T18:00:16.748+10:00,2147714,Sydney
Heavy rain and a moderate breeze,15,14,58,38,24,88,2024-06-06,70,Chance of precipitation,1020,14,58,07:00,1,Moderate,15,Heavy Rain,A moderate breeze from the south west,SW,SW,South Westerly,28,17,2024-06-02T07:00:00+10:00,2024-06-02T18:00:16.748+10:00,2147714,Sydney
Heavy rain and a moderate breeze,15,14,58,39,24,88,2024-06-06,70,Chance of precipitation,1020,14,58,08:00,1,Moderate,15,Heavy Rain,A moderate breeze from the south west,SW,SW,South Westerly,28,17,2024-06-02T07:00:00+10:00,2024-06-02T18:00:16.748+10:00,2147714,Sydney
Heavy rain and a moderate breeze,15,15,59,40,25,89,2024-06-06,70,Chance of precipitation,1020,15,58,09:00,1,Moderate,15,Heavy Rain,A moderate breeze from the south west,SW,SW,South Westerly,29,18,2024-06-02T07:00:00+10:00,2024-06-02T18:00:16.748+10:00,2147714,Sydney
Heavy rain and a moderate breeze,15,16,60,39,25,88,2024-06-06,70,Chance of precipitation,1021,15,59,10:00,1,Moderate,15,Heavy Rain,A moderate breeze from the south west,SW,SW,South Westerly,28,17,2024-06-02T07:00:00+10:00,2024-06-02T18:00:16.748+10:00,2147714,Sydney
Heavy rain showers and a moderate breeze,14,17,62,39,24,87,2024-06-06,70,Chance of precipitation,1020,16,60,11:00,1,Moderate,14,Heavy Rain Showers,A moderate breeze from the south south west,SSW,SSW,South South Westerly,28,17,2024-06-02T07:00:00+10:00,2024-06-02T18:00:16.748+10:00,2147714,Sydney
Heavy rain showers and a moderate breeze,14,18,64,39,24,83,2024-06-06,70,Chance of precipitation,1019,17,62,12:00,1,Moderate,14,Heavy Rain Showers,A moderate breeze from the south south west,SSW,SSW,South South Westerly,28,18,2024-06-02T07:00:00+10:00,2024-06-02T18:00:16.748+10:00,2147714,Sydney
Light rain showers and a moderate breeze,10,18,64,39,24,81,2024-06-06,70,Chance of precipitation,1019,17,62,13:00,1,Moderate,10,Light Rain Showers,A moderate breeze from the south south west,SSW,SSW,South South Westerly,27,17,2024-06-02T07:00:00+10:00,2024-06-02T18:00:16.748+10:00,2147714,Sydney
Thundery showers and a moderate breeze,29,18,65,39,24,80,2024-06-06,70,Chance of precipitation,1019,17,63,14:00,1,Moderate,29,Thundery Showers,A moderate breeze from the south south west,SSW,SSW,South South Westerly,27,17,2024-06-02T07:00:00+10:00,2024-06-02T18:00:16.748+10:00,2147714,Sydney
Thundery showers and a moderate breeze,29,18,64,39,24,80,2024-06-06,70,Chance of precipitation,1019,17,62,15:00,1,Moderate,29,Thundery Showers,A moderate breeze from the south south west,SSW,SSW,South South Westerly,27,17,2024-06-02T07:00:00+10:00,2024-06-02T18:00:16.748+10:00,2147714,Sydney
Thundery showers and a moderate breeze,29,17,64,38,24,82,2024-06-06,70,Chance of precipitation,1019,17,62,16:00,1,Moderate,29,Thundery Showers,A moderate breeze from the south south west,SSW,SSW,South South Westerly,27,17,2024-06-02T07:00:00+10:00,2024-06-02T18:00:16.748+10:00,2147714,Sydney
Thundery showers and a moderate breeze,28,17,63,37,23,83,2024-06-06,70,Chance of precipitation,1019,16,61,17:00,1,Moderate,28,Thundery Showers,A moderate breeze from the south south west,SSW,SSW,South South Westerly,25,15,2024-06-02T07:00:00+10:00,2024-06-02T18:00:16.748+10:00,2147714,Sydney
Thundery showers and a moderate breeze,28,17,63,36,22,83,2024-06-06,70,Chance of precipitation,1020,16,61,18:00,1,Moderate,28,Thundery Showers,A moderate breeze from the south south west,SSW,SSW,South South Westerly,23,14,2024-06-02T07:00:00+10:00,2024-06-02T18:00:16.748+10:00,2147714,Sydney
Thundery showers and a moderate breeze,28,18,64,35,22,83,2024-06-06,70,Chance of precipitation,1021,17,62,19:00,1,Moderate,28,Thundery Showers,A moderate breeze from the south south west,SSW,SSW,South South Westerly,22,14,2024-06-02T07:00:00+10:00,2024-06-02T18:00:16.748+10:00,2147714,Sydney
Light rain showers and a moderate breeze,9,18,64,35,22,85,2024-06-06,62,Chance of precipitation,1021,16,61,20:00,1,Moderate,9,Light Rain Showers,A moderate breeze from the south south west,SSW,SSW,South South Westerly,22,14,2024-06-02T07:00:00+10:00,2024-06-02T18:00:16.748+10:00,2147714,Sydney
Light rain showers and a moderate breeze,9,17,64,34,21,83,2024-06-06,57,Chance of precipitation,1021,16,61,21:00,1,Moderate,9,Light Rain Showers,A moderate breeze from the south south west,SSW,SSW,South South Westerly,23,14,2024-06-02T07:00:00+10:00,2024-06-02T18:00:16.748+10:00,2147714,Sydney
Light rain showers and a moderate breeze,9,17,63,34,21,82,2024-06-06,53,Chance of precipitation,1021,16,61,22:00,1,Moderate,9,Light Rain Showers,A moderate breeze from the south west,SW,SW,South Westerly,22,14,2024-06-02T07:00:00+10:00,2024-06-02T18:00:16.748+10:00,2147714,Sydney
Light rain showers and a moderate breeze,9,17,63,34,21,84,2024-06-06,47,Chance of precipitation,1021,16,61,23:00,1,Moderate,9,Light Rain Showers,A moderate breeze from the south south west,SSW,SSW,South South Westerly,23,14,2024-06-02T07:00:00+10:00,2024-06-02T18:00:16.748+10:00,2147714,Sydney
Light rain showers and a moderate breeze,9,17,63,34,21,84,2024-06-07,47,Chance of precipitation,1020,16,61,00:00,1,Moderate,9,Light Rain Showers,A moderate breeze from the south south west,SSW,SSW,South South Westerly,23,14,2024-06-02T07:00:00+10:00,2024-06-02T18:00:16.748+10:00,2147714,Sydney
Light rain showers and a moderate breeze,9,17,62,35,22,84,2024-06-07,48,Chance of precipitation,1020,16,61,01:00,1,Moderate,9,Light Rain Showers,A moderate breeze from the south south west,SSW,SSW,South South Westerly,24,15,2024-06-02T07:00:00+10:00,2024-06-02T18:00:16.748+10:00,2147714,Sydney
Light rain showers and a moderate breeze,9,16,61,35,22,85,2024-06-07,47,Chance of precipitation,1020,16,60,02:00,1,Moderate,9,Light Rain Showers,A moderate breeze from the south south west,SSW,SSW,South South Westerly,23,15,2024-06-02T07:00:00+10:00,2024-06-02T18:00:16.748+10:00,2147714,Sydney
Light rain showers and a moderate breeze,9,16,61,35,22,84,2024-06-07,46,Chance of precipitation,1020,16,60,03:00,1,Moderate,9,Light Rain Showers,A moderate breeze from the south south west,SSW,SSW,South South Westerly,24,15,2024-06-02T07:00:00+10:00,2024-06-02T18:00:16.748+10:00,2147714,Sydney
Light rain showers and a moderate breeze,9,16,61,37,23,85,2024-06-07,44,Chance of precipitation,1020,15,60,04:00,1,Moderate,9,Light Rain Showers,A moderate breeze from the south west,SW,SW,South Westerly,23,15,2024-06-02T07:00:00+10:00,2024-06-02T18:00:16.748+10:00,2147714,Sydney
Light rain showers and a moderate breeze,9,16,60,38,24,85,2024-06-07,53,Chance of precipitation,1020,15,59,05:00,1,Moderate,9,Light Rain Showers,A moderate breeze from the south west,SW,SW,South Westerly,24,15,2024-06-02T07:00:00+10:00,2024-06-02T18:00:16.748+10:00,2147714,Sydney
Light rain showers and a moderate breeze,9,16,60,39,24,85,2024-06-07,51,Chance of precipitation,1021,15,59,06:00,1,Moderate,9,Light Rain Showers,A moderate breeze from the south west,SW,SW,South Westerly,24,15,2024-06-02T07:00:00+10:00,2024-06-02T18:00:16.748+10:00,2147714,Sydney
Light rain showers and a moderate breeze,10,16,60,39,24,84,2024-06-07,50,Chance of precipitation,1021,15,59,07:00,1,Moderate,10,Light Rain Showers,A moderate breeze from the south west,SW,SW,South Westerly,24,15,2024-06-02T07:00:00+10:00,2024-06-02T18:00:16.748+10:00,2147714,Sydney
Light rain showers and a moderate breeze,10,16,60,39,24,84,2024-06-07,48,Chance of precipitation,1021,15,59,08:00,1,Moderate,10,Light Rain Showers,A moderate breeze from the south west,SW,SW,South Westerly,24,15,2024-06-02T07:00:00+10:00,2024-06-02T18:00:16.748+10:00,2147714,Sydney
Light rain showers and a moderate breeze,10,16,61,38,24,84,2024-06-07,46,Chance of precipitation,1022,16,60,09:00,1,Moderate,10,Light Rain Showers,A moderate breeze from the south west,SW,SW,South Westerly,26,16,2024-06-02T07:00:00+10:00,2024-06-02T18:00:16.748+10:00,2147714,Sydney
Light rain showers and a moderate breeze,10,17,63,40,25,82,2024-06-07,45,Chance of precipitation,1022,16,61,10:00,1,Moderate,10,Light Rain Showers,A moderate breeze from the south south west,SSW,SSW,South South Westerly,24,15,2024-06-02T07:00:00+10:00,2024-06-02T18:00:16.748+10:00,2147714,Sydney
Light rain showers and a moderate breeze,10,18,65,42,26,81,2024-06-07,43,Chance of precipitation,1021,17,62,11:00,1,Moderate,10,Light Rain Showers,A moderate breeze from the south south west,SSW,SSW,South South Westerly,24,15,2024-06-02T07:00:00+10:00,2024-06-02T18:00:16.748+10:00,2147714,Sydney
Light rain showers and a moderate breeze,10,19,66,44,27,79,2024-06-07,43,Chance of precipitation,1021,18,64,12:00,1,Moderate,10,Light Rain Showers,A moderate breeze from the south,S,S,Southerly,25,16,2024-06-02T07:00:00+10:00,2024-06-02T18:00:16.748+10:00,2147714,Sydney
Light rain showers and a moderate breeze,10,19,66,45,28,78,2024-06-07,43,Chance of precipitation,1020,18,64,13:00,1,Moderate,10,Light Rain Showers,A moderate breeze from the south,S,S,Southerly,25,16,2024-06-02T07:00:00+10:00,2024-06-02T18:00:16.748+10:00,2147714,Sydney
Light rain showers and a moderate breeze,10,20,67,47,29,77,2024-06-07,40,Chance of precipitation,1020,18,64,14:00,1,Moderate,10,Light Rain Showers,A moderate breeze from the south,S,S,Southerly,27,17,2024-06-02T07:00:00+10:00,2024-06-02T18:00:16.748+10:00,2147714,Sydney
Light rain showers and a moderate breeze,10,19,66,48,30,78,2024-06-07,39,Chance of precipitation,1020,18,64,15:00,1,Moderate,10,Light Rain Showers,A moderate breeze from the south,S,S,Southerly,28,17,2024-06-02T07:00:00+10:00,2024-06-02T18:00:16.748+10:00,2147714,Sydney
Light rain showers and a moderate breeze,10,19,65,48,30,82,2024-06-07,39,Chance of precipitation,1020,17,63,16:00,1,Moderate,10,Light Rain Showers,A moderate breeze from the south,S,S,Southerly,28,18,2024-06-02T07:00:00+10:00,2024-06-02T18:00:16.748+10:00,2147714,Sydney
Light rain showers and a moderate breeze,9,18,65,48,30,83,2024-06-07,36,Chance of precipitation,1021,17,62,17:00,1,Moderate,9,Light Rain Showers,A moderate breeze from the south,S,S,Southerly,27,17,2024-06-02T07:00:00+10:00,2024-06-02T18:00:16.748+10:00,2147714,Sydney
Light rain showers and a moderate breeze,9,18,65,49,30,83,2024-06-07,36,Chance of precipitation,1021,17,63,18:00,1,Moderate,9,Light Rain Showers,A moderate breeze from the south,S,S,Southerly,25,16,2024-06-02T07:00:00+10:00,2024-06-02T18:00:16.748+10:00,2147714,Sydney
Light rain showers and a moderate breeze,9,19,65,48,30,83,2024-06-07,36,Chance of precipitation,1022,17,63,19:00,1,Moderate,9,Light Rain Showers,A moderate breeze from the south south west,SSW,SSW,South South Westerly,25,15,2024-06-02T07:00:00+10:00,2024-06-02T18:00:16.748+10:00,2147714,Sydney
Light rain showers and a moderate breeze,9,19,66,48,30,85,2024-06-07,40,Chance of precipitation,1022,17,63,20:00,1,Moderate,9,Light Rain Showers,A moderate breeze from the south south west,SSW,SSW,South South Westerly,25,16,2024-06-02T07:00:00+10:00,2024-06-02T18:00:16.748+10:00,2147714,Sydney
Light rain showers and a moderate breeze,9,18,65,47,29,84,2024-06-07,40,Chance of precipitation,1022,17,63,21:00,1,Moderate,9,Light Rain Showers,A moderate breeze from the south south west,SSW,SSW,South South Westerly,27,17,2024-06-02T07:00:00+10:00,2024-06-02T18:00:16.748+10:00,2147714,Sydney
Light rain showers and a moderate breeze,9,18,65,48,30,84,2024-06-07,40,Chance of precipitation,1022,17,62,22:00,1,Moderate,9,Light Rain Showers,A moderate breeze from the south south west,SSW,SSW,South South Westerly,27,17,2024-06-02T07:00:00+10:00,2024-06-02T18:00:16.748+10:00,2147714,Sydney
Light rain showers and a moderate breeze,9,18,64,48,30,85,2024-06-07,37,Chance of precipitation,1022,17,62,23:00,1,Moderate,9,Light Rain Showers,A moderate breeze from the south south west,SSW,SSW,South South Westerly,29,18,2024-06-02T07:00:00+10:00,2024-06-02T18:00:16.748+10:00,2147714,Sydney
Light rain showers and a moderate breeze,9,18,64,49,30,85,2024-06-08,37,Chance of precipitation,1021,17,62,00:00,1,Moderate,9,Light Rain Showers,A moderate breeze from the south south west,SSW,SSW,South South Westerly,29,18,2024-06-02T07:00:00+10:00,2024-06-02T18:00:16.748+10:00,2147714,Sydney
Light rain showers and a fresh breeze,9,18,64,49,30,85,2024-06-08,37,Chance of precipitation,1021,17,62,01:00,1,Moderate,9,Light Rain Showers,A fresh breeze from the south south west,SSW,SSW,South South Westerly,30,19,2024-06-02T07:00:00+10:00,2024-06-02T18:00:16.748+10:00,2147714,Sydney
Light rain showers and a fresh breeze,9,17,63,49,30,86,2024-06-08,38,Chance of precipitation,1021,16,61,02:00,1,Moderate,9,Light Rain Showers,A fresh breeze from the south south west,SSW,SSW,South South Westerly,30,19,2024-06-02T07:00:00+10:00,2024-06-02T18:00:16.748+10:00,2147714,Sydney
Light rain showers and a moderate breeze,9,17,63,49,30,85,2024-06-08,39,Chance of precipitation,1021,16,61,03:00,1,Moderate,9,Light Rain Showers,A moderate breeze from the south south west,SSW,SSW,South South Westerly,29,18,2024-06-02T07:00:00+10:00,2024-06-02T18:00:16.748+10:00,2147714,Sydney
Light rain showers and a moderate breeze,9,17,62,49,31,86,2024-06-08,39,Chance of precipitation,1021,16,61,04:00,1,Moderate,9,Light Rain Showers,A moderate breeze from the south west,SW,SW,South Westerly,29,18,2024-06-02T07:00:00+10:00,2024-06-02T18:00:16.748+10:00,2147714,Sydney
Light rain showers and a moderate breeze,9,16,61,50,31,86,2024-06-08,44,Chance of precipitation,1021,16,60,05:00,1,Moderate,9,Light Rain Showers,A moderate breeze from the south west,SW,SW,South Westerly,30,18,2024-06-02T07:00:00+10:00,2024-06-02T18:00:16.748+10:00,2147714,Sydney
Light rain showers and a fresh breeze,9,16,61,50,31,86,2024-06-08,42,Chance of precipitation,1021,16,60,06:00,1,Moderate,9,Light Rain Showers,A fresh breeze from the south west,SW,SW,South Westerly,30,19,2024-06-02T07:00:00+10:00,2024-06-02T18:00:16.748+10:00,2147714,Sydney
Light rain showers and a fresh breeze,10,16,61,49,31,86,2024-06-08,40,Chance of precipitation,1022,15,60,07:00,1,Moderate,10,Light Rain Showers,A fresh breeze from the south west,SW,SW,South Westerly,31,19,2024-06-02T07:00:00+10:00,2024-06-02T18:00:16.748+10:00,2147714,Sydney
Light rain showers and a fresh breeze,10,16,60,49,30,86,2024-06-08,40,Chance of precipitation,1022,15,59,08:00,1,Moderate,10,Light Rain Showers,A fresh breeze from the south west,SW,SW,South Westerly,31,19,2024-06-02T07:00:00+10:00,2024-06-02T18:00:16.748+10:00,2147714,Sydney
Light rain showers and a fresh breeze,10,17,62,47,30,85,2024-06-08,40,Chance of precipitation,1022,16,60,09:00,1,Moderate,10,Light Rain Showers,A fresh breeze from the south west,SW,SW,South Westerly,31,19,2024-06-02T07:00:00+10:00,2024-06-02T18:00:16.748+10:00,2147714,Sydney
Light rain showers and a moderate breeze,10,17,63,48,30,82,2024-06-08,40,Chance of precipitation,1022,17,62,10:00,1,Moderate,10,Light Rain Showers,A moderate breeze from the south west,SW,SW,South Westerly,30,18,2024-06-02T07:00:00+10:00,2024-06-02T18:00:16.748+10:00,2147714,Sydney
Light rain showers and a moderate breeze,10,18,65,48,30,80,2024-06-08,41,Chance of precipitation,1021,17,63,11:00,1,Moderate,10,Light Rain Showers,A moderate breeze from the south west,SW,SW,South Westerly,29,18,2024-06-02T07:00:00+10:00,2024-06-02T18:00:16.748+10:00,2147714,Sydney
Light rain showers and a moderate breeze,10,19,67,49,30,77,2024-06-08,43,Chance of precipitation,1021,18,64,12:00,1,Moderate,10,Light Rain Showers,A moderate breeze from the south south west,SSW,SSW,South South Westerly,29,18,2024-06-02T07:00:00+10:00,2024-06-02T18:00:16.748+10:00,2147714,Sydney
Light rain showers and a moderate breeze,10,20,67,49,30,75,2024-06-08,44,Chance of precipitation,1020,18,65,13:00,1,Moderate,10,Light Rain Showers,A moderate breeze from the south south west,SSW,SSW,South South Westerly,29,18,2024-06-02T07:00:00+10:00,2024-06-02T18:00:16.748+10:00,2147714,Sydney
Light rain showers and a moderate breeze,10,20,68,49,30,74,2024-06-08,49,Chance of precipitation,1020,19,65,14:00,1,Moderate,10,Light Rain Showers,A moderate breeze from the south south west,SSW,SSW,South South Westerly,29,18,2024-06-02T07:00:00+10:00,2024-06-02T18:00:16.748+10:00,2147714,Sydney
Light rain showers and a moderate breeze,10,20,67,49,30,74,2024-06-08,51,Chance of precipitation,1020,18,65,15:00,1,Moderate,10,Light Rain Showers,A moderate breeze from the south south west,SSW,SSW,South South Westerly,29,18,2024-06-02T07:00:00+10:00,2024-06-02T18:00:16.748+10:00,2147714,Sydney
Light rain showers and a moderate breeze,10,19,66,47,30,77,2024-06-08,53,Chance of precipitation,1020,18,64,16:00,1,Good,10,Light Rain Showers,A moderate breeze from the south south west,SSW,SSW,South South Westerly,28,18,2024-06-02T07:00:00+10:00,2024-06-02T18:00:16.748+10:00,2147714,Sydney
Light rain showers and a moderate breeze,9,19,66,46,28,78,2024-06-08,27,Low chance of precipitation,1021,17,63,17:00,1,Good,9,Light Rain Showers,A moderate breeze from the south south west,SSW,SSW,South South Westerly,26,16,2024-06-02T07:00:00+10:00,2024-06-02T18:00:16.748+10:00,2147714,Sydney
Light rain showers and a moderate breeze,9,18,65,44,28,79,2024-06-08,25,Low chance of precipitation,1021,17,63,18:00,1,Good,9,Light Rain Showers,A moderate breeze from the south west,SW,SW,South Westerly,24,15,2024-06-02T07:00:00+10:00,2024-06-02T18:00:16.748+10:00,2147714,Sydney
Light rain showers and a moderate breeze,9,19,65,42,26,79,2024-06-08,24,Low chance of precipitation,1022,17,63,19:00,1,Good,9,Light Rain Showers,A moderate breeze from the south west,SW,SW,South Westerly,24,15,2024-06-02T07:00:00+10:00,2024-06-02T18:00:16.748+10:00,2147714,Sydney
Light rain showers and a moderate breeze,9,18,65,40,25,80,2024-06-08,19,Low chance of precipitation,1022,17,63,20:00,1,Good,9,Light Rain Showers,A moderate breeze from the south west,SW,SW,South Westerly,25,15,2024-06-02T07:00:00+10:00,2024-06-02T18:00:16.748+10:00,2147714,Sydney
Light rain showers and a moderate breeze,9,18,65,38,24,79,2024-06-08,17,Low chance of precipitation,1022,17,62,21:00,1,Good,9,Light Rain Showers,A moderate breeze from the south west,SW,SW,South Westerly,25,15,2024-06-02T07:00:00+10:00,2024-06-02T18:00:16.748+10:00,2147714,Sydney
Light rain showers and a moderate breeze,9,18,64,35,22,78,2024-06-08,15,Low chance of precipitation,1022,17,62,22:00,1,Good,9,Light Rain Showers,A moderate breeze from the south west,SW,SW,South Westerly,25,15,2024-06-02T07:00:00+10:00,2024-06-02T18:00:16.748+10:00,2147714,Sydney
Light rain showers and a moderate breeze,9,17,63,34,21,80,2024-06-08,13,Low chance of precipitation,1022,16,61,23:00,1,Good,9,Light Rain Showers,A moderate breeze from the south west,SW,SW,South Westerly,25,16,2024-06-02T07:00:00+10:00,2024-06-02T18:00:16.748+10:00,2147714,Sydney
Light rain showers and a moderate breeze,9,17,62,34,21,80,2024-06-09,12,Low chance of precipitation,1022,16,61,00:00,1,Good,9,Light Rain Showers,A moderate breeze from the south west,SW,SW,South Westerly,25,15,2024-06-02T07:00:00+10:00,2024-06-02T18:00:16.748+10:00,2147714,Sydney
Light rain showers and a moderate breeze,9,17,62,34,21,81,2024-06-09,15,Low chance of precipitation,1022,16,61,01:00,1,Moderate,9,Light Rain Showers,A moderate breeze from the south west,SW,SW,South Westerly,26,16,2024-06-02T07:00:00+10:00,2024-06-02T18:00:16.748+10:00,2147714,Sydney
Light rain showers and a moderate breeze,9,16,61,34,21,83,2024-06-09,27,Low chance of precipitation,1022,15,60,02:00,1,Moderate,9,Light Rain Showers,A moderate breeze from the south west,SW,SW,South Westerly,26,16,2024-06-02T07:00:00+10:00,2024-06-02T18:00:16.748+10:00,2147714,Sydney
Light rain showers and a moderate breeze,9,16,61,34,21,82,2024-06-09,27,Low chance of precipitation,1022,15,60,03:00,1,Moderate,9,Light Rain Showers,A moderate breeze from the south west,SW,SW,South Westerly,25,16,2024-06-02T07:00:00+10:00,2024-06-02T18:00:16.748+10:00,2147714,Sydney
Light rain showers and a moderate breeze,9,15,60,34,21,83,2024-06-09,22,Low chance of precipitation,1022,15,59,04:00,1,Good,9,Light Rain Showers,A moderate breeze from the south west,SW,SW,South Westerly,25,16,2024-06-02T07:00:00+10:00,2024-06-02T18:00:16.748+10:00,2147714,Sydney
Light rain showers and a moderate breeze,9,15,59,33,21,84,2024-06-09,13,Low chance of precipitation,1022,15,59,05:00,1,Good,9,Light Rain Showers,A moderate breeze from the west south west,WSW,WSW,West South Westerly,25,15,2024-06-02T07:00:00+10:00,2024-06-02T18:00:16.748+10:00,2147714,Sydney
Light rain showers and a moderate breeze,9,15,59,33,20,83,2024-06-09,13,Low chance of precipitation,1023,15,59,06:00,1,Good,9,Light Rain Showers,A moderate breeze from the west south west,WSW,WSW,West South Westerly,24,15,2024-06-02T07:00:00+10:00,2024-06-02T18:00:16.748+10:00,2147714,Sydney
Light rain showers and a moderate breeze,10,15,59,34,21,82,2024-06-09,13,Low chance of precipitation,1023,15,59,07:00,1,Good,10,Light Rain Showers,A moderate breeze from the west south west,WSW,WSW,West South Westerly,24,15,2024-06-02T07:00:00+10:00,2024-06-02T18:00:16.748+10:00,2147714,Sydney
Light rain showers and a moderate breeze,10,15,59,35,22,81,2024-06-09,10,Low chance of precipitation,1024,15,59,08:00,1,Good,10,Light Rain Showers,A moderate breeze from the west south west,WSW,WSW,West South Westerly,24,15,2024-06-02T07:00:00+10:00,2024-06-02T18:00:16.748+10:00,2147714,Sydney
Light rain showers and a moderate breeze,10,16,61,36,22,80,2024-06-09,10,Low chance of precipitation,1024,15,60,09:00,1,Good,10,Light Rain Showers,A moderate breeze from the west south west,WSW,WSW,West South Westerly,24,15,2024-06-02T07:00:00+10:00,2024-06-02T18:00:16.748+10:00,2147714,Sydney
Light rain showers and a moderate breeze,10,17,62,35,22,77,2024-06-09,10,Low chance of precipitation,1024,16,61,10:00,1,Good,10,Light Rain Showers,A moderate breeze from the west south west,WSW,WSW,West South Westerly,23,14,2024-06-02T07:00:00+10:00,2024-06-02T18:00:16.748+10:00,2147714,Sydney
Light rain showers and a moderate breeze,10,18,64,33,21,75,2024-06-09,10,Low chance of precipitation,1024,17,63,11:00,1,Good,10,Light Rain Showers,A moderate breeze from the south west,SW,SW,South Westerly,22,14,2024-06-02T07:00:00+10:00,2024-06-02T18:00:16.748+10:00,2147714,Sydney
Light rain showers and a moderate breeze,10,19,66,32,20,72,2024-06-09,11,Low chance of precipitation,1023,18,64,12:00,1,Good,10,Light Rain Showers,A moderate breeze from the south west,SW,SW,South Westerly,22,14,2024-06-02T07:00:00+10:00,2024-06-02T18:00:16.748+10:00,2147714,Sydney
Light rain showers and a moderate breeze,10,19,67,32,20,70,2024-06-09,11,Low chance of precipitation,1023,18,65,13:00,1,Good,10,Light Rain Showers,A moderate breeze from the south south west,SSW,SSW,South South Westerly,21,13,2024-06-02T07:00:00+10:00,2024-06-02T18:00:16.748+10:00,2147714,Sydney
Light rain showers and a moderate breeze,10,20,67,32,20,69,2024-06-09,14,Low chance of precipitation,1023,18,65,14:00,1,Good,10,Light Rain Showers,A moderate breeze from the south south west,SSW,SSW,South South Westerly,21,13,2024-06-02T07:00:00+10:00,2024-06-02T18:00:16.748+10:00,2147714,Sydney
Light rain showers and a moderate breeze,10,19,67,32,20,69,2024-06-09,15,Low chance of precipitation,1023,18,65,15:00,1,Good,10,Light Rain Showers,A moderate breeze from the south,S,S,Southerly,21,13,2024-06-02T07:00:00+10:00,2024-06-02T18:00:16.748+10:00,2147714,Sydney
Light rain showers and a gentle breeze,10,19,66,31,19,72,2024-06-09,17,Low chance of precipitation,1023,18,64,16:00,1,Good,10,Light Rain Showers,A gentle breeze from the south,S,S,Southerly,20,12,2024-06-02T07:00:00+10:00,2024-06-02T18:00:16.748+10:00,2147714,Sydney
Light rain showers and a gentle breeze,9,18,65,29,18,74,2024-06-09,19,Low chance of precipitation,1023,17,63,17:00,1,Good,9,Light Rain Showers,A gentle breeze from the south south west,SSW,SSW,South South Westerly,18,11,2024-06-02T07:00:00+10:00,2024-06-02T18:00:16.748+10:00,2147714,Sydney
Light rain showers and a gentle breeze,9,18,65,27,17,75,2024-06-09,18,Low chance of precipitation,1024,17,63,18:00,1,Good,9,Light Rain Showers,A gentle breeze from the south south west,SSW,SSW,South South Westerly,16,10,2024-06-02T07:00:00+10:00,2024-06-02T18:00:16.748+10:00,2147714,Sydney
Light rain showers and a gentle breeze,9,18,65,26,16,77,2024-06-09,17,Low chance of precipitation,1024,17,62,19:00,1,Good,9,Light Rain Showers,A gentle breeze from the south south west,SSW,SSW,South South Westerly,16,10,2024-06-02T07:00:00+10:00,2024-06-02T18:00:16.748+10:00,2147714,Sydney
Light rain showers and a gentle breeze,9,18,64,24,15,80,2024-06-09,17,Low chance of precipitation,1024,16,61,20:00,1,Good,9,Light Rain Showers,A gentle breeze from the south south west,SSW,SSW,South South Westerly,16,10,2024-06-02T07:00:00+10:00,2024-06-02T18:00:16.748+10:00,2147714,Sydney
Light rain showers and a gentle breeze,9,17,63,23,15,80,2024-06-09,18,Low chance of precipitation,1025,16,61,21:00,1,Good,9,Light Rain Showers,A gentle breeze from the south west,SW,SW,South Westerly,16,10,2024-06-02T07:00:00+10:00,2024-06-02T18:00:16.748+10:00,2147714,Sydney
Light rain showers and a gentle breeze,9,17,62,23,14,80,2024-06-09,18,Low chance of precipitation,1025,16,61,22:00,1,Good,9,Light Rain Showers,A gentle breeze from the west south west,WSW,WSW,West South Westerly,16,10,2024-06-02T07:00:00+10:00,2024-06-02T18:00:16.748+10:00,2147714,Sydney
Light rain showers and a gentle breeze,9,16,61,22,14,82,2024-06-09,16,Low chance of precipitation,1024,15,60,23:00,1,Good,9,Light Rain Showers,A gentle breeze from the west south west,WSW,WSW,West South Westerly,17,10,2024-06-02T07:00:00+10:00,2024-06-02T18:00:16.748+10:00,2147714,Sydney
Light rain showers and a gentle breeze,9,16,60,22,14,82,2024-06-10,16,Low chance of precipitation,1024,15,59,00:00,1,Good,9,Light Rain Showers,A gentle breeze from the west south west,WSW,WSW,West South Westerly,17,10,2024-06-02T07:00:00+10:00,2024-06-02T18:00:16.748+10:00,2147714,Sydney
Light rain showers and a gentle breeze,9,15,59,22,14,84,2024-06-10,16,Low chance of precipitation,1024,14,58,01:00,1,Good,9,Light Rain Showers,A gentle breeze from the west south west,WSW,WSW,West South Westerly,18,11,2024-06-02T07:00:00+10:00,2024-06-02T18:00:16.748+10:00,2147714,Sydney
Light rain showers and a gentle breeze,9,14,57,22,14,85,2024-06-10,15,Low chance of precipitation,1024,14,57,02:00,1,Good,9,Light Rain Showers,A gentle breeze from the west south west,WSW,WSW,West South Westerly,18,11,2024-06-02T07:00:00+10:00,2024-06-02T18:00:16.748+10:00,2147714,Sydney
Light rain showers and a gentle breeze,9,14,57,22,14,83,2024-06-10,14,Low chance of precipitation,1024,14,57,03:00,1,Good,9,Light Rain Showers,A gentle breeze from the west,W,W,Westerly,17,11,2024-06-02T07:00:00+10:00,2024-06-02T18:00:16.748+10:00,2147714,Sydney
Light rain showers and a gentle breeze,9,14,57,22,14,84,2024-06-10,14,Low chance of precipitation,1024,14,57,04:00,1,Good,9,Light Rain Showers,A gentle breeze from the west,W,W,Westerly,17,11,2024-06-02T07:00:00+10:00,2024-06-02T18:00:16.748+10:00,2147714,Sydney
Partly cloudy and a gentle breeze,2,13,55,21,13,85,2024-06-10,15,Low chance of precipitation,1024,13,56,05:00,1,Good,2,Partly Cloudy,A gentle breeze from the west,W,W,Westerly,18,11,2024-06-02T07:00:00+10:00,2024-06-02T18:00:16.748+10:00,2147714,Sydney
Partly cloudy and a gentle breeze,2,13,55,20,13,85,2024-06-10,15,Low chance of precipitation,1024,13,56,06:00,1,Good,2,Partly Cloudy,A gentle breeze from the west,W,W,Westerly,17,10,2024-06-02T18:00:16+10:00,2024-06-02T18:00:16.748+10:00,2147714,Sydney
Sunny intervals and a gentle breeze,3,13,55,20,12,86,2024-06-10,15,Low chance of precipitation,1024,13,55,07:00,1,Good,3,Sunny Intervals,A gentle breeze from the west north west,WNW,WNW,West North Westerly,16,10,2024-06-02T18:00:16+10:00,2024-06-02T18:00:16.748+10:00,2147714,Sydney
Sunny intervals and a gentle breeze,3,13,55,19,12,84,2024-06-10,14,Low chance of precipitation,1025,13,56,08:00,1,Good,3,Sunny Intervals,A gentle breeze from the west,W,W,Westerly,16,10,2024-06-02T18:00:16+10:00,2024-06-02T18:00:16.748+10:00,2147714,Sydney
Sunny intervals and a gentle breeze,3,14,57,19,12,83,2024-06-10,15,Low chance of precipitation,1025,14,57,09:00,1,Good,3,Sunny Intervals,A gentle breeze from the west,W,W,Westerly,16,10,2024-06-02T18:00:16+10:00,2024-06-02T18:00:16.748+10:00,2147714,Sydney
Sunny intervals and a gentle breeze,3,15,59,18,11,79,2024-06-10,15,Low chance of precipitation,1025,15,59,10:00,1,Good,3,Sunny Intervals,A gentle breeze from the west north west,WNW,WNW,West North Westerly,14,9,2024-06-02T18:00:16+10:00,2024-06-02T18:00:16.748+10:00,2147714,Sydney
Sunny intervals and a gentle breeze,3,17,62,17,10,76,2024-06-10,12,Low chance of precipitation,1024,16,61,11:00,1,Good,3,Sunny Intervals,A gentle breeze from the west,W,W,Westerly,12,8,2024-06-02T18:00:16+10:00,2024-06-02T18:00:16.748+10:00,2147714,Sydney
Sunny intervals and light winds,3,18,65,15,9,71,2024-06-10,11,Low chance of precipitation,1023,17,63,12:00,1,Good,3,Sunny Intervals,Light winds from the west,W,W,Westerly,12,7,2024-06-02T18:00:16+10:00,2024-06-02T18:00:16.748+10:00,2147714,Sydney
Sunny intervals and light winds,3,19,66,14,9,67,2024-06-10,11,Low chance of precipitation,1022,18,64,13:00,1,Good,3,Sunny Intervals,Light winds from the west,W,W,Westerly,10,6,2024-06-02T18:00:16+10:00,2024-06-02T18:00:16.748+10:00,2147714,Sydney
Sunny intervals and light winds,3,20,67,13,8,66,2024-06-10,8,Low chance of precipitation,1022,18,65,14:00,1,Good,3,Sunny Intervals,Light winds from the north west,NW,NW,North Westerly,10,6,2024-06-02T18:00:16+10:00,2024-06-02T18:00:16.748+10:00,2147714,Sydney
Sunny and light winds,1,19,67,12,8,66,2024-06-10,7,Low chance of precipitation,1021,18,65,15:00,1,Good,1,Sunny,Light winds from the west north west,WNW,WNW,West North Westerly,9,6,2024-06-02T18:00:16+10:00,2024-06-02T18:00:16.748+10:00,2147714,Sydney
Sunny and light winds,1,19,67,12,7,68,2024-06-10,7,Low chance of precipitation,1021,18,64,16:00,1,Good,1,Sunny,Light winds from the north west,NW,NW,North Westerly,8,5,2024-06-02T18:00:16+10:00,2024-06-02T18:00:16.748+10:00,2147714,Sydney
A clear sky and light winds,0,19,65,11,7,71,2024-06-10,0,Precipitation is not expected,1021,17,63,17:00,1,Good,0,Clear Sky,Light winds from the north west,NW,NW,North Westerly,7,5,2024-06-02T18:00:16+10:00,2024-06-02T18:00:16.748+10:00,2147714,Sydney
A clear sky and light winds,0,18,65,11,7,73,2024-06-10,0,Precipitation is not expected,1021,17,62,18:00,1,Good,0,Clear Sky,Light winds from the north west,NW,NW,North Westerly,7,4,2024-06-02T18:00:16+10:00,2024-06-02T18:00:16.748+10:00,2147714,Sydney
A clear sky and light winds,0,18,64,11,7,75,2024-06-10,0,Precipitation is not expected,1022,17,62,19:00,1,Good,0,Clear Sky,Light winds from the north west,NW,NW,North Westerly,8,5,2024-06-02T18:00:16+10:00,2024-06-02T18:00:16.748+10:00,2147714,Sydney
A clear sky and light winds,0,17,63,12,8,77,2024-06-10,0,Precipitation is not expected,1022,16,61,20:00,1,Good,0,Clear Sky,Light winds from the north west,NW,NW,North Westerly,10,6,2024-06-02T18:00:16+10:00,2024-06-02T18:00:16.748+10:00,2147714,Sydney
Partly cloudy and light winds,2,16,61,13,8,76,2024-06-10,0,Precipitation is not expected,1021,16,60,21:00,1,Moderate,2,Partly Cloudy,Light winds from the north west,NW,NW,North Westerly,11,7,2024-06-02T18:00:16+10:00,2024-06-02T18:00:16.748+10:00,2147714,Sydney
Partly cloudy and a gentle breeze,2,16,60,14,9,76,2024-06-10,0,Precipitation is not expected,1021,15,59,22:00,1,Moderate,2,Partly Cloudy,A gentle breeze from the north west,NW,NW,North Westerly,13,8,2024-06-02T18:00:16+10:00,2024-06-02T18:00:16.748+10:00,2147714,Sydney
Partly cloudy and a gentle breeze,2,15,59,14,9,77,2024-06-10,0,Precipitation is not expected,1021,15,59,23:00,1,Moderate,2,Partly Cloudy,A gentle breeze from the north west,NW,NW,North Westerly,14,9,2024-06-02T18:00:16+10:00,2024-06-02T18:00:16.748+10:00,2147714,Sydney
Partly cloudy and a gentle breeze,2,15,59,16,10,78,2024-06-11,0,Precipitation is not expected,1020,15,58,00:00,1,Good,2,Partly Cloudy,A gentle breeze from the west north west,WNW,WNW,West North Westerly,14,9,2024-06-02T18:00:16+10:00,2024-06-02T18:00:16.748+10:00,2147714,Sydney
Partly cloudy and a gentle breeze,2,14,57,16,10,79,2024-06-11,0,Precipitation is not expected,1020,14,57,01:00,1,Good,2,Partly Cloudy,A gentle breeze from the west north west,WNW,WNW,West North Westerly,16,10,2024-06-02T18:00:16+10:00,2024-06-02T18:00:16.748+10:00,2147714,Sydney
Partly cloudy and a gentle breeze,2,14,57,16,10,80,2024-06-11,0,Precipitation is not expected,1019,14,57,02:00,1,Good,2,Partly Cloudy,A gentle breeze from the west north west,WNW,WNW,West North Westerly,16,10,2024-06-02T18:00:16+10:00,2024-06-02T18:00:16.748+10:00,2147714,Sydney
A clear sky and a gentle breeze,0,14,57,16,10,80,2024-06-11,0,Precipitation is not expected,1019,14,57,03:00,1,Good,0,Clear Sky,A gentle breeze from the north west,NW,NW,North Westerly,16,10,2024-06-02T18:00:16+10:00,2024-06-02T18:00:16.748+10:00,2147714,Sydney
A clear sky and a gentle breeze,0,13,56,17,10,80,2024-06-11,0,Precipitation is not expected,1018,14,57,04:00,1,Good,0,Clear Sky,A gentle breeze from the north west,NW,NW,North Westerly,16,10,2024-06-02T18:00:16+10:00,2024-06-02T18:00:16.748+10:00,2147714,Sydney
Partly cloudy and a gentle breeze,2,13,55,17,10,81,2024-06-11,0,Precipitation is not expected,1018,13,56,05:00,1,Good,2,Partly Cloudy,A gentle breeze from the north west,NW,NW,North Westerly,17,10,2024-06-02T18:00:16+10:00,2024-06-02T18:00:16.748+10:00,2147714,Sydney
Partly cloudy and a gentle breeze,2,13,55,17,11,80,2024-06-11,0,Precipitation is not expected,1018,13,56,06:00,1,Good,2,Partly Cloudy,A gentle breeze from the north west,NW,NW,North Westerly,17,10,2024-06-02T18:00:16+10:00,2024-06-02T18:00:16.748+10:00,2147714,Sydney
Sunny intervals and a gentle breeze,3,13,55,18,11,80,2024-06-11,0,Precipitation is not expected,1018,13,56,07:00,1,Good,3,Sunny Intervals,A gentle breeze from the north west,NW,NW,North Westerly,17,10,2024-06-02T18:00:16+10:00,2024-06-02T18:00:16.748+10:00,2147714,Sydney
Sunny intervals and a gentle breeze,3,13,56,19,12,77,2024-06-11,0,Precipitation is not expected,1018,14,57,08:00,1,Good,3,Sunny Intervals,A gentle breeze from the north west,NW,NW,North Westerly,17,11,2024-06-02T18:00:16+10:00,2024-06-02T18:00:16.748+10:00,2147714,Sydney
Sunny intervals and a gentle breeze,3,15,58,20,12,76,2024-06-11,0,Precipitation is not expected,1018,15,58,09:00,1,Good,3,Sunny Intervals,A gentle breeze from the north west,NW,NW,North Westerly,18,11,2024-06-02T18:00:16+10:00,2024-06-02T18:00:16.748+10:00,2147714,Sydney
Sunny intervals and a gentle breeze,3,16,60,22,14,72,2024-06-11,0,Precipitation is not expected,1018,15,60,10:00,1,Good,3,Sunny Intervals,A gentle breeze from the north west,NW,NW,North Westerly,17,11,2024-06-02T18:00:16+10:00,2024-06-02T18:00:16.748+10:00,2147714,Sydney
Sunny intervals and a gentle breeze,3,17,63,24,15,69,2024-06-11,0,Precipitation is not expected,1017,17,62,11:00,1,Good,3,Sunny Intervals,A gentle breeze from the north west,NW,NW,North Westerly,16,10,2024-06-02T18:00:16+10:00,2024-06-02T18:00:16.748+10:00,2147714,Sydney
Sunny intervals and a gentle breeze,3,19,66,27,17,65,2024-06-11,0,Precipitation is not expected,1015,18,64,12:00,1,Good,3,Sunny Intervals,A gentle breeze from the west north west,WNW,WNW,West North Westerly,16,10,2024-06-02T18:00:16+10:00,2024-06-02T18:00:16.748+10:00,2147714,Sydney
Sunny intervals and a gentle breeze,3,20,68,26,16,61,2024-06-11,0,Precipitation is not expected,1014,19,66,13:00,1,Good,3,Sunny Intervals,A gentle breeze from the north west,NW,NW,North Westerly,15,9,2024-06-02T18:00:16+10:00,2024-06-02T18:00:16.748+10:00,2147714,Sydney
Sunny intervals and a gentle breeze,3,21,69,26,16,60,2024-06-11,0,Precipitation is not expected,1014,19,67,14:00,1,Good,3,Sunny Intervals,A gentle breeze from the north west,NW,NW,North Westerly,14,9,2024-06-02T18:00:16+10:00,2024-06-02T18:00:16.748+10:00,2147714,Sydney
Sunny and a gentle breeze,1,21,69,25,16,60,2024-06-11,10,Low chance of precipitation,1014,19,67,15:00,1,Good,1,Sunny,A gentle breeze from the north west,NW,NW,North Westerly,13,8,2024-06-02T18:00:16+10:00,2024-06-02T18:00:16.748+10:00,2147714,Sydney
Sunny and light winds,1,20,68,23,14,63,2024-06-11,10,Low chance of precipitation,1013,19,66,16:00,1,Good,1,Sunny,Light winds from the north west,NW,NW,North Westerly,12,7,2024-06-02T18:00:16+10:00,2024-06-02T18:00:16.748+10:00,2147714,Sydney
A clear sky and a gentle breeze,0,19,67,21,13,66,2024-06-11,0,Precipitation is not expected,1013,18,65,17:00,1,Good,0,Clear Sky,A gentle breeze from the north west,NW,NW,North Westerly,12,8,2024-06-02T18:00:16+10:00,2024-06-02T18:00:16.748+10:00,2147714,Sydney
A clear sky and a gentle breeze,0,19,66,18,11,67,2024-06-11,0,Precipitation is not expected,1014,18,64,18:00,1,Good,0,Clear Sky,A gentle breeze from the north west,NW,NW,North Westerly,12,8,2024-06-02T18:00:16+10:00,2024-06-02T18:00:16.748+10:00,2147714,Sydney
A clear sky and a gentle breeze,0,18,65,19,12,70,2024-06-11,0,Precipitation is not expected,1014,17,63,19:00,1,Good,0,Clear Sky,A gentle breeze from the west north west,WNW,WNW,West North Westerly,13,8,2024-06-02T18:00:16+10:00,2024-06-02T18:00:16.748+10:00,2147714,Sydney
A clear sky and a gentle breeze,0,17,63,20,13,72,2024-06-11,0,Precipitation is not expected,1014,17,62,20:00,1,Good,0,Clear Sky,A gentle breeze from the west north west,WNW,WNW,West North Westerly,15,9,2024-06-02T18:00:16+10:00,2024-06-02T18:00:16.748+10:00,2147714,Sydney
A clear sky and a gentle breeze,0,17,62,21,13,72,2024-06-11,0,Precipitation is not expected,1014,16,61,21:00,1,Good,0,Clear Sky,A gentle breeze from the west north west,WNW,WNW,West North Westerly,17,10,2024-06-02T18:00:16+10:00,2024-06-02T18:00:16.748+10:00,2147714,Sydney
A clear sky and a gentle breeze,0,16,61,25,15,72,2024-06-11,0,Precipitation is not expected,1014,16,60,22:00,1,Good,0,Clear Sky,A gentle breeze from the west north west,WNW,WNW,West North Westerly,18,11,2024-06-02T18:00:16+10:00,2024-06-02T18:00:16.748+10:00,2147714,Sydney
A clear sky and a gentle breeze,0,15,59,29,18,72,2024-06-11,0,Precipitation is not expected,1014,15,59,23:00,1,Good,0,Clear Sky,A gentle breeze from the west north west,WNW,WNW,West North Westerly,19,12,2024-06-02T18:00:16+10:00,2024-06-02T18:00:16.748+10:00,2147714,Sydney
A clear sky and a gentle breeze,0,15,59,32,20,72,2024-06-12,0,Precipitation is not expected,1013,15,59,00:00,1,Good,0,Clear Sky,A gentle breeze from the west north west,WNW,WNW,West North Westerly,19,12,2024-06-02T18:00:16+10:00,2024-06-02T18:00:16.748+10:00,2147714,Sydney
A clear sky and a moderate breeze,0,14,58,39,24,73,2024-06-12,0,Precipitation is not expected,1013,15,58,01:00,1,Good,0,Clear Sky,A moderate breeze from the west north west,WNW,WNW,West North Westerly,21,13,2024-06-02T18:00:16+10:00,2024-06-02T18:00:16.748+10:00,2147714,Sydney
A clear sky and a moderate breeze,0,14,57,46,29,74,2024-06-12,0,Precipitation is not expected,1013,14,57,02:00,1,Good,0,Clear Sky,A moderate breeze from the west north west,WNW,WNW,West North Westerly,22,13,2024-06-02T18:00:16+10:00,2024-06-02T18:00:16.748+10:00,2147714,Sydney
A clear sky and a moderate breeze,0,13,56,53,33,73,2024-06-12,0,Precipitation is not expected,1012,14,57,03:00,1,Good,0,Clear Sky,A moderate breeze from the west north west,WNW,WNW,West North Westerly,22,14,2024-06-02T18:00:16+10:00,2024-06-02T18:00:16.748+10:00,2147714,Sydney
A clear sky and a moderate breeze,0,13,55,50,31,75,2024-06-12,0,Precipitation is not expected,1012,14,57,04:00,1,Good,0,Clear Sky,A moderate breeze from the west north west,WNW,WNW,West North Westerly,23,14,2024-06-02T18:00:16+10:00,2024-06-02T18:00:16.748+10:00,2147714,Sydney
A clear sky and a moderate breeze,0,12,54,48,30,75,2024-06-12,0,Precipitation is not expected,1012,13,56,05:00,1,Good,0,Clear Sky,A moderate breeze from the west north west,WNW,WNW,West North Westerly,23,14,2024-06-02T18:00:16+10:00,2024-06-02T18:00:16.748+10:00,2147714,Sydney
A clear sky and a moderate breeze,0,12,54,45,28,73,2024-06-12,0,Precipitation is not expected,1012,13,56,06:00,1,Good,0,Clear Sky,A moderate breeze from the west north west,WNW,WNW,West North Westerly,23,14,2024-06-02T18:00:16+10:00,2024-06-02T18:00:16.748+10:00,2147714,Sydney
Sunny and a moderate breeze,1,12,54,42,26,73,2024-06-12,0,Precipitation is not expected,1013,13,55,07:00,1,Good,1,Sunny,A moderate breeze from the west north west,WNW,WNW,West North Westerly,23,14,2024-06-02T18:00:16+10:00,2024-06-02T18:00:16.748+10:00,2147714,Sydney
Sunny and a moderate breeze,1,12,54,38,24,71,2024-06-12,0,Precipitation is not expected,1013,13,56,08:00,1,Good,1,Sunny,A moderate breeze from the west north west,WNW,WNW,West North Westerly,23,14,2024-06-02T18:00:16+10:00,2024-06-02T18:00:16.748+10:00,2147714,Sydney
Sunny and a moderate breeze,1,13,56,34,21,68,2024-06-12,0,Precipitation is not expected,1013,14,57,09:00,1,Good,1,Sunny,A moderate breeze from the west north west,WNW,WNW,West North Westerly,23,14,2024-06-02T18:00:16+10:00,2024-06-02T18:00:16.748+10:00,2147714,Sydney
Sunny and a moderate breeze,1,14,58,34,21,65,2024-06-12,0,Precipitation is not expected,1014,15,59,10:00,1,Good,1,Sunny,A moderate breeze from the west,W,W,Westerly,22,14,2024-06-02T18:00:16+10:00,2024-06-02T18:00:16.748+10:00,2147714,Sydney
Sunny intervals and a moderate breeze,3,15,60,33,21,61,2024-06-12,0,Precipitation is not expected,1013,16,60,11:00,1,Good,3,Sunny Intervals,A moderate breeze from the west,W,W,Westerly,20,13,2024-06-02T18:00:16+10:00,2024-06-02T18:00:16.748+10:00,2147714,Sydney
Sunny intervals and a gentle breeze,3,17,62,33,20,58,2024-06-12,0,Precipitation is not expected,1013,17,62,12:00,1,Good,3,Sunny Intervals,A gentle breeze from the west,W,W,Westerly,20,12,2024-06-02T18:00:16+10:00,2024-06-02T18:00:16.748+10:00,2147714,Sydney
Sunny intervals and a gentle breeze,3,17,63,33,21,54,2024-06-12,0,Precipitation is not expected,1012,17,63,13:00,1,Good,3,Sunny Intervals,A gentle breeze from the west,W,W,Westerly,18,11,2024-06-02T18:00:16+10:00,2024-06-02T18:00:16.748+10:00,2147714,Sydney
Sunny intervals and a gentle breeze,3,18,64,34,21,53,2024-06-12,0,Precipitation is not expected,1012,18,64,14:00,1,Good,3,Sunny Intervals,A gentle breeze from the west,W,W,Westerly,18,11,2024-06-02T18:00:16+10:00,2024-06-02T18:00:16.748+10:00,2147714,Sydney
Sunny intervals and a gentle breeze,3,18,64,34,21,53,2024-06-12,0,Precipitation is not expected,1012,18,64,15:00,1,Good,3,Sunny Intervals,A gentle breeze from the west,W,W,Westerly,17,11,2024-06-02T18:00:16+10:00,2024-06-02T18:00:16.748+10:00,2147714,Sydney
Sunny and a gentle breeze,1,17,63,34,21,55,2024-06-12,0,Precipitation is not expected,1012,17,63,16:00,1,Good,1,Sunny,A gentle breeze from the west,W,W,Westerly,16,10,2024-06-02T18:00:16+10:00,2024-06-02T18:00:16.748+10:00,2147714,Sydney
A clear sky and a gentle breeze,0,16,62,34,21,58,2024-06-12,0,Precipitation is not expected,1012,17,62,17:00,1,Good,0,Clear Sky,A gentle breeze from the west,W,W,Westerly,16,10,2024-06-02T18:00:16+10:00,2024-06-02T18:00:16.748+10:00,2147714,Sydney
A clear sky and a gentle breeze,0,16,61,34,21,59,2024-06-12,0,Precipitation is not expected,1013,16,61,18:00,1,Good,0,Clear Sky,A gentle breeze from the west north west,WNW,WNW,West North Westerly,15,9,2024-06-02T18:00:16+10:00,2024-06-02T18:00:16.748+10:00,2147714,Sydney
A clear sky and a gentle breeze,0,15,60,35,22,62,2024-06-12,0,Precipitation is not expected,1013,16,60,19:00,1,Good,0,Clear Sky,A gentle breeze from the west north west,WNW,WNW,West North Westerly,16,10,2024-06-02T18:00:16+10:00,2024-06-02T18:00:16.748+10:00,2147714,Sydney
A clear sky and a gentle breeze,0,15,59,36,22,65,2024-06-12,0,Precipitation is not expected,1014,15,59,20:00,1,Good,0,Clear Sky,A gentle breeze from the west north west,WNW,WNW,West North Westerly,18,11,2024-06-02T18:00:16+10:00,2024-06-02T18:00:16.748+10:00,2147714,Sydney
Partly cloudy and a gentle breeze,2,14,57,37,23,65,2024-06-12,0,Precipitation is not expected,1014,15,58,21:00,1,Good,2,Partly Cloudy,A gentle breeze from the west north west,WNW,WNW,West North Westerly,20,12,2024-06-02T18:00:16+10:00,2024-06-02T18:00:16.748+10:00,2147714,Sydney
Partly cloudy and a moderate breeze,2,13,56,37,23,66,2024-06-12,0,Precipitation is not expected,1014,14,57,22:00,1,Good,2,Partly Cloudy,A moderate breeze from the west north west,WNW,WNW,West North Westerly,21,13,2024-06-02T18:00:16+10:00,2024-06-02T18:00:16.748+10:00,2147714,Sydney
A clear sky and a moderate breeze,0,13,55,36,23,68,2024-06-12,0,Precipitation is not expected,1014,14,57,23:00,1,Good,0,Clear Sky,A moderate breeze from the west north west,WNW,WNW,West North Westerly,21,13,2024-06-02T18:00:16+10:00,2024-06-02T18:00:16.748+10:00,2147714,Sydney
A clear sky and a moderate breeze,0,13,55,36,22,69,2024-06-13,0,Precipitation is not expected,1014,13,56,00:00,1,Good,0,Clear Sky,A moderate breeze from the west north west,WNW,WNW,West North Westerly,20,13,2024-06-02T18:00:16+10:00,2024-06-02T18:00:16.748+10:00,2147714,Sydney
A clear sky and a moderate breeze,0,12,54,33,21,71,2024-06-13,0,Precipitation is not expected,1014,13,56,01:00,1,Good,0,Clear Sky,A moderate breeze from the west north west,WNW,WNW,West North Westerly,22,13,2024-06-02T18:00:16+10:00,2024-06-02T18:00:16.748+10:00,2147714,Sydney
A clear sky and a moderate breeze,0,11,53,30,19,72,2024-06-13,0,Precipitation is not expected,1014,13,55,02:00,1,Good,0,Clear Sky,A moderate breeze from the west north west,WNW,WNW,West North Westerly,21,13,2024-06-02T18:00:16+10:00,2024-06-02T18:00:16.748+10:00,2147714,Sydney
A clear sky and a gentle breeze,0,12,53,27,17,71,2024-06-13,0,Precipitation is not expected,1014,13,55,03:00,1,Good,0,Clear Sky,A gentle breeze from the west north west,WNW,WNW,West North Westerly,20,12,2024-06-02T18:00:16+10:00,2024-06-02T18:00:16.748+10:00,2147714,Sydney
A clear sky and a gentle breeze,0,11,52,27,17,72,2024-06-13,0,Precipitation is not expected,1014,12,54,04:00,1,Good,0,Clear Sky,A gentle breeze from the west north west,WNW,WNW,West North Westerly,19,12,2024-06-02T18:00:16+10:00,2024-06-02T18:00:16.748+10:00,2147714,Sydney
A clear sky and a gentle breeze,0,11,51,26,16,73,2024-06-13,0,Precipitation is not expected,1014,12,53,05:00,1,Good,0,Clear Sky,A gentle breeze from the west north west,WNW,WNW,West North Westerly,20,12,2024-06-02T18:00:16+10:00,2024-06-02T18:00:16.748+10:00,2147714,Sydney
A clear sky and a gentle breeze,0,11,51,26,16,72,2024-06-13,0,Precipitation is not expected,1014,12,53,06:00,1,Good,0,Clear Sky,A gentle breeze from the west north west,WNW,WNW,West North Westerly,20,12,2024-06-02T18:00:16+10:00,2024-06-02T18:00:16.748+10:00,2147714,Sydney
Sunny and a gentle breeze,1,10,51,27,17,73,2024-06-13,0,Precipitation is not expected,1015,12,53,07:00,1,Good,1,Sunny,A gentle breeze from the west north west,WNW,WNW,West North Westerly,20,12,2024-06-02T18:00:16+10:00,2024-06-02T18:00:16.748+10:00,2147714,Sydney
Sunny and a moderate breeze,1,11,51,29,18,70,2024-06-13,0,Precipitation is not expected,1015,12,54,08:00,1,Good,1,Sunny,A moderate breeze from the west north west,WNW,WNW,West North Westerly,20,13,2024-06-02T18:00:16+10:00,2024-06-02T18:00:16.748+10:00,2147714,Sydney
Sunny intervals and a moderate breeze,3,12,53,30,19,68,2024-06-13,0,Precipitation is not expected,1015,13,55,09:00,1,Good,3,Sunny Intervals,A moderate breeze from the west north west,WNW,WNW,West North Westerly,21,13,2024-06-02T18:00:16+10:00,2024-06-02T18:00:16.748+10:00,2147714,Sydney
Sunny intervals and a moderate breeze,3,13,56,34,21,64,2024-06-13,0,Precipitation is not expected,1015,14,57,10:00,1,Good,3,Sunny Intervals,A moderate breeze from the west,W,W,Westerly,20,13,2024-06-02T18:00:16+10:00,2024-06-02T18:00:16.748+10:00,2147714,Sydney
Sunny intervals and a gentle breeze,3,15,58,37,23,61,2024-06-13,0,Precipitation is not expected,1015,15,59,11:00,1,Good,3,Sunny Intervals,A gentle breeze from the west,W,W,Westerly,19,12,2024-06-02T18:00:16+10:00,2024-06-02T18:00:16.748+10:00,2147714,Sydney
Sunny intervals and a gentle breeze,3,16,61,40,25,58,2024-06-13,0,Precipitation is not expected,1015,16,61,12:00,1,Good,3,Sunny Intervals,A gentle breeze from the west,W,W,Westerly,19,12,2024-06-02T18:00:16+10:00,2024-06-02T18:00:16.748+10:00,2147714,Sydney
Sunny intervals and a gentle breeze,3,16,61,42,26,55,2024-06-13,0,Precipitation is not expected,1014,17,62,13:00,1,Good,3,Sunny Intervals,A gentle breeze from the west,W,W,Westerly,19,12,2024-06-02T18:00:16+10:00,2024-06-02T18:00:16.748+10:00,2147714,Sydney
Sunny intervals and a gentle breeze,3,17,63,45,28,54,2024-06-13,0,Precipitation is not expected,1014,17,63,14:00,1,Good,3,Sunny Intervals,A gentle breeze from the west,W,W,Westerly,19,12,2024-06-02T18:00:16+10:00,2024-06-02T18:00:16.748+10:00,2147714,Sydney
Sunny intervals and a gentle breeze,3,17,62,47,29,54,2024-06-13,0,Precipitation is not expected,1014,17,62,15:00,1,Good,3,Sunny Intervals,A gentle breeze from the west,W,W,Westerly,19,12,2024-06-02T18:00:16+10:00,2024-06-02T18:00:16.748+10:00,2147714,Sydney
Sunny and a gentle breeze,1,16,61,44,28,56,2024-06-13,0,Precipitation is not expected,1014,16,61,16:00,1,Good,1,Sunny,A gentle breeze from the west,W,W,Westerly,19,12,2024-06-02T18:00:16+10:00,2024-06-02T18:00:16.748+10:00,2147714,Sydney
A clear sky and a gentle breeze,0,15,59,42,26,58,2024-06-13,0,Precipitation is not expected,1014,16,60,17:00,1,Good,0,Clear Sky,A gentle breeze from the west,W,W,Westerly,18,11,2024-06-02T18:00:16+10:00,2024-06-02T18:00:16.748+10:00,2147714,Sydney
A clear sky and a gentle breeze,0,15,59,42,26,60,2024-06-13,0,Precipitation is not expected,1015,15,59,18:00,1,Good,0,Clear Sky,A gentle breeze from the west,W,W,Westerly,17,10,2024-06-02T18:00:16+10:00,2024-06-02T18:00:16.748+10:00,2147714,Sydney
A clear sky and a gentle breeze,0,15,58,41,25,63,2024-06-13,0,Precipitation is not expected,1015,15,59,19:00,1,Good,0,Clear Sky,A gentle breeze from the west,W,W,Westerly,17,11,2024-06-02T18:00:16+10:00,2024-06-02T18:00:16.748+10:00,2147714,Sydney
A clear sky and a gentle breeze,0,14,57,40,25,65,2024-06-13,0,Precipitation is not expected,1016,14,58,20:00,1,Good,0,Clear Sky,A gentle breeze from the west,W,W,Westerly,19,12,2024-06-02T18:00:16+10:00,2024-06-02T18:00:16.748+10:00,2147714,Sydney
A clear sky and a gentle breeze,0,13,56,39,24,65,2024-06-13,0,Precipitation is not expected,1016,14,57,21:00,1,Good,0,Clear Sky,A gentle breeze from the west,W,W,Westerly,19,12,2024-06-02T18:00:16+10:00,2024-06-02T18:00:16.748+10:00,2147714,Sydney
A clear sky and a moderate breeze,0,13,55,40,25,67,2024-06-13,0,Precipitation is not expected,1017,14,57,22:00,1,Good,0,Clear Sky,A moderate breeze from the west,W,W,Westerly,21,13,2024-06-02T18:00:16+10:00,2024-06-02T18:00:16.748+10:00,2147714,Sydney
A clear sky and a moderate breeze,0,12,54,41,26,67,2024-06-13,0,Precipitation is not expected,1016,13,56,23:00,1,Good,0,Clear Sky,A moderate breeze from the west,W,W,Westerly,22,13,2024-06-02T18:00:16+10:00,2024-06-02T18:00:16.748+10:00,2147714,Sydney
A clear sky and a moderate breeze,0,12,53,42,26,68,2024-06-14,0,Precipitation is not expected,1016,13,55,00:00,1,Good,0,Clear Sky,A moderate breeze from the west,W,W,Westerly,22,13,2024-06-02T18:00:16+10:00,2024-06-02T18:00:16.748+10:00,2147714,Sydney
A clear sky and a moderate breeze,0,11,53,44,27,70,2024-06-14,0,Precipitation is not expected,1016,13,55,01:00,1,Good,0,Clear Sky,A moderate breeze from the west,W,W,Westerly,23,14,2024-06-02T18:00:16+10:00,2024-06-02T18:00:16.748+10:00,2147714,Sydney
A clear sky and a moderate breeze,0,11,51,44,28,71,2024-06-14,0,Precipitation is not expected,1016,12,54,02:00,1,Good,0,Clear Sky,A moderate breeze from the west,W,W,Westerly,23,14,2024-06-02T18:00:16+10:00,2024-06-02T18:00:16.748+10:00,2147714,Sydney
A clear sky and a moderate breeze,0,11,51,45,28,71,2024-06-14,0,Precipitation is not expected,1016,12,54,03:00,1,Good,0,Clear Sky,A moderate breeze from the west,W,W,Westerly,22,14,2024-06-02T18:00:16+10:00,2024-06-02T18:00:16.748+10:00,2147714,Sydney
A clear sky and a moderate breeze,0,11,51,40,25,71,2024-06-14,0,Precipitation is not expected,1016,12,53,04:00,1,Good,0,Clear Sky,A moderate breeze from the west,W,W,Westerly,22,14,2024-06-02T18:00:16+10:00,2024-06-02T18:00:16.748+10:00,2147714,Sydney
A clear sky and a moderate breeze,0,10,50,35,22,71,2024-06-14,0,Precipitation is not expected,1016,11,53,05:00,1,Good,0,Clear Sky,A moderate breeze from the west,W,W,Westerly,22,14,2024-06-02T18:00:16+10:00,2024-06-02T18:00:16.748+10:00,2147714,Sydney
A clear sky and a moderate breeze,0,10,50,30,19,71,2024-06-14,0,Precipitation is not expected,1016,11,53,06:00,1,Good,0,Clear Sky,A moderate breeze from the west,W,W,Westerly,22,13,2024-06-02T18:00:16+10:00,2024-06-02T18:00:16.748+10:00,2147714,Sydney
Sunny and a moderate breeze,1,10,49,33,20,72,2024-06-14,0,Precipitation is not expected,1017,11,52,07:00,1,Good,1,Sunny,A moderate breeze from the west,W,W,Westerly,22,13,2024-06-02T18:00:16+10:00,2024-06-02T18:00:16.748+10:00,2147714,Sydney
Sunny and a moderate breeze,1,10,50,35,22,70,2024-06-14,0,Precipitation is not expected,1017,12,53,08:00,1,Good,1,Sunny,A moderate breeze from the west,W,W,Westerly,21,13,2024-06-02T18:00:16+10:00,2024-06-02T18:00:16.748+10:00,2147714,Sydney
Sunny intervals and a moderate breeze,3,11,52,37,23,68,2024-06-14,0,Precipitation is not expected,1017,12,54,09:00,1,Good,3,Sunny Intervals,A moderate breeze from the west,W,W,Westerly,22,14,2024-06-02T18:00:16+10:00,2024-06-02T18:00:16.748+10:00,2147714,Sydney
Light cloud and a moderate breeze,7,13,55,37,23,65,2024-06-14,0,Precipitation is not expected,1017,13,56,10:00,1,Good,7,Light Cloud,A moderate breeze from the west,W,W,Westerly,21,13,2024-06-02T18:00:16+10:00,2024-06-02T18:00:16.748+10:00,2147714,Sydney
Light cloud and a gentle breeze,7,14,57,37,23,62,2024-06-14,0,Precipitation is not expected,1017,14,58,11:00,1,Good,7,Light Cloud,A gentle breeze from the west,W,W,Westerly,19,12,2024-06-02T18:00:16+10:00,2024-06-02T18:00:16.748+10:00,2147714,Sydney
Light cloud and a gentle breeze,7,15,59,37,23,58,2024-06-14,0,Precipitation is not expected,1017,15,60,12:00,1,Good,7,Light Cloud,A gentle breeze from the west south west,WSW,WSW,West South Westerly,19,12,2024-06-02T18:00:16+10:00,2024-06-02T18:00:16.748+10:00,2147714,Sydney
Light cloud and a gentle breeze,7,16,60,38,23,56,2024-06-14,0,Precipitation is not expected,1016,16,61,13:00,1,Good,7,Light Cloud,A gentle breeze from the west south west,WSW,WSW,West South Westerly,18,11,2024-06-02T18:00:16+10:00,2024-06-02T18:00:16.748+10:00,2147714,Sydney
Sunny intervals and a gentle breeze,3,16,61,38,24,56,2024-06-14,6,Low chance of precipitation,1016,16,61,14:00,1,Good,3,Sunny Intervals,A gentle breeze from the west south west,WSW,WSW,West South Westerly,18,11,2024-06-02T18:00:16+10:00,2024-06-02T18:00:16.748+10:00,2147714,Sydney
Sunny intervals and a gentle breeze,3,16,60,39,24,56,2024-06-14,5,Low chance of precipitation,1016,16,61,15:00,1,Good,3,Sunny Intervals,A gentle breeze from the west south west,WSW,WSW,West South Westerly,18,11,2024-06-02T18:00:16+10:00,2024-06-02T18:00:16.748+10:00,2147714,Sydney
Sunny and a gentle breeze,1,15,59,39,24,59,2024-06-14,4,Low chance of precipitation,1016,16,60,16:00,1,Good,1,Sunny,A gentle breeze from the west south west,WSW,WSW,West South Westerly,18,11,2024-06-02T18:00:16+10:00,2024-06-02T18:00:16.748+10:00,2147714,Sydney
A clear sky and a gentle breeze,0,15,59,38,24,62,2024-06-14,6,Low chance of precipitation,1017,15,59,17:00,1,Good,0,Clear Sky,A gentle breeze from the west south west,WSW,WSW,West South Westerly,17,11,2024-06-02T18:00:16+10:00,2024-06-02T18:00:16.748+10:00,2147714,Sydney
A clear sky and a gentle breeze,0,14,58,38,24,65,2024-06-14,5,Low chance of precipitation,1018,15,58,18:00,1,Good,0,Clear Sky,A gentle breeze from the west,W,W,Westerly,16,10,2024-06-02T18:00:16+10:00,2024-06-02T18:00:16.748+10:00,2147714,Sydney
A clear sky and a gentle breeze,0,14,57,39,25,67,2024-06-14,5,Low chance of precipitation,1018,14,58,19:00,1,Good,0,Clear Sky,A gentle breeze from the west,W,W,Westerly,17,11,2024-06-02T18:00:16+10:00,2024-06-02T18:00:16.748+10:00,2147714,Sydney
A clear sky and a gentle breeze,0,13,56,41,25,70,2024-06-14,0,Precipitation is not expected,1019,14,57,20:00,1,Good,0,Clear Sky,A gentle breeze from the west,W,W,Westerly,18,11,2024-06-02T18:00:16+10:00,2024-06-02T18:00:16.748+10:00,2147714,Sydney
A clear sky and a gentle breeze,0,13,55,42,26,70,2024-06-14,0,Precipitation is not expected,1019,14,57,21:00,1,Good,0,Clear Sky,A gentle breeze from the west,W,W,Westerly,19,12,2024-06-02T18:00:16+10:00,2024-06-02T18:00:16.748+10:00,2147714,Sydney
A clear sky and a moderate breeze,0,12,54,41,25,70,2024-06-14,0,Precipitation is not expected,1020,13,56,22:00,1,Good,0,Clear Sky,A moderate breeze from the west,W,W,Westerly,21,13,2024-06-02T18:00:16+10:00,2024-06-02T18:00:16.748+10:00,2147714,Sydney
A clear sky and a moderate breeze,0,12,53,39,24,70,2024-06-14,0,Precipitation is not expected,1020,13,55,23:00,1,Good,0,Clear Sky,A moderate breeze from the west,W,W,Westerly,21,13,2024-06-02T18:00:16+10:00,2024-06-02T18:00:16.748+10:00,2147714,Sydney
A clear sky and a moderate breeze,0,11,53,37,23,72,2024-06-15,0,Precipitation is not expected,1020,13,55,00:00,1,Good,0,Clear Sky,A moderate breeze from the west,W,W,Westerly,21,13,2024-06-02T18:00:16+10:00,2024-06-02T18:00:16.748+10:00,2147714,Sydney
A clear sky and a moderate breeze,0,11,51,37,23,73,2024-06-15,0,Precipitation is not expected,1020,12,54,01:00,1,Good,0,Clear Sky,A moderate breeze from the west,W,W,Westerly,22,14,2024-06-02T18:00:16+10:00,2024-06-02T18:00:16.748+10:00,2147714,Sydney
A clear sky and a moderate breeze,0,10,50,36,22,73,2024-06-15,0,Precipitation is not expected,1020,12,53,02:00,1,Good,0,Clear Sky,A moderate breeze from the west,W,W,Westerly,22,14,2024-06-02T18:00:16+10:00,2024-06-02T18:00:16.748+10:00,2147714,Sydney
A clear sky and a moderate breeze,0,10,50,35,22,73,2024-06-15,0,Precipitation is not expected,1020,11,53,03:00,1,Good,0,Clear Sky,A moderate breeze from the west,W,W,Westerly,21,13,2024-06-02T18:00:16+10:00,2024-06-02T18:00:16.748+10:00,2147714,Sydney
A clear sky and a moderate breeze,0,9,49,34,21,74,2024-06-15,0,Precipitation is not expected,1020,11,52,04:00,1,Good,0,Clear Sky,A moderate breeze from the west,W,W,Westerly,21,13,2024-06-02T18:00:16+10:00,2024-06-02T18:00:16.748+10:00,2147714,Sydney
A clear sky and a moderate breeze,0,9,49,32,20,75,2024-06-15,0,Precipitation is not expected,1020,11,51,05:00,1,Good,0,Clear Sky,A moderate breeze from the west,W,W,Westerly,21,13,2024-06-02T18:00:16+10:00,2024-06-02T18:00:16.748+10:00,2147714,Sydney
A clear sky and a moderate breeze,0,9,48,31,19,74,2024-06-15,0,Precipitation is not expected,1020,11,51,06:00,1,Good,0,Clear Sky,A moderate breeze from the west,W,W,Westerly,21,13,2024-06-02T18:00:16+10:00,2024-06-02T18:00:16.748+10:00,2147714,Sydney
Sunny and a moderate breeze,1,9,48,33,21,76,2024-06-15,0,Precipitation is not expected,1021,11,51,07:00,1,Good,1,Sunny,A moderate breeze from the west,W,W,Westerly,21,13,2024-06-02T18:00:16+10:00,2024-06-02T18:00:16.748+10:00,2147714,Sydney
Sunny and a moderate breeze,1,9,49,36,22,74,2024-06-15,0,Precipitation is not expected,1021,11,52,08:00,1,Good,1,Sunny,A moderate breeze from the west,W,W,Westerly,21,13,2024-06-02T18:00:16+10:00,2024-06-02T18:00:16.748+10:00,2147714,Sydney
Sunny intervals and a moderate breeze,3,11,51,38,24,71,2024-06-15,0,Precipitation is not expected,1022,12,54,09:00,1,Good,3,Sunny Intervals,A moderate breeze from the west,W,W,Westerly,22,13,2024-06-02T18:00:16+10:00,2024-06-02T18:00:16.748+10:00,2147714,Sydney
Sunny intervals and a moderate breeze,3,12,54,40,25,69,2024-06-15,0,Precipitation is not expected,1022,13,56,10:00,1,Good,3,Sunny Intervals,A moderate breeze from the west south west,WSW,WSW,West South Westerly,21,13,2024-06-02T18:00:16+10:00,2024-06-02T18:00:16.748+10:00,2147714,Sydney
Sunny intervals and a moderate breeze,3,13,56,42,26,65,2024-06-15,5,Low chance of precipitation,1022,14,57,11:00,1,Good,3,Sunny Intervals,A moderate breeze from the west south west,WSW,WSW,West South Westerly,22,13,2024-06-02T18:00:16+10:00,2024-06-02T18:00:16.748+10:00,2147714,Sydney
Sunny intervals and a moderate breeze,3,15,58,43,27,63,2024-06-15,4,Low chance of precipitation,1021,15,59,12:00,1,Good,3,Sunny Intervals,A moderate breeze from the west south west,WSW,WSW,West South Westerly,22,14,2024-06-02T18:00:16+10:00,2024-06-02T18:00:16.748+10:00,2147714,Sydney
Sunny intervals and a moderate breeze,3,15,59,45,28,61,2024-06-15,5,Low chance of precipitation,1021,16,60,13:00,1,Good,3,Sunny Intervals,A moderate breeze from the west south west,WSW,WSW,West South Westerly,22,14,2024-06-02T18:00:16+10:00,2024-06-02T18:00:16.748+10:00,2147714,Sydney
Sunny intervals and a moderate breeze,3,16,61,47,29,60,2024-06-15,6,Low chance of precipitation,1021,16,61,14:00,1,Good,3,Sunny Intervals,A moderate breeze from the south west,SW,SW,South Westerly,21,13,2024-06-02T18:00:16+10:00,2024-06-02T18:00:16.748+10:00,2147714,Sydney
Sunny intervals and a moderate breeze,3,15,60,49,30,61,2024-06-15,7,Low chance of precipitation,1021,16,60,15:00,1,Good,3,Sunny Intervals,A moderate breeze from the south west,SW,SW,South Westerly,22,14,2024-06-02T18:00:16+10:00,2024-06-02T18:00:16.748+10:00,2147714,Sydney
Sunny intervals and a moderate breeze,3,15,59,50,31,64,2024-06-15,6,Low chance of precipitation,1020,15,60,16:00,1,Good,3,Sunny Intervals,A moderate breeze from the south west,SW,SW,South Westerly,21,13,2024-06-02T18:00:16+10:00,2024-06-02T18:00:16.748+10:00,2147714,Sydney
Partly cloudy and a gentle breeze,2,14,58,47,29,67,2024-06-15,13,Low chance of precipitation,1021,15,59,17:00,1,Good,2,Partly Cloudy,A gentle breeze from the south west,SW,SW,South Westerly,20,12,2024-06-02T18:00:16+10:00,2024-06-02T18:00:16.748+10:00,2147714,Sydney
Partly cloudy and a gentle breeze,2,14,57,48,30,68,2024-06-15,11,Low chance of precipitation,1022,15,58,18:00,1,Good,2,Partly Cloudy,A gentle breeze from the west south west,WSW,WSW,West South Westerly,19,12,2024-06-02T18:00:16+10:00,2024-06-02T18:00:16.748+10:00,2147714,Sydney
Light cloud and a gentle breeze,36,14,57,50,31,71,2024-06-15,13,Low chance of precipitation,1022,14,58,19:00,1,Good,7,Light Cloud,A gentle breeze from the west south west,WSW,WSW,West South Westerly,19,12,2024-06-02T18:00:16+10:00,2024-06-02T18:00:16.748+10:00,2147714,Sydney
Partly cloudy and a moderate breeze,2,13,56,49,30,73,2024-06-15,27,Low chance of precipitation,1023,14,57,20:00,1,Good,2,Partly Cloudy,A moderate breeze from the west south west,WSW,WSW,West South Westerly,20,13,2024-06-02T18:00:16+10:00,2024-06-02T18:00:16.748+10:00,2147714,Sydney
Partly cloudy and a moderate breeze,2,13,55,47,29,73,2024-06-15,30,Low chance of precipitation,1023,14,57,21:00,1,Good,2,Partly Cloudy,A moderate breeze from the west south west,WSW,WSW,West South Westerly,21,13,2024-06-02T18:00:16+10:00,2024-06-02T18:00:16.748+10:00,2147714,Sydney
Light rain showers and a moderate breeze,9,13,55,48,30,73,2024-06-15,32,Chance of precipitation,1023,14,57,22:00,1,Good,9,Light Rain Showers,A moderate breeze from the west south west,WSW,WSW,West South Westerly,21,13,2024-06-02T18:00:16+10:00,2024-06-02T18:00:16.748+10:00,2147714,Sydney
Light rain showers and a moderate breeze,9,12,54,49,31,73,2024-06-15,43,Chance of precipitation,1023,13,55,23:00,1,Good,9,Light Rain Showers,A moderate breeze from the west south west,WSW,WSW,West South Westerly,23,14,2024-06-02T18:00:16+10:00,2024-06-02T18:00:16.748+10:00,2147714,Sydney
Light rain showers and a moderate breeze,9,12,53,50,31,75,2024-06-16,42,Chance of precipitation,1023,13,55,00:00,1,Good,9,Light Rain Showers,A moderate breeze from the west south west,WSW,WSW,West South Westerly,22,14,2024-06-02T18:00:16+10:00,2024-06-02T18:00:16.748+10:00,2147714,Sydney
Light rain showers and a moderate breeze,9,11,52,49,30,77,2024-06-16,40,Chance of precipitation,1023,12,54,01:00,1,Good,9,Light Rain Showers,A moderate breeze from the west south west,WSW,WSW,West South Westerly,24,15,2024-06-02T18:00:16+10:00,2024-06-02T18:00:16.748+10:00,2147714,Sydney
Light rain and a moderate breeze,39,11,51,48,30,79,2024-06-16,56,Chance of precipitation,1024,12,53,02:00,1,Good,12,Light Rain,A moderate breeze from the west south west,WSW,WSW,West South Westerly,25,15,2024-06-02T18:00:16+10:00,2024-06-02T18:00:16.748+10:00,2147714,Sydney
Light rain and a moderate breeze,39,11,51,46,29,78,2024-06-16,36,Chance of precipitation,1024,12,53,03:00,1,Good,12,Light Rain,A moderate breeze from the west south west,WSW,WSW,West South Westerly,24,15,2024-06-02T18:00:16+10:00,2024-06-02T18:00:16.748+10:00,2147714,Sydney
Light rain and a moderate breeze,39,10,50,46,29,80,2024-06-16,36,Chance of precipitation,1024,11,53,04:00,1,Good,12,Light Rain,A moderate breeze from the west south west,WSW,WSW,West South Westerly,24,15,2024-06-02T18:00:16+10:00,2024-06-02T18:00:16.748+10:00,2147714,Sydney
Drizzle and a moderate breeze,38,9,49,46,28,82,2024-06-16,32,Chance of precipitation,1024,11,52,05:00,1,Good,11,Drizzle,A moderate breeze from the west south west,WSW,WSW,West South Westerly,23,14,2024-06-02T18:00:16+10:00,2024-06-02T18:00:16.748+10:00,2147714,Sydney
