enhancedWeatherDescription,extendedWeatherType,feelsLikeTemperatureC,feelsLikeTemperatureF,gustSpeedKph,gustSpeedMph,humidity,localDate,precipitationProbabilityInPercent,precipitationProbabilityText,pressure,temperatureC,temperatureF,timeslot,timeslotLength,visibility,weatherType,weatherTypeText,windDescription,windDirection,windDirectionAbbreviation,windDirectionFull,windSpeedKph,windSpeedMph,issueDate,lastUpdated,location_id,location_name
Light rain showers and a gentle breeze,10,11,51,33,21,86,2024-02-09,48,Chance of precipitation,978,11,53,17:00,1,Good,10,Light Rain Showers,A gentle breeze from the south south west,SSW,SSW,South South Westerly,18,11,2024-02-09T09:45:00+00:00,2024-02-09T16:00:26.204Z,2643743,Greater London
Light rain showers and a gentle breeze,9,10,50,31,19,88,2024-02-09,61,Chance of precipitation,978,11,52,18:00,1,Good,9,Light Rain Showers,A gentle breeze from the south south west,SSW,SSW,South South Westerly,16,10,2024-02-09T09:45:00+00:00,2024-02-09T16:00:26.204Z,2643743,Greater London
Light rain showers and a gentle breeze,9,11,51,30,19,87,2024-02-09,56,Chance of precipitation,979,11,52,19:00,1,Good,9,Light Rain Showers,A gentle breeze from the south,S,S,Southerly,16,10,2024-02-09T09:45:00+00:00,2024-02-09T16:00:26.204Z,2643743,Greater London
Light rain showers and a gentle breeze,9,10,51,32,20,89,2024-02-09,49,Chance of precipitation,979,11,52,20:00,1,Good,9,Light Rain Showers,A gentle breeze from the south,S,S,Southerly,16,10,2024-02-09T09:45:00+00:00,2024-02-09T16:00:26.204Z,2643743,Greater London
Light cloud and a gentle breeze,36,10,50,28,18,90,2024-02-09,26,Low chance of precipitation,979,11,52,21:00,1,Good,7,Light Cloud,A gentle breeze from the south,S,S,Southerly,16,10,2024-02-09T09:45:00+00:00,2024-02-09T16:00:26.204Z,2643743,Greater London
Drizzle and a gentle breeze,38,10,50,29,18,91,2024-02-09,42,Chance of precipitation,980,11,51,22:00,1,Good,11,Drizzle,A gentle breeze from the south south west,SSW,SSW,South South Westerly,14,9,2024-02-09T09:45:00+00:00,2024-02-09T16:00:26.204Z,2643743,Greater London
Light rain and a gentle breeze,39,10,50,26,16,92,2024-02-09,54,Chance of precipitation,980,11,51,23:00,1,Good,12,Light Rain,A gentle breeze from the south south west,SSW,SSW,South South Westerly,13,8,2024-02-09T09:45:00+00:00,2024-02-09T16:00:26.204Z,2643743,Greater London
Light rain and a gentle breeze,39,9,49,23,14,93,2024-02-10,53,Chance of precipitation,980,10,51,00:00,1,Good,12,Light Rain,A gentle breeze from the south west,SW,SW,South Westerly,13,8,2024-02-09T09:45:00+00:00,2024-02-09T16:00:26.204Z,2643743,Greater London
Partly cloudy and a gentle breeze,2,9,48,23,14,92,2024-02-10,10,Low chance of precipitation,980,10,50,01:00,1,Good,2,Partly Cloudy,A gentle breeze from the south west,SW,SW,South Westerly,12,8,2024-02-09T09:45:00+00:00,2024-02-09T16:00:26.204Z,2643743,Greater London
Partly cloudy and light winds,2,9,47,21,13,92,2024-02-10,0,Precipitation is not expected,980,10,49,02:00,1,Good,2,Partly Cloudy,Light winds from the south west,SW,SW,South Westerly,12,7,2024-02-09T09:45:00+00:00,2024-02-09T16:00:26.204Z,2643743,Greater London
Partly cloudy and light winds,2,8,47,18,11,92,2024-02-10,19,Low chance of precipitation,981,9,49,03:00,1,Good,2,Partly Cloudy,Light winds from the south west,SW,SW,South Westerly,12,7,2024-02-09T09:45:00+00:00,2024-02-09T16:00:26.204Z,2643743,Greater London
Partly cloudy and light winds,2,8,46,12,8,93,2024-02-10,10,Low chance of precipitation,982,9,48,04:00,1,Good,2,Partly Cloudy,Light winds from the south west,SW,SW,South Westerly,11,7,2024-02-09T09:45:00+00:00,2024-02-09T16:00:26.204Z,2643743,Greater London
Partly cloudy and light winds,2,7,45,11,7,92,2024-02-10,4,Low chance of precipitation,982,9,47,05:00,1,Good,2,Partly Cloudy,Light winds from the south west,SW,SW,South Westerly,9,6,2024-02-09T09:45:00+00:00,2024-02-09T16:00:26.204Z,2643743,Greater London
Partly cloudy and light winds,2,7,45,12,8,92,2024-02-10,0,Precipitation is not expected,982,8,47,06:00,1,Good,2,Partly Cloudy,Light winds from the south west,SW,SW,South Westerly,8,5,2024-02-09T09:45:00+00:00,2024-02-09T16:00:26.204Z,2643743,Greater London
Partly cloudy and light winds,2,7,44,12,8,92,2024-02-10,0,Precipitation is not expected,983,8,46,07:00,1,Good,2,Partly Cloudy,Light winds from the south south west,SSW,SSW,South South Westerly,8,5,2024-02-09T09:45:00+00:00,2024-02-09T16:00:26.204Z,2643743,Greater London
Sunny intervals and light winds,3,7,45,13,8,91,2024-02-10,0,Precipitation is not expected,984,8,46,08:00,1,Good,3,Sunny Intervals,Light winds from the south south west,SSW,SSW,South South Westerly,8,5,2024-02-09T09:45:00+00:00,2024-02-09T16:00:26.204Z,2643743,Greater London
Sunny intervals and light winds,3,7,45,13,8,91,2024-02-10,0,Precipitation is not expected,984,8,47,09:00,1,Good,3,Sunny Intervals,Light winds from the south south west,SSW,SSW,South South Westerly,8,5,2024-02-09T09:45:00+00:00,2024-02-09T16:00:26.204Z,2643743,Greater London
Sunny intervals and light winds,3,8,47,18,11,85,2024-02-10,0,Precipitation is not expected,985,9,49,10:00,1,Good,3,Sunny Intervals,Light winds from the south south west,SSW,SSW,South South Westerly,10,6,2024-02-09T09:45:00+00:00,2024-02-09T16:00:26.204Z,2643743,Greater London
Sunny intervals and light winds,3,9,48,21,13,77,2024-02-10,0,Precipitation is not expected,985,10,50,11:00,1,Good,3,Sunny Intervals,Light winds from the south south west,SSW,SSW,South South Westerly,11,7,2024-02-09T09:45:00+00:00,2024-02-09T16:00:26.204Z,2643743,Greater London
Light cloud and a gentle breeze,7,10,50,21,13,70,2024-02-10,0,Precipitation is not expected,985,11,52,12:00,1,Good,7,Light Cloud,A gentle breeze from the south south west,SSW,SSW,South South Westerly,12,8,2024-02-09T09:45:00+00:00,2024-02-09T16:00:26.204Z,2643743,Greater London
Light cloud and a gentle breeze,7,10,50,23,15,69,2024-02-10,21,Low chance of precipitation,985,11,52,13:00,1,Good,7,Light Cloud,A gentle breeze from the south,S,S,Southerly,13,8,2024-02-09T09:45:00+00:00,2024-02-09T16:00:26.204Z,2643743,Greater London
Sunny intervals and a gentle breeze,3,10,50,22,14,67,2024-02-10,16,Low chance of precipitation,985,11,52,14:00,1,Good,3,Sunny Intervals,A gentle breeze from the south,S,S,Southerly,13,8,2024-02-09T09:45:00+00:00,2024-02-09T16:00:26.204Z,2643743,Greater London
Sunny intervals and a gentle breeze,3,10,50,22,14,67,2024-02-10,14,Low chance of precipitation,985,11,52,15:00,1,Good,3,Sunny Intervals,A gentle breeze from the south,S,S,Southerly,13,8,2024-02-09T09:45:00+00:00,2024-02-09T16:00:26.204Z,2643743,Greater London
Sunny intervals and light winds,3,9,49,20,13,71,2024-02-10,0,Precipitation is not expected,985,11,51,16:00,1,Good,3,Sunny Intervals,Light winds from the south,S,S,Southerly,12,7,2024-02-09T09:45:00+00:00,2024-02-09T16:00:26.204Z,2643743,Greater London
Sunny intervals and light winds,3,8,47,17,11,75,2024-02-10,0,Precipitation is not expected,986,10,49,17:00,1,Good,3,Sunny Intervals,Light winds from the south south east,SSE,SSE,South South Easterly,10,6,2024-02-09T09:45:00+00:00,2024-02-09T16:00:26.204Z,2643743,Greater London
Partly cloudy and light winds,2,8,46,16,10,80,2024-02-10,0,Precipitation is not expected,986,9,48,18:00,1,Good,2,Partly Cloudy,Light winds from the south south east,SSE,SSE,South South Easterly,10,6,2024-02-09T09:45:00+00:00,2024-02-09T16:00:26.204Z,2643743,Greater London
Partly cloudy and light winds,2,7,45,16,10,81,2024-02-10,0,Precipitation is not expected,986,9,47,19:00,1,Good,2,Partly Cloudy,Light winds from the south east,SE,SE,South Easterly,10,6,2024-02-09T09:45:00+00:00,2024-02-09T16:00:26.204Z,2643743,Greater London
A clear sky and light winds,0,7,44,14,9,84,2024-02-10,0,Precipitation is not expected,986,8,47,20:00,1,Good,0,Clear Sky,Light winds from the south east,SE,SE,South Easterly,10,6,2024-02-09T09:45:00+00:00,2024-02-09T16:00:26.204Z,2643743,Greater London
Partly cloudy and light winds,2,6,43,15,9,85,2024-02-10,0,Precipitation is not expected,986,8,46,21:00,1,Good,2,Partly Cloudy,Light winds from the south east,SE,SE,South Easterly,11,7,2024-02-09T09:45:00+00:00,2024-02-09T16:00:26.204Z,2643743,Greater London
Partly cloudy and light winds,2,6,43,17,11,86,2024-02-10,0,Precipitation is not expected,986,8,46,22:00,1,Good,2,Partly Cloudy,Light winds from the east south east,ESE,ESE,East South Easterly,10,6,2024-02-09T09:45:00+00:00,2024-02-09T16:00:26.204Z,2643743,Greater London
Light cloud and light winds,36,6,43,17,11,87,2024-02-10,0,Precipitation is not expected,986,8,46,23:00,1,Good,7,Light Cloud,Light winds from the east south east,ESE,ESE,East South Easterly,10,6,2024-02-09T09:45:00+00:00,2024-02-09T16:00:26.204Z,2643743,Greater London
Light cloud and light winds,36,6,43,18,11,86,2024-02-11,0,Precipitation is not expected,985,8,46,00:00,1,Moderate,7,Light Cloud,Light winds from the east south east,ESE,ESE,East South Easterly,10,6,2024-02-09T09:45:00+00:00,2024-02-09T16:00:26.204Z,2643743,Greater London
Partly cloudy and light winds,2,6,42,16,10,88,2024-02-11,0,Precipitation is not expected,985,7,45,01:00,1,Good,2,Partly Cloudy,Light winds from the south east,SE,SE,South Easterly,10,6,2024-02-09T09:45:00+00:00,2024-02-09T16:00:26.204Z,2643743,Greater London
Light cloud and light winds,36,6,42,16,10,89,2024-02-11,0,Precipitation is not expected,985,7,45,02:00,1,Good,7,Light Cloud,Light winds from the south east,SE,SE,South Easterly,9,6,2024-02-09T09:45:00+00:00,2024-02-09T16:00:26.204Z,2643743,Greater London
Light cloud and light winds,36,5,41,15,9,91,2024-02-11,0,Precipitation is not expected,985,7,44,03:00,1,Good,7,Light Cloud,Light winds from the south east,SE,SE,South Easterly,9,6,2024-02-09T09:45:00+00:00,2024-02-09T16:00:26.204Z,2643743,Greater London
Light cloud and light winds,36,5,41,14,9,91,2024-02-11,16,Low chance of precipitation,985,7,44,04:00,1,Good,7,Light Cloud,Light winds from the east south east,ESE,ESE,East South Easterly,9,6,2024-02-09T09:45:00+00:00,2024-02-09T16:00:26.204Z,2643743,Greater London
Light cloud and light winds,36,5,41,13,8,92,2024-02-11,20,Low chance of precipitation,986,7,44,05:00,1,Good,7,Light Cloud,Light winds from the east south east,ESE,ESE,East South Easterly,9,6,2024-02-09T09:45:00+00:00,2024-02-09T16:00:26.204Z,2643743,Greater London
Light cloud and light winds,36,5,41,12,8,91,2024-02-11,25,Low chance of precipitation,986,7,44,06:00,1,Good,7,Light Cloud,Light winds from the east north east,ENE,ENE,East North Easterly,9,6,2024-02-09T09:45:00+00:00,2024-02-09T16:00:26.204Z,2643743,Greater London
Light rain showers and light winds,9,5,41,13,8,92,2024-02-11,31,Chance of precipitation,987,7,44,07:00,1,Good,9,Light Rain Showers,Light winds from the west north west,WNW,WNW,West North Westerly,10,6,2024-02-09T09:45:00+00:00,2024-02-09T16:00:26.204Z,2643743,Greater London
Light rain and light winds,12,5,41,13,8,92,2024-02-11,56,Chance of precipitation,988,7,44,08:00,1,Good,12,Light Rain,Light winds from the west north west,WNW,WNW,West North Westerly,10,6,2024-02-09T09:45:00+00:00,2024-02-09T16:00:26.204Z,2643743,Greater London
Light rain and light winds,12,6,42,17,10,92,2024-02-11,63,Chance of precipitation,988,7,45,09:00,1,Moderate,12,Light Rain,Light winds from the north west,NW,NW,North Westerly,11,7,2024-02-09T09:45:00+00:00,2024-02-09T16:00:26.204Z,2643743,Greater London
Light rain and a gentle breeze,12,6,43,21,13,89,2024-02-11,63,Chance of precipitation,989,8,46,10:00,1,Moderate,12,Light Rain,A gentle breeze from the west north west,WNW,WNW,West North Westerly,13,8,2024-02-09T09:45:00+00:00,2024-02-09T16:00:26.204Z,2643743,Greater London
Light rain and a gentle breeze,12,7,44,24,15,84,2024-02-11,65,Chance of precipitation,990,9,47,11:00,1,Good,12,Light Rain,A gentle breeze from the west north west,WNW,WNW,West North Westerly,15,9,2024-02-09T09:45:00+00:00,2024-02-09T16:00:26.204Z,2643743,Greater London
Light rain showers and a gentle breeze,10,7,45,28,17,80,2024-02-11,57,Chance of precipitation,991,9,48,12:00,1,Good,10,Light Rain Showers,A gentle breeze from the west north west,WNW,WNW,West North Westerly,17,11,2024-02-09T09:45:00+00:00,2024-02-09T16:00:26.204Z,2643743,Greater London
Light rain showers and a gentle breeze,10,7,45,31,19,79,2024-02-11,63,Chance of precipitation,992,9,48,13:00,1,Good,10,Light Rain Showers,A gentle breeze from the west,W,W,Westerly,18,11,2024-02-09T09:45:00+00:00,2024-02-09T16:00:26.204Z,2643743,Greater London
Light rain showers and a gentle breeze,10,7,45,35,22,77,2024-02-11,57,Chance of precipitation,992,9,49,14:00,1,Good,10,Light Rain Showers,A gentle breeze from the west,W,W,Westerly,18,11,2024-02-09T09:45:00+00:00,2024-02-09T16:00:26.204Z,2643743,Greater London
Light rain showers and a gentle breeze,10,7,45,35,22,76,2024-02-11,70,Chance of precipitation,994,9,49,15:00,1,Good,10,Light Rain Showers,A gentle breeze from the west,W,W,Westerly,19,12,2024-02-09T09:45:00+00:00,2024-02-09T16:00:26.204Z,2643743,Greater London
Light rain showers and a gentle breeze,10,7,45,35,22,76,2024-02-11,56,Chance of precipitation,995,9,48,16:00,1,Good,10,Light Rain Showers,A gentle breeze from the west,W,W,Westerly,18,11,2024-02-09T09:45:00+00:00,2024-02-09T16:00:26.204Z,2643743,Greater London
Light rain showers and a gentle breeze,10,7,44,34,21,78,2024-02-11,32,Chance of precipitation,996,9,47,17:00,1,Good,10,Light Rain Showers,A gentle breeze from the west,W,W,Westerly,17,10,2024-02-09T09:45:00+00:00,2024-02-09T16:00:26.204Z,2643743,Greater London
Partly cloudy and a gentle breeze,2,6,43,34,21,78,2024-02-11,16,Low chance of precipitation,997,8,47,18:00,1,Good,2,Partly Cloudy,A gentle breeze from the west,W,W,Westerly,16,10,2024-02-09T09:45:00+00:00,2024-02-09T16:00:26.204Z,2643743,Greater London
Partly cloudy and a gentle breeze,2,5,41,33,20,79,2024-02-11,0,Precipitation is not expected,997,8,46,19:00,1,Good,2,Partly Cloudy,A gentle breeze from the west south west,WSW,WSW,West South Westerly,16,10,2024-02-09T09:45:00+00:00,2024-02-09T16:00:26.204Z,2643743,Greater London
A clear sky and a gentle breeze,0,5,40,32,20,82,2024-02-11,0,Precipitation is not expected,998,7,45,20:00,1,Good,0,Clear Sky,A gentle breeze from the west south west,WSW,WSW,West South Westerly,16,10,2024-02-09T09:45:00+00:00,2024-02-09T16:00:26.204Z,2643743,Greater London
A clear sky and a gentle breeze,0,4,39,29,18,84,2024-02-11,0,Precipitation is not expected,999,6,43,21:00,1,Good,0,Clear Sky,A gentle breeze from the west south west,WSW,WSW,West South Westerly,16,10,2024-02-09T09:45:00+00:00,2024-02-09T16:00:26.204Z,2643743,Greater London
Partly cloudy and a gentle breeze,2,3,38,25,16,86,2024-02-11,0,Precipitation is not expected,1000,6,43,22:00,1,Good,2,Partly Cloudy,A gentle breeze from the west south west,WSW,WSW,West South Westerly,15,9,2024-02-09T09:45:00+00:00,2024-02-09T16:00:26.204Z,2643743,Greater London
Partly cloudy and a gentle breeze,2,3,37,22,14,86,2024-02-11,0,Precipitation is not expected,1000,5,42,23:00,1,Good,2,Partly Cloudy,A gentle breeze from the west south west,WSW,WSW,West South Westerly,14,9,2024-02-09T09:45:00+00:00,2024-02-09T16:00:26.204Z,2643743,Greater London
Partly cloudy and a gentle breeze,2,2,36,21,13,86,2024-02-12,0,Precipitation is not expected,1001,5,41,00:00,1,Good,2,Partly Cloudy,A gentle breeze from the west south west,WSW,WSW,West South Westerly,14,9,2024-02-09T09:45:00+00:00,2024-02-09T16:00:26.204Z,2643743,Greater London
Partly cloudy and a gentle breeze,2,2,36,21,13,86,2024-02-12,0,Precipitation is not expected,1001,5,41,01:00,1,Good,2,Partly Cloudy,A gentle breeze from the west south west,WSW,WSW,West South Westerly,12,8,2024-02-09T09:45:00+00:00,2024-02-09T16:00:26.204Z,2643743,Greater London
Partly cloudy and light winds,2,2,35,20,13,87,2024-02-12,0,Precipitation is not expected,1001,4,40,02:00,1,Good,2,Partly Cloudy,Light winds from the west south west,WSW,WSW,West South Westerly,12,7,2024-02-09T09:45:00+00:00,2024-02-09T16:00:26.204Z,2643743,Greater London
A clear sky and light winds,0,1,35,19,12,87,2024-02-12,0,Precipitation is not expected,1002,4,39,03:00,1,Good,0,Clear Sky,Light winds from the west south west,WSW,WSW,West South Westerly,11,7,2024-02-09T09:45:00+00:00,2024-02-09T16:00:26.204Z,2643743,Greater London
A clear sky and light winds,0,1,34,17,11,87,2024-02-12,0,Precipitation is not expected,1002,4,39,04:00,1,Good,0,Clear Sky,Light winds from the west south west,WSW,WSW,West South Westerly,11,7,2024-02-09T09:45:00+00:00,2024-02-09T16:00:26.204Z,2643743,Greater London
A clear sky and light winds,0,1,34,16,10,88,2024-02-12,0,Precipitation is not expected,1002,4,39,05:00,1,Good,0,Clear Sky,Light winds from the south west,SW,SW,South Westerly,11,7,2024-02-09T09:45:00+00:00,2024-02-09T16:00:26.204Z,2643743,Greater London
A clear sky and light winds,0,1,34,18,11,88,2024-02-12,0,Precipitation is not expected,1002,4,39,06:00,1,Good,0,Clear Sky,Light winds from the south west,SW,SW,South Westerly,11,7,2024-02-09T09:45:00+00:00,2024-02-09T16:00:26.204Z,2643743,Greater London
A clear sky and light winds,0,1,34,21,13,87,2024-02-12,0,Precipitation is not expected,1002,4,39,07:00,1,Good,0,Clear Sky,Light winds from the south west,SW,SW,South Westerly,12,7,2024-02-09T09:45:00+00:00,2024-02-09T16:00:26.204Z,2643743,Greater London
Sunny and light winds,1,2,35,23,14,86,2024-02-12,0,Precipitation is not expected,1003,4,40,08:00,1,Good,1,Sunny,Light winds from the south west,SW,SW,South Westerly,12,7,2024-02-09T09:45:00+00:00,2024-02-09T16:00:26.204Z,2643743,Greater London
Sunny and a gentle breeze,1,2,36,27,17,85,2024-02-12,0,Precipitation is not expected,1003,5,41,09:00,1,Good,1,Sunny,A gentle breeze from the south west,SW,SW,South Westerly,13,8,2024-02-09T09:45:00+00:00,2024-02-09T16:00:26.204Z,2643743,Greater London
Sunny intervals and a gentle breeze,3,3,38,32,20,80,2024-02-12,21,Low chance of precipitation,1003,6,43,10:00,1,Good,3,Sunny Intervals,A gentle breeze from the south west,SW,SW,South Westerly,15,9,2024-02-09T09:45:00+00:00,2024-02-09T16:00:26.204Z,2643743,Greater London
Light rain and a gentle breeze,12,5,41,36,22,74,2024-02-12,23,Low chance of precipitation,1003,7,45,11:00,1,Good,12,Light Rain,A gentle breeze from the south west,SW,SW,South Westerly,18,11,2024-02-09T09:45:00+00:00,2024-02-09T16:00:26.204Z,2643743,Greater London
Light rain and a moderate breeze,12,6,43,38,24,69,2024-02-12,29,Low chance of precipitation,1003,9,47,12:00,1,Good,12,Light Rain,A moderate breeze from the west south west,WSW,WSW,West South Westerly,21,13,2024-02-09T09:45:00+00:00,2024-02-09T16:00:26.204Z,2643743,Greater London
Light rain and a moderate breeze,12,6,43,40,25,67,2024-02-12,37,Chance of precipitation,1002,9,48,13:00,1,Good,12,Light Rain,A moderate breeze from the west south west,WSW,WSW,West South Westerly,21,13,2024-02-09T09:45:00+00:00,2024-02-09T16:00:26.204Z,2643743,Greater London
Light rain and a moderate breeze,12,7,44,42,26,64,2024-02-12,38,Chance of precipitation,1002,9,48,14:00,1,Good,12,Light Rain,A moderate breeze from the west south west,WSW,WSW,West South Westerly,21,13,2024-02-09T09:45:00+00:00,2024-02-09T16:00:26.204Z,2643743,Greater London
Light rain and a moderate breeze,12,7,44,40,25,62,2024-02-12,39,Chance of precipitation,1002,9,49,15:00,1,Good,12,Light Rain,A moderate breeze from the west south west,WSW,WSW,West South Westerly,22,14,2024-02-09T09:45:00+00:00,2024-02-09T16:00:26.204Z,2643743,Greater London
Sunny intervals and a gentle breeze,3,6,43,38,24,65,2024-02-12,30,Low chance of precipitation,1003,9,48,16:00,1,Good,3,Sunny Intervals,A gentle breeze from the west south west,WSW,WSW,West South Westerly,20,12,2024-02-09T09:45:00+00:00,2024-02-09T16:00:26.204Z,2643743,Greater London
Sunny intervals and a gentle breeze,3,5,42,36,22,68,2024-02-12,19,Low chance of precipitation,1003,8,46,17:00,1,Good,3,Sunny Intervals,A gentle breeze from the west south west,WSW,WSW,West South Westerly,18,11,2024-02-09T09:45:00+00:00,2024-02-09T16:00:26.204Z,2643743,Greater London
Partly cloudy and a gentle breeze,2,5,40,36,22,71,2024-02-12,15,Low chance of precipitation,1003,7,45,18:00,1,Good,2,Partly Cloudy,A gentle breeze from the west south west,WSW,WSW,West South Westerly,17,11,2024-02-09T09:45:00+00:00,2024-02-09T16:00:26.204Z,2643743,Greater London
Partly cloudy and a gentle breeze,2,4,40,36,23,72,2024-02-12,0,Precipitation is not expected,1004,7,45,19:00,1,Good,2,Partly Cloudy,A gentle breeze from the south west,SW,SW,South Westerly,17,11,2024-02-09T09:45:00+00:00,2024-02-09T16:00:26.204Z,2643743,Greater London
A clear sky and a gentle breeze,0,4,39,36,23,74,2024-02-12,0,Precipitation is not expected,1004,7,44,20:00,1,Good,0,Clear Sky,A gentle breeze from the west south west,WSW,WSW,West South Westerly,17,11,2024-02-09T09:45:00+00:00,2024-02-09T16:00:26.204Z,2643743,Greater London
A clear sky and a gentle breeze,0,3,38,38,24,77,2024-02-12,19,Low chance of precipitation,1005,6,43,21:00,1,Good,0,Clear Sky,A gentle breeze from the south west,SW,SW,South Westerly,17,11,2024-02-09T09:45:00+00:00,2024-02-09T16:00:26.204Z,2643743,Greater London
A clear sky and a gentle breeze,0,3,37,39,24,78,2024-02-12,0,Precipitation is not expected,1006,6,43,22:00,1,Good,0,Clear Sky,A gentle breeze from the south west,SW,SW,South Westerly,17,11,2024-02-09T09:45:00+00:00,2024-02-09T16:00:26.204Z,2643743,Greater London
A clear sky and a gentle breeze,0,3,37,41,25,79,2024-02-12,0,Precipitation is not expected,1006,6,43,23:00,1,Good,0,Clear Sky,A gentle breeze from the west south west,WSW,WSW,West South Westerly,17,11,2024-02-09T09:45:00+00:00,2024-02-09T16:00:26.204Z,2643743,Greater London
Partly cloudy and a gentle breeze,2,3,37,38,24,79,2024-02-13,0,Precipitation is not expected,1007,6,42,00:00,1,Good,2,Partly Cloudy,A gentle breeze from the west south west,WSW,WSW,West South Westerly,17,11,2024-02-09T09:45:00+00:00,2024-02-09T16:00:26.204Z,2643743,Greater London
Partly cloudy and a gentle breeze,2,3,37,35,22,79,2024-02-13,0,Precipitation is not expected,1007,6,42,01:00,1,Good,2,Partly Cloudy,A gentle breeze from the south west,SW,SW,South Westerly,17,11,2024-02-09T09:45:00+00:00,2024-02-09T16:00:26.204Z,2643743,Greater London
Partly cloudy and a gentle breeze,2,3,37,32,20,79,2024-02-13,0,Precipitation is not expected,1007,5,42,02:00,1,Good,2,Partly Cloudy,A gentle breeze from the south west,SW,SW,South Westerly,16,10,2024-02-09T09:45:00+00:00,2024-02-09T16:00:26.204Z,2643743,Greater London
Partly cloudy and a gentle breeze,2,2,36,29,18,80,2024-02-13,0,Precipitation is not expected,1008,5,41,03:00,1,Good,2,Partly Cloudy,A gentle breeze from the south west,SW,SW,South Westerly,16,10,2024-02-09T09:45:00+00:00,2024-02-09T16:00:26.204Z,2643743,Greater London
Partly cloudy and a gentle breeze,2,2,36,27,17,82,2024-02-13,0,Precipitation is not expected,1008,5,41,04:00,1,Good,2,Partly Cloudy,A gentle breeze from the south west,SW,SW,South Westerly,15,9,2024-02-09T09:45:00+00:00,2024-02-09T16:00:26.204Z,2643743,Greater London
Partly cloudy and a gentle breeze,2,2,36,24,15,83,2024-02-13,0,Precipitation is not expected,1008,5,41,05:00,1,Good,2,Partly Cloudy,A gentle breeze from the south west,SW,SW,South Westerly,14,9,2024-02-09T09:45:00+00:00,2024-02-09T16:00:26.204Z,2643743,Greater London
Partly cloudy and a gentle breeze,2,2,36,24,15,83,2024-02-13,0,Precipitation is not expected,1008,5,41,06:00,1,Good,2,Partly Cloudy,A gentle breeze from the south west,SW,SW,South Westerly,13,8,2024-02-09T09:45:00+00:00,2024-02-09T16:00:26.204Z,2643743,Greater London
Partly cloudy and a gentle breeze,2,3,37,23,15,84,2024-02-13,27,Low chance of precipitation,1008,5,41,07:00,1,Good,2,Partly Cloudy,A gentle breeze from the south west,SW,SW,South Westerly,12,8,2024-02-09T09:45:00+00:00,2024-02-09T16:00:26.204Z,2643743,Greater London
Sunny intervals and a gentle breeze,3,3,37,23,14,84,2024-02-13,27,Low chance of precipitation,1009,5,41,08:00,1,Good,3,Sunny Intervals,A gentle breeze from the south west,SW,SW,South Westerly,12,8,2024-02-09T09:45:00+00:00,2024-02-09T16:00:26.204Z,2643743,Greater London
Sunny intervals and a gentle breeze,3,4,38,24,15,83,2024-02-13,27,Low chance of precipitation,1009,6,43,09:00,1,Good,3,Sunny Intervals,A gentle breeze from the south south west,SSW,SSW,South South Westerly,12,8,2024-02-09T09:45:00+00:00,2024-02-09T16:00:26.204Z,2643743,Greater London
Drizzle and a gentle breeze,11,5,41,25,15,80,2024-02-13,31,Chance of precipitation,1009,7,45,10:00,1,Good,11,Drizzle,A gentle breeze from the south south west,SSW,SSW,South South Westerly,14,9,2024-02-09T09:45:00+00:00,2024-02-09T16:00:26.204Z,2643743,Greater London
Drizzle and a gentle breeze,11,6,43,26,16,74,2024-02-13,31,Chance of precipitation,1009,8,47,11:00,1,Good,11,Drizzle,A gentle breeze from the south south west,SSW,SSW,South South Westerly,16,10,2024-02-09T09:45:00+00:00,2024-02-09T16:00:26.204Z,2643743,Greater London
Drizzle and a gentle breeze,11,7,45,26,16,71,2024-02-13,31,Chance of precipitation,1009,9,49,12:00,1,Good,11,Drizzle,A gentle breeze from the south south west,SSW,SSW,South South Westerly,18,11,2024-02-09T09:45:00+00:00,2024-02-09T16:00:26.204Z,2643743,Greater London
Light cloud and a gentle breeze,7,8,46,27,17,70,2024-02-13,26,Low chance of precipitation,1009,10,49,13:00,1,Good,7,Light Cloud,A gentle breeze from the south south west,SSW,SSW,South South Westerly,17,11,2024-02-09T09:45:00+00:00,2024-02-09T16:00:26.204Z,2643743,Greater London
Light cloud and a gentle breeze,7,8,47,27,17,69,2024-02-13,29,Low chance of precipitation,1008,10,50,14:00,1,Good,7,Light Cloud,A gentle breeze from the south west,SW,SW,South Westerly,17,11,2024-02-09T09:45:00+00:00,2024-02-09T16:00:26.204Z,2643743,Greater London
Light rain showers and a gentle breeze,10,9,47,27,17,70,2024-02-13,32,Chance of precipitation,1008,10,50,15:00,1,Moderate,10,Light Rain Showers,A gentle breeze from the south west,SW,SW,South Westerly,17,11,2024-02-09T09:45:00+00:00,2024-02-09T16:00:26.204Z,2643743,Greater London
Light rain and a gentle breeze,12,8,47,26,16,74,2024-02-13,63,Chance of precipitation,1008,10,50,16:00,1,Moderate,12,Light Rain,A gentle breeze from the south south west,SSW,SSW,South South Westerly,16,10,2024-02-09T09:45:00+00:00,2024-02-09T16:00:26.204Z,2643743,Greater London
Light rain and a gentle breeze,12,8,47,26,16,77,2024-02-13,64,Chance of precipitation,1008,10,49,17:00,1,Moderate,12,Light Rain,A gentle breeze from the south west,SW,SW,South Westerly,15,9,2024-02-09T09:45:00+00:00,2024-02-09T16:00:26.204Z,2643743,Greater London
Light rain and a gentle breeze,39,8,46,26,16,81,2024-02-13,66,Chance of precipitation,1009,9,49,18:00,1,Moderate,12,Light Rain,A gentle breeze from the south south west,SSW,SSW,South South Westerly,14,9,2024-02-09T09:45:00+00:00,2024-02-09T16:00:26.204Z,2643743,Greater London
Light rain and a gentle breeze,39,8,46,26,16,82,2024-02-13,56,Chance of precipitation,1009,9,49,19:00,1,Moderate,12,Light Rain,A gentle breeze from the south west,SW,SW,South Westerly,14,9,2024-02-09T09:45:00+00:00,2024-02-09T16:00:26.204Z,2643743,Greater London
Light rain and a gentle breeze,39,8,46,26,16,84,2024-02-13,55,Chance of precipitation,1010,9,49,20:00,1,Moderate,12,Light Rain,A gentle breeze from the south south west,SSW,SSW,South South Westerly,15,9,2024-02-09T09:45:00+00:00,2024-02-09T16:00:26.204Z,2643743,Greater London
Light rain and a gentle breeze,39,7,45,25,16,85,2024-02-13,54,Chance of precipitation,1010,9,48,21:00,1,Good,12,Light Rain,A gentle breeze from the south west,SW,SW,South Westerly,16,10,2024-02-09T09:45:00+00:00,2024-02-09T16:00:26.204Z,2643743,Greater London
Light rain and a gentle breeze,39,7,45,25,16,86,2024-02-13,29,Low chance of precipitation,1010,9,48,22:00,1,Good,12,Light Rain,A gentle breeze from the south west,SW,SW,South Westerly,15,9,2024-02-09T09:45:00+00:00,2024-02-09T16:00:26.204Z,2643743,Greater London
Light rain and a gentle breeze,39,7,45,25,15,86,2024-02-13,30,Low chance of precipitation,1010,9,48,23:00,1,Good,12,Light Rain,A gentle breeze from the south west,SW,SW,South Westerly,14,9,2024-02-09T09:45:00+00:00,2024-02-09T16:00:26.204Z,2643743,Greater London
Light rain and a gentle breeze,39,7,44,24,15,87,2024-02-14,31,Chance of precipitation,1011,9,47,00:00,1,Good,12,Light Rain,A gentle breeze from the south west,SW,SW,South Westerly,15,9,2024-02-09T09:45:00+00:00,2024-02-09T16:00:26.204Z,2643743,Greater London
Light cloud and a gentle breeze,36,7,44,24,15,88,2024-02-14,29,Low chance of precipitation,1012,9,47,01:00,1,Good,7,Light Cloud,A gentle breeze from the south west,SW,SW,South Westerly,15,9,2024-02-09T09:45:00+00:00,2024-02-09T16:00:26.204Z,2643743,Greater London
Light cloud and a gentle breeze,36,6,43,24,15,89,2024-02-14,29,Low chance of precipitation,1012,8,47,02:00,1,Good,7,Light Cloud,A gentle breeze from the south west,SW,SW,South Westerly,15,9,2024-02-09T09:45:00+00:00,2024-02-09T16:00:26.204Z,2643743,Greater London
Light cloud and a gentle breeze,36,6,43,24,15,89,2024-02-14,29,Low chance of precipitation,1012,8,46,03:00,1,Good,7,Light Cloud,A gentle breeze from the south west,SW,SW,South Westerly,16,10,2024-02-09T09:45:00+00:00,2024-02-09T16:00:26.204Z,2643743,Greater London
Light rain showers and a gentle breeze,9,6,42,24,15,89,2024-02-14,45,Chance of precipitation,1013,8,46,04:00,1,Good,9,Light Rain Showers,A gentle breeze from the south west,SW,SW,South Westerly,16,10,2024-02-09T09:45:00+00:00,2024-02-09T16:00:26.204Z,2643743,Greater London
Light rain showers and a gentle breeze,9,5,42,24,15,90,2024-02-14,48,Chance of precipitation,1013,8,46,05:00,1,Good,9,Light Rain Showers,A gentle breeze from the south west,SW,SW,South Westerly,15,9,2024-02-09T09:45:00+00:00,2024-02-09T16:00:26.204Z,2643743,Greater London
Light rain showers and a gentle breeze,9,5,42,25,15,90,2024-02-14,51,Chance of precipitation,1014,7,45,06:00,1,Good,9,Light Rain Showers,A gentle breeze from the south south west,SSW,SSW,South South Westerly,16,10,2024-02-09T09:45:00+00:00,2024-02-09T16:00:26.204Z,2643743,Greater London
Light rain showers and a gentle breeze,9,6,42,26,16,90,2024-02-14,27,Low chance of precipitation,1014,8,46,07:00,1,Good,9,Light Rain Showers,A gentle breeze from the south west,SW,SW,South Westerly,15,9,2024-02-09T09:45:00+00:00,2024-02-09T16:00:26.204Z,2643743,Greater London
Light rain showers and a gentle breeze,10,6,42,27,17,89,2024-02-14,23,Low chance of precipitation,1015,8,46,08:00,1,Good,10,Light Rain Showers,A gentle breeze from the south west,SW,SW,South Westerly,16,10,2024-02-09T09:45:00+00:00,2024-02-09T16:00:26.204Z,2643743,Greater London
Light rain showers and a gentle breeze,10,7,44,28,18,89,2024-02-14,20,Low chance of precipitation,1015,8,47,09:00,1,Good,10,Light Rain Showers,A gentle breeze from the south south west,SSW,SSW,South South Westerly,16,10,2024-02-09T09:45:00+00:00,2024-02-09T16:00:26.204Z,2643743,Greater London
Light cloud and a gentle breeze,7,7,45,29,18,84,2024-02-14,17,Low chance of precipitation,1015,9,48,10:00,1,Good,7,Light Cloud,A gentle breeze from the south west,SW,SW,South Westerly,16,10,2024-02-09T09:45:00+00:00,2024-02-09T16:00:26.204Z,2643743,Greater London
Light cloud and a gentle breeze,7,9,47,30,19,82,2024-02-14,16,Low chance of precipitation,1016,10,50,11:00,1,Good,7,Light Cloud,A gentle breeze from the south west,SW,SW,South Westerly,17,10,2024-02-09T09:45:00+00:00,2024-02-09T16:00:26.204Z,2643743,Greater London
Light cloud and a gentle breeze,7,9,49,30,19,75,2024-02-14,15,Low chance of precipitation,1016,11,52,12:00,1,Good,7,Light Cloud,A gentle breeze from the south west,SW,SW,South Westerly,18,11,2024-02-09T09:45:00+00:00,2024-02-09T16:00:26.204Z,2643743,Greater London
Light rain and a gentle breeze,12,10,50,30,19,74,2024-02-14,30,Low chance of precipitation,1016,11,52,13:00,1,Good,12,Light Rain,A gentle breeze from the south west,SW,SW,South Westerly,18,11,2024-02-09T09:45:00+00:00,2024-02-09T16:00:26.204Z,2643743,Greater London
Light rain and a gentle breeze,12,10,51,30,19,73,2024-02-14,46,Chance of precipitation,1016,12,53,14:00,1,Good,12,Light Rain,A gentle breeze from the south west,SW,SW,South Westerly,18,11,2024-02-09T09:45:00+00:00,2024-02-09T16:00:26.204Z,2643743,Greater London
Light rain and a gentle breeze,12,11,51,29,18,74,2024-02-14,46,Chance of precipitation,1016,12,53,15:00,1,Good,12,Light Rain,A gentle breeze from the south west,SW,SW,South Westerly,18,11,2024-02-09T09:45:00+00:00,2024-02-09T16:00:26.204Z,2643743,Greater London
Light rain showers and a gentle breeze,10,10,50,29,18,76,2024-02-14,39,Chance of precipitation,1016,11,52,16:00,1,Good,10,Light Rain Showers,A gentle breeze from the south west,SW,SW,South Westerly,17,10,2024-02-09T09:45:00+00:00,2024-02-09T16:00:26.204Z,2643743,Greater London
Light rain showers and a gentle breeze,10,10,49,29,18,78,2024-02-14,39,Chance of precipitation,1016,11,51,17:00,1,Good,10,Light Rain Showers,A gentle breeze from the south west,SW,SW,South Westerly,15,9,2024-02-09T09:45:00+00:00,2024-02-09T16:00:26.204Z,2643743,Greater London
Light cloud and a gentle breeze,36,9,49,28,18,80,2024-02-14,25,Low chance of precipitation,1016,10,51,18:00,1,Good,7,Light Cloud,A gentle breeze from the south south west,SSW,SSW,South South Westerly,15,9,2024-02-09T09:45:00+00:00,2024-02-09T16:00:26.204Z,2643743,Greater London
Light rain and a gentle breeze,39,9,49,28,17,85,2024-02-14,51,Chance of precipitation,1015,10,51,19:00,1,Good,12,Light Rain,A gentle breeze from the south south west,SSW,SSW,South South Westerly,14,9,2024-02-09T09:45:00+00:00,2024-02-09T16:00:26.204Z,2643743,Greater London
Light rain and a gentle breeze,39,9,48,27,17,87,2024-02-14,51,Chance of precipitation,1015,10,50,20:00,1,Good,12,Light Rain,A gentle breeze from the south south west,SSW,SSW,South South Westerly,15,9,2024-02-09T09:45:00+00:00,2024-02-09T16:00:26.204Z,2643743,Greater London
Light rain and a gentle breeze,39,9,49,30,19,87,2024-02-14,50,Chance of precipitation,1015,10,51,21:00,1,Moderate,12,Light Rain,A gentle breeze from the south south west,SSW,SSW,South South Westerly,15,9,2024-02-09T09:45:00+00:00,2024-02-09T16:00:26.204Z,2643743,Greater London
Light rain and a gentle breeze,39,9,49,32,20,88,2024-02-14,53,Chance of precipitation,1015,10,51,22:00,1,Moderate,12,Light Rain,A gentle breeze from the south,S,S,Southerly,15,9,2024-02-09T09:45:00+00:00,2024-02-09T16:00:26.204Z,2643743,Greater London
Light rain and a gentle breeze,39,9,49,35,22,88,2024-02-14,53,Chance of precipitation,1015,11,51,23:00,1,Moderate,12,Light Rain,A gentle breeze from the south south west,SSW,SSW,South South Westerly,15,9,2024-02-09T09:45:00+00:00,2024-02-09T16:00:26.204Z,2643743,Greater London
Light rain and a gentle breeze,39,9,49,35,22,88,2024-02-15,53,Chance of precipitation,1014,11,51,00:00,1,Moderate,12,Light Rain,A gentle breeze from the south south west,SSW,SSW,South South Westerly,15,9,2024-02-09T09:45:00+00:00,2024-02-09T16:00:26.204Z,2643743,Greater London
Light rain showers and a gentle breeze,9,9,49,35,22,89,2024-02-15,66,Chance of precipitation,1014,10,51,01:00,1,Moderate,9,Light Rain Showers,A gentle breeze from the south south west,SSW,SSW,South South Westerly,16,10,2024-02-09T09:45:00+00:00,2024-02-09T16:00:26.204Z,2643743,Greater London
Light rain showers and a gentle breeze,9,9,49,35,22,87,2024-02-15,66,Chance of precipitation,1013,10,51,02:00,1,Moderate,9,Light Rain Showers,A gentle breeze from the south south west,SSW,SSW,South South Westerly,16,10,2024-02-09T09:45:00+00:00,2024-02-09T16:00:26.204Z,2643743,Greater London
Light rain showers and a gentle breeze,9,9,48,35,22,87,2024-02-15,66,Chance of precipitation,1013,10,51,03:00,1,Moderate,9,Light Rain Showers,A gentle breeze from the south south west,SSW,SSW,South South Westerly,16,10,2024-02-09T09:45:00+00:00,2024-02-09T16:00:26.204Z,2643743,Greater London
Light rain and a gentle breeze,39,9,48,34,21,88,2024-02-15,70,Chance of precipitation,1012,10,51,04:00,1,Moderate,12,Light Rain,A gentle breeze from the south south west,SSW,SSW,South South Westerly,16,10,2024-02-09T09:45:00+00:00,2024-02-09T16:00:26.204Z,2643743,Greater London
Light rain and a gentle breeze,39,9,48,33,20,89,2024-02-15,70,Chance of precipitation,1012,10,50,05:00,1,Moderate,12,Light Rain,A gentle breeze from the south south west,SSW,SSW,South South Westerly,15,9,2024-02-09T09:45:00+00:00,2024-02-09T16:00:26.204Z,2643743,Greater London
Light rain and a gentle breeze,39,9,48,32,20,88,2024-02-15,70,Chance of precipitation,1012,10,51,06:00,1,Moderate,12,Light Rain,A gentle breeze from the south south west,SSW,SSW,South South Westerly,16,10,2024-02-09T09:45:00+00:00,2024-02-09T16:00:26.204Z,2643743,Greater London
Light rain and a gentle breeze,39,9,49,32,20,89,2024-02-15,70,Chance of precipitation,1011,10,51,07:00,1,Moderate,12,Light Rain,A gentle breeze from the south,S,S,Southerly,16,10,2024-02-09T09:45:00+00:00,2024-02-09T16:00:26.204Z,2643743,Greater London
Light rain and a gentle breeze,12,9,48,32,20,90,2024-02-15,70,Chance of precipitation,1011,10,50,08:00,1,Moderate,12,Light Rain,A gentle breeze from the south,S,S,Southerly,16,10,2024-02-09T09:45:00+00:00,2024-02-09T16:00:26.204Z,2643743,Greater London
Light rain and a gentle breeze,12,9,49,33,21,90,2024-02-15,70,Chance of precipitation,1011,11,51,09:00,1,Good,12,Light Rain,A gentle breeze from the south,S,S,Southerly,16,10,2024-02-09T09:45:00+00:00,2024-02-09T16:00:26.204Z,2643743,Greater London
Light rain and a gentle breeze,12,10,50,34,21,89,2024-02-15,66,Chance of precipitation,1010,11,52,10:00,1,Good,12,Light Rain,A gentle breeze from the south,S,S,Southerly,17,11,2024-02-09T09:45:00+00:00,2024-02-09T16:00:26.204Z,2643743,Greater London
Light rain and a gentle breeze,12,11,51,35,22,85,2024-02-15,66,Chance of precipitation,1010,12,53,11:00,1,Good,12,Light Rain,A gentle breeze from the south,S,S,Southerly,18,11,2024-02-09T09:45:00+00:00,2024-02-09T16:00:26.204Z,2643743,Greater London
Light rain and a gentle breeze,12,11,52,34,21,82,2024-02-15,66,Chance of precipitation,1009,12,53,12:00,1,Moderate,12,Light Rain,A gentle breeze from the south,S,S,Southerly,19,12,2024-02-09T09:45:00+00:00,2024-02-09T16:00:26.204Z,2643743,Greater London
Light rain and a gentle breeze,12,11,52,32,20,81,2024-02-15,70,Chance of precipitation,1009,12,54,13:00,1,Moderate,12,Light Rain,A gentle breeze from the south,S,S,Southerly,19,12,2024-02-09T09:45:00+00:00,2024-02-09T16:00:26.204Z,2643743,Greater London
Light rain and a gentle breeze,12,11,53,31,19,81,2024-02-15,70,Chance of precipitation,1008,12,54,14:00,1,Moderate,12,Light Rain,A gentle breeze from the south,S,S,Southerly,17,11,2024-02-09T09:45:00+00:00,2024-02-09T16:00:26.204Z,2643743,Greater London
Light rain showers and a gentle breeze,10,11,53,29,18,81,2024-02-15,70,Chance of precipitation,1008,12,54,15:00,1,Moderate,10,Light Rain Showers,A gentle breeze from the south south west,SSW,SSW,South South Westerly,17,11,2024-02-09T09:45:00+00:00,2024-02-09T16:00:26.204Z,2643743,Greater London
Light rain showers and a gentle breeze,10,11,53,29,18,82,2024-02-15,70,Chance of precipitation,1008,12,54,16:00,1,Moderate,10,Light Rain Showers,A gentle breeze from the south,S,S,Southerly,16,10,2024-02-09T09:45:00+00:00,2024-02-09T16:00:26.204Z,2643743,Greater London
Light rain showers and a gentle breeze,10,11,52,27,17,83,2024-02-15,70,Chance of precipitation,1008,12,53,17:00,1,Moderate,10,Light Rain Showers,A gentle breeze from the south south west,SSW,SSW,South South Westerly,15,9,2024-02-09T09:45:00+00:00,2024-02-09T16:00:26.204Z,2643743,Greater London
Light rain and a gentle breeze,39,11,51,29,18,84,2024-02-15,70,Chance of precipitation,1008,11,53,18:00,1,Moderate,12,Light Rain,A gentle breeze from the south south west,SSW,SSW,South South Westerly,16,10,2024-02-09T09:45:00+00:00,2024-02-09T16:00:26.204Z,2643743,Greater London
Light rain and a gentle breeze,39,11,51,32,20,84,2024-02-15,70,Chance of precipitation,1008,11,53,19:00,1,Moderate,12,Light Rain,A gentle breeze from the south south west,SSW,SSW,South South Westerly,15,9,2024-02-09T09:45:00+00:00,2024-02-09T16:00:26.204Z,2643743,Greater London
Light rain and a gentle breeze,39,11,51,34,21,86,2024-02-15,70,Chance of precipitation,1009,11,52,20:00,1,Moderate,12,Light Rain,A gentle breeze from the south south west,SSW,SSW,South South Westerly,15,9,2024-02-09T09:45:00+00:00,2024-02-09T16:00:26.204Z,2643743,Greater London
Light rain and a gentle breeze,39,10,51,34,21,87,2024-02-15,70,Chance of precipitation,1009,11,52,21:00,1,Moderate,12,Light Rain,A gentle breeze from the south west,SW,SW,South Westerly,15,9,2024-02-09T09:45:00+00:00,2024-02-09T16:00:26.204Z,2643743,Greater London
Light rain and a gentle breeze,39,9,48,34,21,93,2024-02-15,68,Chance of precipitation,1009,10,50,22:00,1,Moderate,12,Light Rain,A gentle breeze from the south south west,SSW,SSW,South South Westerly,14,9,2024-02-09T09:45:00+00:00,2024-02-09T16:00:26.204Z,2643743,Greater London
Light rain and a gentle breeze,39,10,50,34,21,88,2024-02-15,68,Chance of precipitation,1009,11,51,23:00,1,Moderate,12,Light Rain,A gentle breeze from the south west,SW,SW,South Westerly,14,9,2024-02-09T09:45:00+00:00,2024-02-09T16:00:26.204Z,2643743,Greater London
Light rain and a gentle breeze,39,9,49,34,21,87,2024-02-16,68,Chance of precipitation,1009,10,51,00:00,1,Moderate,12,Light Rain,A gentle breeze from the south west,SW,SW,South Westerly,13,8,2024-02-09T09:45:00+00:00,2024-02-09T16:00:26.204Z,2643743,Greater London
Light rain and a gentle breeze,39,7,45,35,22,88,2024-02-16,69,Chance of precipitation,1009,9,48,01:00,1,Moderate,12,Light Rain,A gentle breeze from the west south west,WSW,WSW,West South Westerly,14,9,2024-02-09T09:45:00+00:00,2024-02-09T16:00:26.204Z,2643743,Greater London
Light rain and a gentle breeze,39,7,45,34,21,87,2024-02-16,69,Chance of precipitation,1009,9,48,02:00,1,Moderate,12,Light Rain,A gentle breeze from the west south west,WSW,WSW,West South Westerly,14,9,2024-02-09T09:45:00+00:00,2024-02-09T16:00:26.204Z,2643743,Greater London
Light rain and a gentle breeze,39,7,44,35,22,86,2024-02-16,70,Chance of precipitation,1009,8,47,03:00,1,Moderate,12,Light Rain,A gentle breeze from the west,W,W,Westerly,14,9,2024-02-09T09:45:00+00:00,2024-02-09T16:00:26.204Z,2643743,Greater London
Light rain and a gentle breeze,39,6,43,34,21,91,2024-02-16,48,Chance of precipitation,1009,8,47,04:00,1,Moderate,12,Light Rain,A gentle breeze from the west,W,W,Westerly,16,10,2024-02-09T09:45:00+00:00,2024-02-09T16:00:26.204Z,2643743,Greater London
Light rain and a gentle breeze,39,6,43,35,22,90,2024-02-16,54,Chance of precipitation,1010,8,47,05:00,1,Moderate,12,Light Rain,A gentle breeze from the west,W,W,Westerly,14,9,2024-02-09T09:45:00+00:00,2024-02-09T16:00:26.204Z,2643743,Greater London
Light rain and a gentle breeze,39,6,43,38,24,84,2024-02-16,48,Chance of precipitation,1010,8,46,06:00,1,Good,12,Light Rain,A gentle breeze from the west north west,WNW,WNW,West North Westerly,14,9,2024-02-09T09:45:00+00:00,2024-02-09T16:00:26.204Z,2643743,Greater London
Light cloud and a gentle breeze,36,6,43,33,21,84,2024-02-16,30,Low chance of precipitation,1011,8,46,07:00,1,Good,7,Light Cloud,A gentle breeze from the west,W,W,Westerly,17,10,2024-02-09T09:45:00+00:00,2024-02-09T16:00:26.204Z,2643743,Greater London
Light cloud and a gentle breeze,7,6,43,34,21,84,2024-02-16,30,Low chance of precipitation,1011,8,46,08:00,1,Good,7,Light Cloud,A gentle breeze from the west north west,WNW,WNW,West North Westerly,13,8,2024-02-09T09:45:00+00:00,2024-02-09T16:00:26.204Z,2643743,Greater London
Light cloud and a gentle breeze,7,7,44,35,22,83,2024-02-16,30,Low chance of precipitation,1012,8,47,09:00,1,Good,7,Light Cloud,A gentle breeze from the west north west,WNW,WNW,West North Westerly,13,8,2024-02-09T09:45:00+00:00,2024-02-09T16:00:26.204Z,2643743,Greater London
Sunny intervals and a gentle breeze,3,7,45,37,23,81,2024-02-16,25,Low chance of precipitation,1012,9,48,10:00,1,Good,3,Sunny Intervals,A gentle breeze from the west north west,WNW,WNW,West North Westerly,14,9,2024-02-09T09:45:00+00:00,2024-02-09T16:00:26.204Z,2643743,Greater London
Sunny intervals and a gentle breeze,3,8,47,46,28,78,2024-02-16,25,Low chance of precipitation,1012,10,50,11:00,1,Good,3,Sunny Intervals,A gentle breeze from the west,W,W,Westerly,15,9,2024-02-09T09:45:00+00:00,2024-02-09T16:00:26.204Z,2643743,Greater London
Sunny intervals and a gentle breeze,3,9,48,37,23,74,2024-02-16,25,Low chance of precipitation,1013,11,51,12:00,1,Good,3,Sunny Intervals,A gentle breeze from the west,W,W,Westerly,19,12,2024-02-09T09:45:00+00:00,2024-02-09T16:00:26.204Z,2643743,Greater London
Sunny intervals and a gentle breeze,3,9,48,37,23,71,2024-02-16,25,Low chance of precipitation,1013,11,51,13:00,1,Good,3,Sunny Intervals,A gentle breeze from the west south west,WSW,WSW,West South Westerly,18,11,2024-02-09T09:45:00+00:00,2024-02-09T16:00:26.204Z,2643743,Greater London
Sunny intervals and a gentle breeze,3,9,49,37,23,69,2024-02-16,25,Low chance of precipitation,1012,11,52,14:00,1,Good,3,Sunny Intervals,A gentle breeze from the west north west,WNW,WNW,West North Westerly,17,11,2024-02-09T09:45:00+00:00,2024-02-09T16:00:26.204Z,2643743,Greater London
Sunny intervals and a gentle breeze,3,10,49,30,19,68,2024-02-16,25,Low chance of precipitation,1012,11,52,15:00,1,Good,3,Sunny Intervals,A gentle breeze from the west,W,W,Westerly,16,10,2024-02-09T09:45:00+00:00,2024-02-09T16:00:26.204Z,2643743,Greater London
Sunny intervals and light winds,3,9,49,28,18,71,2024-02-16,30,Low chance of precipitation,1012,10,51,16:00,1,Good,3,Sunny Intervals,Light winds from the south west,SW,SW,South Westerly,12,7,2024-02-09T09:45:00+00:00,2024-02-09T16:00:26.204Z,2643743,Greater London
Sunny intervals and light winds,3,9,47,28,18,73,2024-02-16,30,Low chance of precipitation,1012,10,50,17:00,1,Good,3,Sunny Intervals,Light winds from the west,W,W,Westerly,11,7,2024-02-09T09:45:00+00:00,2024-02-09T16:00:26.204Z,2643743,Greater London
Partly cloudy and light winds,2,8,47,26,16,79,2024-02-16,30,Low chance of precipitation,1012,9,49,18:00,1,Good,2,Partly Cloudy,Light winds from the west south west,WSW,WSW,West South Westerly,11,7,2024-02-09T09:45:00+00:00,2024-02-09T16:00:26.204Z,2643743,Greater London
Partly cloudy and light winds,2,8,46,26,16,81,2024-02-16,27,Low chance of precipitation,1012,9,48,19:00,1,Good,2,Partly Cloudy,Light winds from the west south west,WSW,WSW,West South Westerly,10,6,2024-02-09T09:45:00+00:00,2024-02-09T16:00:26.204Z,2643743,Greater London
Partly cloudy and light winds,2,7,45,24,15,82,2024-02-16,27,Low chance of precipitation,1013,9,48,20:00,1,Good,2,Partly Cloudy,Light winds from the south west,SW,SW,South Westerly,10,6,2024-02-09T09:45:00+00:00,2024-02-09T16:00:26.204Z,2643743,Greater London
Partly cloudy and light winds,2,7,45,24,15,85,2024-02-16,28,Low chance of precipitation,1013,8,47,21:00,1,Good,2,Partly Cloudy,Light winds from the west,W,W,Westerly,10,6,2024-02-09T09:45:00+00:00,2024-02-09T16:00:26.204Z,2643743,Greater London
Partly cloudy and light winds,2,7,44,25,15,86,2024-02-16,23,Low chance of precipitation,1013,8,46,22:00,1,Good,2,Partly Cloudy,Light winds from the west,W,W,Westerly,10,6,2024-02-09T09:45:00+00:00,2024-02-09T16:00:26.204Z,2643743,Greater London
Light cloud and light winds,36,6,43,25,16,86,2024-02-16,23,Low chance of precipitation,1013,8,46,23:00,1,Good,7,Light Cloud,Light winds from the west,W,W,Westerly,10,6,2024-02-09T09:45:00+00:00,2024-02-09T16:00:26.204Z,2643743,Greater London
Light cloud and light winds,36,6,43,26,16,87,2024-02-17,23,Low chance of precipitation,1013,7,45,00:00,1,Moderate,7,Light Cloud,Light winds from the south west,SW,SW,South Westerly,10,6,2024-02-09T09:45:00+00:00,2024-02-09T16:00:26.204Z,2643743,Greater London
Light cloud and light winds,36,5,40,25,15,86,2024-02-17,27,Low chance of precipitation,1013,7,44,01:00,1,Moderate,7,Light Cloud,Light winds from the west,W,W,Westerly,10,6,2024-02-09T09:45:00+00:00,2024-02-09T16:00:26.204Z,2643743,Greater London
Light cloud and light winds,36,5,40,25,15,86,2024-02-17,27,Low chance of precipitation,1013,6,43,02:00,1,Moderate,7,Light Cloud,Light winds from the west,W,W,Westerly,10,6,2024-02-09T09:45:00+00:00,2024-02-09T16:00:26.204Z,2643743,Greater London
Thick cloud and light winds,37,5,40,25,15,85,2024-02-17,27,Low chance of precipitation,1013,6,43,03:00,1,Moderate,8,Thick Cloud,Light winds from the west,W,W,Westerly,10,6,2024-02-09T09:45:00+00:00,2024-02-09T16:00:26.204Z,2643743,Greater London
Light rain and light winds,39,5,40,24,15,85,2024-02-17,40,Chance of precipitation,1014,6,43,04:00,1,Moderate,12,Light Rain,Light winds from the west north west,WNW,WNW,West North Westerly,10,6,2024-02-09T09:45:00+00:00,2024-02-09T16:00:26.204Z,2643743,Greater London
Light rain and light winds,39,5,40,25,15,85,2024-02-17,40,Chance of precipitation,1014,6,43,05:00,1,Moderate,12,Light Rain,Light winds from the west north west,WNW,WNW,West North Westerly,10,6,2024-02-09T09:45:00+00:00,2024-02-09T16:00:26.204Z,2643743,Greater London
Light rain and light winds,39,5,41,26,16,84,2024-02-17,40,Chance of precipitation,1014,7,44,06:00,1,Poor,12,Light Rain,Light winds from the west north west,WNW,WNW,West North Westerly,10,6,2024-02-09T16:00:26+00:00,2024-02-09T16:00:26.204Z,2643743,Greater London
Light rain and light winds,39,5,41,24,15,84,2024-02-17,18,Low chance of precipitation,1015,7,44,07:00,1,Moderate,12,Light Rain,Light winds from the west north west,WNW,WNW,West North Westerly,10,6,2024-02-09T16:00:26+00:00,2024-02-09T16:00:26.204Z,2643743,Greater London
Light rain and light winds,12,5,41,25,16,84,2024-02-17,18,Low chance of precipitation,1016,7,44,08:00,1,Moderate,12,Light Rain,Light winds from the west,W,W,Westerly,10,6,2024-02-09T16:00:26+00:00,2024-02-09T16:00:26.204Z,2643743,Greater London
Light rain and light winds,12,5,41,27,17,83,2024-02-17,18,Low chance of precipitation,1016,7,45,09:00,1,Good,12,Light Rain,Light winds from the west south west,WSW,WSW,West South Westerly,10,6,2024-02-09T16:00:26+00:00,2024-02-09T16:00:26.204Z,2643743,Greater London
Light cloud and light winds,7,6,43,29,18,81,2024-02-17,14,Low chance of precipitation,1017,8,46,10:00,1,Good,7,Light Cloud,Light winds from the north west,NW,NW,North Westerly,11,7,2024-02-09T16:00:26+00:00,2024-02-09T16:00:26.204Z,2643743,Greater London
Sunny intervals and light winds,3,7,44,31,19,78,2024-02-17,15,Low chance of precipitation,1017,9,47,11:00,1,Good,3,Sunny Intervals,Light winds from the north west,NW,NW,North Westerly,12,7,2024-02-09T16:00:26+00:00,2024-02-09T16:00:26.204Z,2643743,Greater London
Sunny intervals and a gentle breeze,3,7,45,29,18,74,2024-02-17,15,Low chance of precipitation,1018,9,48,12:00,1,Good,3,Sunny Intervals,A gentle breeze from the north west,NW,NW,North Westerly,12,8,2024-02-09T16:00:26+00:00,2024-02-09T16:00:26.204Z,2643743,Greater London
Sunny intervals and light winds,3,8,46,29,18,73,2024-02-17,18,Low chance of precipitation,1018,9,49,13:00,1,Good,3,Sunny Intervals,Light winds from the west south west,WSW,WSW,West South Westerly,12,7,2024-02-09T16:00:26+00:00,2024-02-09T16:00:26.204Z,2643743,Greater London
Sunny intervals and light winds,3,8,47,29,18,72,2024-02-17,19,Low chance of precipitation,1018,10,50,14:00,1,Good,3,Sunny Intervals,Light winds from the west,W,W,Westerly,12,7,2024-02-09T16:00:26+00:00,2024-02-09T16:00:26.204Z,2643743,Greater London
Sunny intervals and light winds,3,9,48,26,16,72,2024-02-17,19,Low chance of precipitation,1018,10,50,15:00,1,Good,3,Sunny Intervals,Light winds from the west,W,W,Westerly,11,7,2024-02-09T16:00:26+00:00,2024-02-09T16:00:26.204Z,2643743,Greater London
Sunny intervals and light winds,3,9,47,24,15,73,2024-02-17,15,Low chance of precipitation,1018,10,49,16:00,1,Good,3,Sunny Intervals,Light winds from the west north west,WNW,WNW,West North Westerly,10,6,2024-02-09T16:00:26+00:00,2024-02-09T16:00:26.204Z,2643743,Greater London
Sunny intervals and light winds,3,8,47,25,15,75,2024-02-17,17,Low chance of precipitation,1018,9,49,17:00,1,Good,3,Sunny Intervals,Light winds from the west,W,W,Westerly,10,6,2024-02-09T16:00:26+00:00,2024-02-09T16:00:26.204Z,2643743,Greater London
Partly cloudy and light winds,2,8,46,24,15,76,2024-02-17,15,Low chance of precipitation,1019,9,48,18:00,1,Good,2,Partly Cloudy,Light winds from the west,W,W,Westerly,10,6,2024-02-09T16:00:26+00:00,2024-02-09T16:00:26.204Z,2643743,Greater London
Partly cloudy and light winds,2,8,46,23,15,77,2024-02-17,0,Precipitation is not expected,1019,9,48,19:00,1,Good,2,Partly Cloudy,Light winds from the west south west,WSW,WSW,West South Westerly,9,6,2024-02-09T16:00:26+00:00,2024-02-09T16:00:26.204Z,2643743,Greater London
Partly cloudy and light winds,2,7,45,21,13,80,2024-02-17,0,Precipitation is not expected,1019,9,47,20:00,1,Good,2,Partly Cloudy,Light winds from the south west,SW,SW,South Westerly,9,6,2024-02-09T16:00:26+00:00,2024-02-09T16:00:26.204Z,2643743,Greater London
Partly cloudy and light winds,2,7,44,23,14,83,2024-02-17,0,Precipitation is not expected,1019,8,47,21:00,1,Good,2,Partly Cloudy,Light winds from the south west,SW,SW,South Westerly,9,6,2024-02-09T16:00:26+00:00,2024-02-09T16:00:26.204Z,2643743,Greater London
Partly cloudy and light winds,2,6,43,24,15,85,2024-02-17,22,Low chance of precipitation,1019,8,46,22:00,1,Good,2,Partly Cloudy,Light winds from the south west,SW,SW,South Westerly,9,6,2024-02-09T16:00:26+00:00,2024-02-09T16:00:26.204Z,2643743,Greater London
Partly cloudy and light winds,2,6,43,25,15,86,2024-02-17,22,Low chance of precipitation,1019,7,45,23:00,1,Good,2,Partly Cloudy,Light winds from the west south west,WSW,WSW,West South Westerly,9,6,2024-02-09T16:00:26+00:00,2024-02-09T16:00:26.204Z,2643743,Greater London
Light cloud and light winds,36,5,42,27,17,87,2024-02-18,26,Low chance of precipitation,1019,7,45,00:00,1,Good,7,Light Cloud,Light winds from the south west,SW,SW,South Westerly,10,6,2024-02-09T16:00:26+00:00,2024-02-09T16:00:26.204Z,2643743,Greater London
Light rain and light winds,39,5,41,27,17,88,2024-02-18,33,Chance of precipitation,1018,7,44,01:00,1,Good,12,Light Rain,Light winds from the west south west,WSW,WSW,West South Westerly,10,6,2024-02-09T16:00:26+00:00,2024-02-09T16:00:26.204Z,2643743,Greater London
Light rain and light winds,39,5,41,29,18,88,2024-02-18,34,Chance of precipitation,1018,7,44,02:00,1,Good,12,Light Rain,Light winds from the west south west,WSW,WSW,West South Westerly,11,7,2024-02-09T16:00:26+00:00,2024-02-09T16:00:26.204Z,2643743,Greater London
Light rain and light winds,39,5,41,29,18,85,2024-02-18,35,Chance of precipitation,1017,7,45,03:00,1,Good,12,Light Rain,Light winds from the west south west,WSW,WSW,West South Westerly,11,7,2024-02-09T16:00:26+00:00,2024-02-09T16:00:26.204Z,2643743,Greater London
Light rain and light winds,39,5,41,28,18,88,2024-02-18,28,Low chance of precipitation,1017,7,45,04:00,1,Good,12,Light Rain,Light winds from the west south west,WSW,WSW,West South Westerly,11,7,2024-02-09T16:00:26+00:00,2024-02-09T16:00:26.204Z,2643743,Greater London
Light rain and light winds,39,5,41,29,18,87,2024-02-18,28,Low chance of precipitation,1017,7,45,05:00,1,Good,12,Light Rain,Light winds from the west,W,W,Westerly,11,7,2024-02-09T16:00:26+00:00,2024-02-09T16:00:26.204Z,2643743,Greater London
Light rain and light winds,39,5,42,29,18,87,2024-02-18,26,Low chance of precipitation,1017,7,45,06:00,1,Good,12,Light Rain,Light winds from the west,W,W,Westerly,12,7,2024-02-09T16:00:26+00:00,2024-02-09T16:00:26.204Z,2643743,Greater London
Light cloud and light winds,36,6,42,30,19,86,2024-02-18,0,Precipitation is not expected,1017,7,45,07:00,1,Good,7,Light Cloud,Light winds from the west,W,W,Westerly,12,7,2024-02-09T16:00:26+00:00,2024-02-09T16:00:26.204Z,2643743,Greater London
Light cloud and light winds,7,6,43,31,19,84,2024-02-18,0,Precipitation is not expected,1017,8,46,08:00,1,Good,7,Light Cloud,Light winds from the west,W,W,Westerly,12,7,2024-02-09T16:00:26+00:00,2024-02-09T16:00:26.204Z,2643743,Greater London
Light cloud and a gentle breeze,7,7,44,35,22,81,2024-02-18,0,Precipitation is not expected,1017,8,47,09:00,1,Good,7,Light Cloud,A gentle breeze from the west,W,W,Westerly,13,8,2024-02-09T16:00:26+00:00,2024-02-09T16:00:26.204Z,2643743,Greater London
Light cloud and a gentle breeze,7,7,45,37,23,78,2024-02-18,10,Low chance of precipitation,1017,9,48,10:00,1,Good,7,Light Cloud,A gentle breeze from the west,W,W,Westerly,14,9,2024-02-09T16:00:26+00:00,2024-02-09T16:00:26.204Z,2643743,Greater London
Light cloud and a gentle breeze,7,8,47,40,25,74,2024-02-18,10,Low chance of precipitation,1017,10,50,11:00,1,Good,7,Light Cloud,A gentle breeze from the west,W,W,Westerly,15,9,2024-02-09T16:00:26+00:00,2024-02-09T16:00:26.204Z,2643743,Greater London
Light cloud and a gentle breeze,7,9,48,42,26,70,2024-02-18,9,Low chance of precipitation,1018,10,51,12:00,1,Good,7,Light Cloud,A gentle breeze from the west south west,WSW,WSW,West South Westerly,16,10,2024-02-09T16:00:26+00:00,2024-02-09T16:00:26.204Z,2643743,Greater London
Light cloud and a gentle breeze,7,9,48,42,26,69,2024-02-18,29,Low chance of precipitation,1017,11,51,13:00,1,Good,7,Light Cloud,A gentle breeze from the west,W,W,Westerly,17,10,2024-02-09T16:00:26+00:00,2024-02-09T16:00:26.204Z,2643743,Greater London
Light rain showers and a gentle breeze,10,9,48,42,26,68,2024-02-18,39,Chance of precipitation,1017,11,51,14:00,1,Good,10,Light Rain Showers,A gentle breeze from the west south west,WSW,WSW,West South Westerly,17,11,2024-02-09T16:00:26+00:00,2024-02-09T16:00:26.204Z,2643743,Greater London
Thick cloud and a gentle breeze,8,9,48,40,25,67,2024-02-18,27,Low chance of precipitation,1017,11,51,15:00,1,Good,8,Thick Cloud,A gentle breeze from the west south west,WSW,WSW,West South Westerly,17,10,2024-02-09T16:00:26+00:00,2024-02-09T16:00:26.204Z,2643743,Greater London
Light rain and a gentle breeze,12,9,48,37,23,69,2024-02-18,55,Chance of precipitation,1017,10,51,16:00,1,Good,12,Light Rain,A gentle breeze from the west south west,WSW,WSW,West South Westerly,16,10,2024-02-09T16:00:26+00:00,2024-02-09T16:00:26.204Z,2643743,Greater London
Light rain and a gentle breeze,12,8,47,36,22,71,2024-02-18,40,Chance of precipitation,1018,10,50,17:00,1,Good,12,Light Rain,A gentle breeze from the west,W,W,Westerly,15,9,2024-02-09T16:00:26+00:00,2024-02-09T16:00:26.204Z,2643743,Greater London
Light rain and a gentle breeze,39,8,46,34,21,73,2024-02-18,55,Chance of precipitation,1018,10,49,18:00,1,Good,12,Light Rain,A gentle breeze from the west,W,W,Westerly,14,9,2024-02-09T16:00:26+00:00,2024-02-09T16:00:26.204Z,2643743,Greater London
Light cloud and a gentle breeze,36,8,46,34,21,73,2024-02-18,0,Precipitation is not expected,1018,9,49,19:00,1,Good,7,Light Cloud,A gentle breeze from the west,W,W,Westerly,14,9,2024-02-09T16:00:26+00:00,2024-02-09T16:00:26.204Z,2643743,Greater London
Light cloud and a gentle breeze,36,7,46,33,20,74,2024-02-18,0,Precipitation is not expected,1019,9,49,20:00,1,Good,7,Light Cloud,A gentle breeze from the west,W,W,Westerly,13,8,2024-02-09T16:00:26+00:00,2024-02-09T16:00:26.204Z,2643743,Greater London
Light cloud and a gentle breeze,36,7,45,32,20,75,2024-02-18,0,Precipitation is not expected,1020,9,48,21:00,1,Good,7,Light Cloud,A gentle breeze from the west,W,W,Westerly,13,8,2024-02-09T16:00:26+00:00,2024-02-09T16:00:26.204Z,2643743,Greater London
Partly cloudy and a gentle breeze,2,7,44,32,20,77,2024-02-18,0,Precipitation is not expected,1020,9,47,22:00,1,Good,2,Partly Cloudy,A gentle breeze from the west,W,W,Westerly,13,8,2024-02-09T16:00:26+00:00,2024-02-09T16:00:26.204Z,2643743,Greater London
Partly cloudy and a gentle breeze,2,6,43,32,20,77,2024-02-18,0,Precipitation is not expected,1020,8,47,23:00,1,Good,2,Partly Cloudy,A gentle breeze from the west,W,W,Westerly,13,8,2024-02-09T16:00:26+00:00,2024-02-09T16:00:26.204Z,2643743,Greater London
Partly cloudy and a gentle breeze,2,6,43,33,21,78,2024-02-19,0,Precipitation is not expected,1021,8,46,00:00,1,Good,2,Partly Cloudy,A gentle breeze from the west south west,WSW,WSW,West South Westerly,13,8,2024-02-09T16:00:26+00:00,2024-02-09T16:00:26.204Z,2643743,Greater London
Partly cloudy and a gentle breeze,2,5,41,34,21,79,2024-02-19,0,Precipitation is not expected,1021,7,45,01:00,1,Good,2,Partly Cloudy,A gentle breeze from the west,W,W,Westerly,13,8,2024-02-09T16:00:26+00:00,2024-02-09T16:00:26.204Z,2643743,Greater London
Partly cloudy and a gentle breeze,2,5,41,34,21,79,2024-02-19,0,Precipitation is not expected,1021,7,45,02:00,1,Good,2,Partly Cloudy,A gentle breeze from the west,W,W,Westerly,13,8,2024-02-09T16:00:26+00:00,2024-02-09T16:00:26.204Z,2643743,Greater London
A clear sky and a gentle breeze,0,5,40,34,21,79,2024-02-19,0,Precipitation is not expected,1021,7,44,03:00,1,Good,0,Clear Sky,A gentle breeze from the west,W,W,Westerly,14,9,2024-02-09T16:00:26+00:00,2024-02-09T16:00:26.204Z,2643743,Greater London
Partly cloudy and a gentle breeze,2,5,40,33,21,80,2024-02-19,0,Precipitation is not expected,1021,7,44,04:00,1,Good,2,Partly Cloudy,A gentle breeze from the west,W,W,Westerly,14,9,2024-02-09T16:00:26+00:00,2024-02-09T16:00:26.204Z,2643743,Greater London
Partly cloudy and a gentle breeze,2,5,40,33,21,80,2024-02-19,0,Precipitation is not expected,1021,7,44,05:00,1,Good,2,Partly Cloudy,A gentle breeze from the west,W,W,Westerly,13,8,2024-02-09T16:00:26+00:00,2024-02-09T16:00:26.204Z,2643743,Greater London
Partly cloudy and a gentle breeze,2,5,40,33,21,79,2024-02-19,0,Precipitation is not expected,1020,7,44,06:00,1,Good,2,Partly Cloudy,A gentle breeze from the west south west,WSW,WSW,West South Westerly,13,8,2024-02-09T16:00:26+00:00,2024-02-09T16:00:26.204Z,2643743,Greater London
Light cloud and a gentle breeze,36,5,41,33,20,80,2024-02-19,0,Precipitation is not expected,1020,7,45,07:00,1,Good,7,Light Cloud,A gentle breeze from the west south west,WSW,WSW,West South Westerly,13,8,2024-02-09T16:00:26+00:00,2024-02-09T16:00:26.204Z,2643743,Greater London
Light cloud and a gentle breeze,7,5,41,34,21,78,2024-02-19,0,Precipitation is not expected,1020,7,45,08:00,1,Good,7,Light Cloud,A gentle breeze from the west south west,WSW,WSW,West South Westerly,13,8,2024-02-09T16:00:26+00:00,2024-02-09T16:00:26.204Z,2643743,Greater London
Light cloud and a gentle breeze,7,6,42,37,23,77,2024-02-19,0,Precipitation is not expected,1020,8,46,09:00,1,Good,7,Light Cloud,A gentle breeze from the west south west,WSW,WSW,West South Westerly,14,9,2024-02-09T16:00:26+00:00,2024-02-09T16:00:26.204Z,2643743,Greater London
Light rain and a gentle breeze,12,6,43,38,24,76,2024-02-19,37,Chance of precipitation,1020,8,47,10:00,1,Good,12,Light Rain,A gentle breeze from the west,W,W,Westerly,15,9,2024-02-09T16:00:26+00:00,2024-02-09T16:00:26.204Z,2643743,Greater London
Light rain and a gentle breeze,12,7,45,42,26,73,2024-02-19,37,Chance of precipitation,1020,9,49,11:00,1,Good,12,Light Rain,A gentle breeze from the west,W,W,Westerly,15,9,2024-02-09T16:00:26+00:00,2024-02-09T16:00:26.204Z,2643743,Greater London
Light rain and a gentle breeze,12,8,46,41,26,70,2024-02-19,37,Chance of precipitation,1020,10,50,12:00,1,Good,12,Light Rain,A gentle breeze from the west,W,W,Westerly,17,10,2024-02-09T16:00:26+00:00,2024-02-09T16:00:26.204Z,2643743,Greater London
Light cloud and a gentle breeze,7,8,47,40,25,69,2024-02-19,13,Low chance of precipitation,1020,10,50,13:00,1,Good,7,Light Cloud,A gentle breeze from the west,W,W,Westerly,16,10,2024-02-09T16:00:26+00:00,2024-02-09T16:00:26.204Z,2643743,Greater London
Light cloud and a gentle breeze,7,9,48,39,24,68,2024-02-19,13,Low chance of precipitation,1020,10,51,14:00,1,Good,7,Light Cloud,A gentle breeze from the west north west,WNW,WNW,West North Westerly,16,10,2024-02-09T16:00:26+00:00,2024-02-09T16:00:26.204Z,2643743,Greater London
Sunny intervals and a gentle breeze,3,9,48,37,23,67,2024-02-19,13,Low chance of precipitation,1020,11,51,15:00,1,Good,3,Sunny Intervals,A gentle breeze from the west,W,W,Westerly,16,10,2024-02-09T16:00:26+00:00,2024-02-09T16:00:26.204Z,2643743,Greater London
Light cloud and a gentle breeze,7,9,48,36,22,68,2024-02-19,0,Precipitation is not expected,1020,10,51,16:00,1,Good,7,Light Cloud,A gentle breeze from the west north west,WNW,WNW,West North Westerly,15,9,2024-02-09T16:00:26+00:00,2024-02-09T16:00:26.204Z,2643743,Greater London
Light cloud and a gentle breeze,7,8,47,34,21,70,2024-02-19,0,Precipitation is not expected,1020,10,50,17:00,1,Good,7,Light Cloud,A gentle breeze from the west,W,W,Westerly,14,9,2024-02-09T16:00:26+00:00,2024-02-09T16:00:26.204Z,2643743,Greater London
Light cloud and a gentle breeze,36,8,46,31,19,71,2024-02-19,0,Precipitation is not expected,1020,9,49,18:00,1,Good,7,Light Cloud,A gentle breeze from the west,W,W,Westerly,14,9,2024-02-09T16:00:26+00:00,2024-02-09T16:00:26.204Z,2643743,Greater London
Light rain and a gentle breeze,39,8,46,29,18,73,2024-02-19,34,Chance of precipitation,1020,9,49,19:00,1,Good,12,Light Rain,A gentle breeze from the west,W,W,Westerly,12,8,2024-02-09T16:00:26+00:00,2024-02-09T16:00:26.204Z,2643743,Greater London
Light rain and light winds,39,7,45,27,17,74,2024-02-19,34,Chance of precipitation,1019,9,48,20:00,1,Good,12,Light Rain,Light winds from the west south west,WSW,WSW,West South Westerly,12,7,2024-02-09T16:00:26+00:00,2024-02-09T16:00:26.204Z,2643743,Greater London
Light rain and light winds,39,7,45,27,17,77,2024-02-19,34,Chance of precipitation,1019,9,48,21:00,1,Good,12,Light Rain,Light winds from the south west,SW,SW,South Westerly,11,7,2024-02-09T16:00:26+00:00,2024-02-09T16:00:26.204Z,2643743,Greater London
Light rain and light winds,39,7,45,29,18,79,2024-02-19,67,Chance of precipitation,1019,9,47,22:00,1,Good,12,Light Rain,Light winds from the west south west,WSW,WSW,West South Westerly,11,7,2024-02-09T16:00:26+00:00,2024-02-09T16:00:26.204Z,2643743,Greater London
Light rain and light winds,39,7,44,29,18,80,2024-02-19,67,Chance of precipitation,1018,8,47,23:00,1,Good,12,Light Rain,Light winds from the west,W,W,Westerly,12,7,2024-02-09T16:00:26+00:00,2024-02-09T16:00:26.204Z,2643743,Greater London
Light rain and light winds,39,6,44,30,19,81,2024-02-20,67,Chance of precipitation,1018,8,47,00:00,1,Moderate,12,Light Rain,Light winds from the south west,SW,SW,South Westerly,12,7,2024-02-09T16:00:26+00:00,2024-02-09T16:00:26.204Z,2643743,Greater London
Light rain and a gentle breeze,39,6,42,31,19,82,2024-02-20,61,Chance of precipitation,1017,8,46,01:00,1,Moderate,12,Light Rain,A gentle breeze from the south west,SW,SW,South Westerly,12,8,2024-02-09T16:00:26+00:00,2024-02-09T16:00:26.204Z,2643743,Greater London
Light rain and a gentle breeze,39,5,42,31,19,81,2024-02-20,61,Chance of precipitation,1017,7,45,02:00,1,Moderate,12,Light Rain,A gentle breeze from the west south west,WSW,WSW,West South Westerly,12,8,2024-02-09T16:00:26+00:00,2024-02-09T16:00:26.204Z,2643743,Greater London
Light rain and a gentle breeze,39,5,41,31,19,82,2024-02-20,61,Chance of precipitation,1017,7,45,03:00,1,Moderate,12,Light Rain,A gentle breeze from the west,W,W,Westerly,13,8,2024-02-09T16:00:26+00:00,2024-02-09T16:00:26.204Z,2643743,Greater London
Light rain and a gentle breeze,39,5,41,30,19,82,2024-02-20,50,Chance of precipitation,1017,7,45,04:00,1,Moderate,12,Light Rain,A gentle breeze from the west,W,W,Westerly,12,8,2024-02-09T16:00:26+00:00,2024-02-09T16:00:26.204Z,2643743,Greater London
Light rain and light winds,39,5,41,29,18,83,2024-02-20,50,Chance of precipitation,1017,7,44,05:00,1,Moderate,12,Light Rain,Light winds from the west,W,W,Westerly,12,7,2024-02-09T16:00:26+00:00,2024-02-09T16:00:26.204Z,2643743,Greater London
Light rain and light winds,39,5,41,26,16,82,2024-02-20,50,Chance of precipitation,1017,7,44,06:00,1,Good,12,Light Rain,Light winds from the west,W,W,Westerly,12,7,2024-02-09T16:00:26+00:00,2024-02-09T16:00:26.204Z,2643743,Greater London
Light cloud and light winds,36,5,41,23,15,81,2024-02-20,17,Low chance of precipitation,1018,7,45,07:00,1,Good,7,Light Cloud,Light winds from the west,W,W,Westerly,10,6,2024-02-09T16:00:26+00:00,2024-02-09T16:00:26.204Z,2643743,Greater London
Sunny intervals and light winds,3,5,42,21,13,80,2024-02-20,17,Low chance of precipitation,1018,7,45,08:00,1,Good,3,Sunny Intervals,Light winds from the west north west,WNW,WNW,West North Westerly,9,6,2024-02-09T16:00:26+00:00,2024-02-09T16:00:26.204Z,2643743,Greater London
Sunny intervals and light winds,3,6,43,22,14,79,2024-02-20,17,Low chance of precipitation,1019,7,45,09:00,1,Good,3,Sunny Intervals,Light winds from the west north west,WNW,WNW,West North Westerly,8,5,2024-02-09T16:00:26+00:00,2024-02-09T16:00:26.204Z,2643743,Greater London
Sunny intervals and light winds,3,7,45,24,15,75,2024-02-20,0,Precipitation is not expected,1019,8,47,10:00,1,Good,3,Sunny Intervals,Light winds from the west,W,W,Westerly,9,6,2024-02-09T16:00:26+00:00,2024-02-09T16:00:26.204Z,2643743,Greater London
Sunny intervals and light winds,3,8,47,27,17,71,2024-02-20,0,Precipitation is not expected,1019,9,49,11:00,1,Good,3,Sunny Intervals,Light winds from the west north west,WNW,WNW,West North Westerly,9,6,2024-02-09T16:00:26+00:00,2024-02-09T16:00:26.204Z,2643743,Greater London
Sunny intervals and light winds,3,9,48,26,16,67,2024-02-20,0,Precipitation is not expected,1020,10,50,12:00,1,Good,3,Sunny Intervals,Light winds from the west,W,W,Westerly,11,7,2024-02-09T16:00:26+00:00,2024-02-09T16:00:26.204Z,2643743,Greater London
Light rain showers and light winds,10,9,49,26,16,66,2024-02-20,19,Low chance of precipitation,1019,10,51,13:00,1,Good,10,Light Rain Showers,Light winds from the west,W,W,Westerly,10,6,2024-02-09T16:00:26+00:00,2024-02-09T16:00:26.204Z,2643743,Greater London
Light rain showers and light winds,10,9,49,26,16,67,2024-02-20,17,Low chance of precipitation,1019,11,51,14:00,1,Good,10,Light Rain Showers,Light winds from the west,W,W,Westerly,10,6,2024-02-09T16:00:26+00:00,2024-02-09T16:00:26.204Z,2643743,Greater London
Light rain showers and light winds,10,10,49,23,14,67,2024-02-20,15,Low chance of precipitation,1019,11,51,15:00,1,Good,10,Light Rain Showers,Light winds from the west,W,W,Westerly,10,6,2024-02-09T16:00:26+00:00,2024-02-09T16:00:26.204Z,2643743,Greater London
Light rain showers and light winds,10,9,49,21,13,69,2024-02-20,18,Low chance of precipitation,1019,10,51,16:00,1,Good,10,Light Rain Showers,Light winds from the west south west,WSW,WSW,West South Westerly,9,6,2024-02-09T16:00:26+00:00,2024-02-09T16:00:26.204Z,2643743,Greater London
Light rain showers and light winds,10,9,48,19,12,70,2024-02-20,20,Low chance of precipitation,1018,10,50,17:00,1,Good,10,Light Rain Showers,Light winds from the south west,SW,SW,South Westerly,8,5,2024-02-09T16:00:26+00:00,2024-02-09T16:00:26.204Z,2643743,Greater London
Light rain showers and light winds,9,9,48,18,11,73,2024-02-20,23,Low chance of precipitation,1018,10,49,18:00,1,Good,9,Light Rain Showers,Light winds from the south west,SW,SW,South Westerly,8,5,2024-02-09T16:00:26+00:00,2024-02-09T16:00:26.204Z,2643743,Greater London
Partly cloudy and light winds,2,9,49,17,10,73,2024-02-20,0,Precipitation is not expected,1018,9,49,19:00,1,Good,2,Partly Cloudy,Light winds from the south west,SW,SW,South Westerly,7,5,2024-02-09T16:00:26+00:00,2024-02-09T16:00:26.204Z,2643743,Greater London
Light cloud and light winds,36,9,48,15,9,75,2024-02-20,0,Precipitation is not expected,1018,9,48,20:00,1,Good,7,Light Cloud,Light winds from the south west,SW,SW,South Westerly,7,5,2024-02-09T16:00:26+00:00,2024-02-09T16:00:26.204Z,2643743,Greater London
Light cloud and light winds,36,8,46,16,10,77,2024-02-20,0,Precipitation is not expected,1018,9,48,21:00,1,Good,7,Light Cloud,Light winds from the south south west,SSW,SSW,South South Westerly,8,5,2024-02-09T16:00:26+00:00,2024-02-09T16:00:26.204Z,2643743,Greater London
Light cloud and light winds,36,7,46,17,11,80,2024-02-20,0,Precipitation is not expected,1017,9,47,22:00,1,Good,7,Light Cloud,Light winds from the south south west,SSW,SSW,South South Westerly,8,5,2024-02-09T16:00:26+00:00,2024-02-09T16:00:26.204Z,2643743,Greater London
Light cloud and light winds,36,7,45,18,11,81,2024-02-20,0,Precipitation is not expected,1017,8,47,23:00,1,Good,7,Light Cloud,Light winds from the south,S,S,Southerly,8,5,2024-02-09T16:00:26+00:00,2024-02-09T16:00:26.204Z,2643743,Greater London
Light cloud and light winds,36,7,44,18,11,82,2024-02-21,0,Precipitation is not expected,1017,8,46,00:00,1,Good,7,Light Cloud,Light winds from the south,S,S,Southerly,8,5,2024-02-09T16:00:26+00:00,2024-02-09T16:00:26.204Z,2643743,Greater London
Partly cloudy and light winds,2,6,43,18,11,84,2024-02-21,0,Precipitation is not expected,1016,7,45,01:00,1,Good,2,Partly Cloudy,Light winds from the south south west,SSW,SSW,South South Westerly,8,5,2024-02-09T16:00:26+00:00,2024-02-09T16:00:26.204Z,2643743,Greater London
Partly cloudy and light winds,2,6,43,19,12,83,2024-02-21,0,Precipitation is not expected,1016,7,45,02:00,1,Good,2,Partly Cloudy,Light winds from the south south west,SSW,SSW,South South Westerly,8,5,2024-02-09T16:00:26+00:00,2024-02-09T16:00:26.204Z,2643743,Greater London
Partly cloudy and light winds,2,6,42,21,13,84,2024-02-21,0,Precipitation is not expected,1015,7,45,03:00,1,Good,2,Partly Cloudy,Light winds from the south south west,SSW,SSW,South South Westerly,8,5,2024-02-09T16:00:26+00:00,2024-02-09T16:00:26.204Z,2643743,Greater London
Partly cloudy and light winds,2,6,42,22,14,84,2024-02-21,0,Precipitation is not expected,1015,7,45,04:00,1,Good,2,Partly Cloudy,Light winds from the south south west,SSW,SSW,South South Westerly,9,5,2024-02-09T16:00:26+00:00,2024-02-09T16:00:26.204Z,2643743,Greater London
Partly cloudy and light winds,2,5,42,24,15,84,2024-02-21,0,Precipitation is not expected,1014,7,45,05:00,1,Good,2,Partly Cloudy,Light winds from the south south west,SSW,SSW,South South Westerly,9,6,2024-02-09T16:00:26+00:00,2024-02-09T16:00:26.204Z,2643743,Greater London
Partly cloudy and light winds,2,5,42,23,15,83,2024-02-21,0,Precipitation is not expected,1013,7,45,06:00,1,Good,2,Partly Cloudy,Light winds from the south,S,S,Southerly,9,6,2024-02-09T16:00:26+00:00,2024-02-09T16:00:26.204Z,2643743,Greater London
Partly cloudy and light winds,2,6,42,23,15,82,2024-02-21,0,Precipitation is not expected,1013,7,45,07:00,1,Good,2,Partly Cloudy,Light winds from the south south west,SSW,SSW,South South Westerly,9,6,2024-02-09T16:00:26+00:00,2024-02-09T16:00:26.204Z,2643743,Greater London
Sunny intervals and light winds,3,6,42,25,15,80,2024-02-21,0,Precipitation is not expected,1013,7,45,08:00,1,Good,3,Sunny Intervals,Light winds from the south,S,S,Southerly,9,6,2024-02-09T16:00:26+00:00,2024-02-09T16:00:26.204Z,2643743,Greater London
Light cloud and light winds,7,6,43,25,16,78,2024-02-21,0,Precipitation is not expected,1013,8,46,09:00,1,Good,7,Light Cloud,Light winds from the south,S,S,Southerly,10,6,2024-02-09T16:00:26+00:00,2024-02-09T16:00:26.204Z,2643743,Greater London
Light cloud and light winds,7,7,45,28,18,76,2024-02-21,0,Precipitation is not expected,1013,9,47,10:00,1,Good,7,Light Cloud,Light winds from the south south east,SSE,SSE,South South Easterly,10,6,2024-02-09T16:00:26+00:00,2024-02-09T16:00:26.204Z,2643743,Greater London
Light cloud and light winds,7,8,46,31,19,72,2024-02-21,0,Precipitation is not expected,1012,9,49,11:00,1,Good,7,Light Cloud,Light winds from the south,S,S,Southerly,11,7,2024-02-09T16:00:26+00:00,2024-02-09T16:00:26.204Z,2643743,Greater London
Thick cloud and a gentle breeze,8,9,47,30,19,69,2024-02-21,0,Precipitation is not expected,1012,10,50,12:00,1,Good,8,Thick Cloud,A gentle breeze from the south,S,S,Southerly,12,8,2024-02-09T16:00:26+00:00,2024-02-09T16:00:26.204Z,2643743,Greater London
Drizzle and a gentle breeze,11,9,48,29,18,69,2024-02-21,38,Chance of precipitation,1012,10,50,13:00,1,Good,11,Drizzle,A gentle breeze from the south south east,SSE,SSE,South South Easterly,12,8,2024-02-09T16:00:26+00:00,2024-02-09T16:00:26.204Z,2643743,Greater London
Drizzle and light winds,11,9,48,29,18,69,2024-02-21,38,Chance of precipitation,1011,10,50,14:00,1,Good,11,Drizzle,Light winds from the south,S,S,Southerly,12,7,2024-02-09T16:00:26+00:00,2024-02-09T16:00:26.204Z,2643743,Greater London
Drizzle and light winds,11,9,48,27,17,70,2024-02-21,38,Chance of precipitation,1011,10,50,15:00,1,Good,11,Drizzle,Light winds from the south south east,SSE,SSE,South South Easterly,12,7,2024-02-09T16:00:26+00:00,2024-02-09T16:00:26.204Z,2643743,Greater London
Light rain and light winds,12,9,47,26,16,70,2024-02-21,67,Chance of precipitation,1011,10,50,16:00,1,Good,12,Light Rain,Light winds from the south,S,S,Southerly,11,7,2024-02-09T16:00:26+00:00,2024-02-09T16:00:26.204Z,2643743,Greater London
Light rain and light winds,12,8,47,24,15,72,2024-02-21,67,Chance of precipitation,1011,9,49,17:00,1,Good,12,Light Rain,Light winds from the south,S,S,Southerly,10,6,2024-02-09T16:00:26+00:00,2024-02-09T16:00:26.204Z,2643743,Greater London
Light rain and light winds,39,8,46,23,15,74,2024-02-21,67,Chance of precipitation,1011,9,48,18:00,1,Good,12,Light Rain,Light winds from the south,S,S,Southerly,10,6,2024-02-09T16:00:26+00:00,2024-02-09T16:00:26.204Z,2643743,Greater London
Light rain and light winds,39,7,45,22,14,74,2024-02-21,70,Chance of precipitation,1011,9,48,19:00,1,Good,12,Light Rain,Light winds from the south,S,S,Southerly,9,6,2024-02-09T16:00:26+00:00,2024-02-09T16:00:26.204Z,2643743,Greater London
Light rain and light winds,39,7,45,22,14,76,2024-02-21,70,Chance of precipitation,1011,9,47,20:00,1,Good,12,Light Rain,Light winds from the south,S,S,Southerly,9,6,2024-02-09T16:00:26+00:00,2024-02-09T16:00:26.204Z,2643743,Greater London
Light rain and light winds,39,7,44,22,14,77,2024-02-21,70,Chance of precipitation,1011,8,47,21:00,1,Good,12,Light Rain,Light winds from the south east,SE,SE,South Easterly,9,6,2024-02-09T16:00:26+00:00,2024-02-09T16:00:26.204Z,2643743,Greater London
Partly cloudy and light winds,2,6,44,22,14,79,2024-02-21,46,Chance of precipitation,1011,8,46,22:00,1,Good,2,Partly Cloudy,Light winds from the south,S,S,Southerly,9,5,2024-02-09T16:00:26+00:00,2024-02-09T16:00:26.204Z,2643743,Greater London
A clear sky and light winds,0,6,43,22,14,81,2024-02-21,46,Chance of precipitation,1011,7,45,23:00,1,Good,0,Clear Sky,Light winds from the south,S,S,Southerly,9,5,2024-02-09T16:00:26+00:00,2024-02-09T16:00:26.204Z,2643743,Greater London
Drizzle and light winds,38,6,42,23,14,81,2024-02-22,46,Chance of precipitation,1011,7,45,00:00,1,Good,11,Drizzle,Light winds from the south,S,S,Southerly,9,5,2024-02-09T16:00:26+00:00,2024-02-09T16:00:26.204Z,2643743,Greater London
Light rain and light winds,39,5,41,23,14,82,2024-02-22,50,Chance of precipitation,1011,7,44,01:00,1,Good,12,Light Rain,Light winds from the south south east,SSE,SSE,South South Easterly,9,6,2024-02-09T16:00:26+00:00,2024-02-09T16:00:26.204Z,2643743,Greater London
Light rain and light winds,39,5,41,24,15,81,2024-02-22,50,Chance of precipitation,1011,7,44,02:00,1,Good,12,Light Rain,Light winds from the south east,SE,SE,South Easterly,9,6,2024-02-09T16:00:26+00:00,2024-02-09T16:00:26.204Z,2643743,Greater London
Light rain and light winds,39,5,40,24,15,81,2024-02-22,50,Chance of precipitation,1010,6,43,03:00,1,Good,12,Light Rain,Light winds from the south south west,SSW,SSW,South South Westerly,9,6,2024-02-09T16:00:26+00:00,2024-02-09T16:00:26.204Z,2643743,Greater London
Light rain and light winds,39,5,40,23,15,82,2024-02-22,50,Chance of precipitation,1010,6,43,04:00,1,Good,12,Light Rain,Light winds from the south south west,SSW,SSW,South South Westerly,9,6,2024-02-09T16:00:26+00:00,2024-02-09T16:00:26.204Z,2643743,Greater London
Light rain and light winds,39,4,40,24,15,83,2024-02-22,50,Chance of precipitation,1010,6,43,05:00,1,Good,12,Light Rain,Light winds from the south south west,SSW,SSW,South South Westerly,9,6,2024-02-09T16:00:26+00:00,2024-02-09T16:00:26.204Z,2643743,Greater London
A clear sky and light winds,0,4,40,25,15,83,2024-02-22,50,Chance of precipitation,1010,6,43,06:00,1,Good,0,Clear Sky,Light winds from the south south east,SSE,SSE,South South Easterly,10,6,2024-02-09T16:00:26+00:00,2024-02-09T16:00:26.204Z,2643743,Greater London
A clear sky and light winds,0,5,40,25,15,82,2024-02-22,18,Low chance of precipitation,1010,6,43,07:00,1,Good,0,Clear Sky,Light winds from the south south west,SSW,SSW,South South Westerly,10,6,2024-02-09T16:00:26+00:00,2024-02-09T16:00:26.204Z,2643743,Greater London
Sunny and light winds,1,5,40,27,17,81,2024-02-22,18,Low chance of precipitation,1011,7,44,08:00,1,Good,1,Sunny,Light winds from the south south west,SSW,SSW,South South Westerly,10,6,2024-02-09T16:00:26+00:00,2024-02-09T16:00:26.204Z,2643743,Greater London
Sunny and light winds,1,5,41,29,18,79,2024-02-22,18,Low chance of precipitation,1011,7,45,09:00,1,Good,1,Sunny,Light winds from the south south west,SSW,SSW,South South Westerly,11,7,2024-02-09T16:00:26+00:00,2024-02-09T16:00:26.204Z,2643743,Greater London
Sunny and light winds,1,6,43,31,19,75,2024-02-22,5,Low chance of precipitation,1011,8,46,10:00,1,Good,1,Sunny,Light winds from the south west,SW,SW,South Westerly,12,7,2024-02-09T16:00:26+00:00,2024-02-09T16:00:26.204Z,2643743,Greater London
Sunny and a gentle breeze,1,7,45,33,21,70,2024-02-22,17,Low chance of precipitation,1011,9,48,11:00,1,Good,1,Sunny,A gentle breeze from the south west,SW,SW,South Westerly,13,8,2024-02-09T16:00:26+00:00,2024-02-09T16:00:26.204Z,2643743,Greater London
Sunny intervals and a gentle breeze,3,8,46,33,21,65,2024-02-22,17,Low chance of precipitation,1011,10,49,12:00,1,Good,3,Sunny Intervals,A gentle breeze from the south west,SW,SW,South Westerly,14,9,2024-02-09T16:00:26+00:00,2024-02-09T16:00:26.204Z,2643743,Greater London
Sunny intervals and a gentle breeze,3,8,47,33,21,65,2024-02-22,14,Low chance of precipitation,1011,10,50,13:00,1,Good,3,Sunny Intervals,A gentle breeze from the south west,SW,SW,South Westerly,14,9,2024-02-09T16:00:26+00:00,2024-02-09T16:00:26.204Z,2643743,Greater London
Sunny intervals and a gentle breeze,3,8,47,33,21,65,2024-02-22,17,Low chance of precipitation,1011,10,50,14:00,1,Good,3,Sunny Intervals,A gentle breeze from the west south west,WSW,WSW,West South Westerly,14,9,2024-02-09T16:00:26+00:00,2024-02-09T16:00:26.204Z,2643743,Greater London
Sunny intervals and a gentle breeze,3,8,47,31,19,66,2024-02-22,18,Low chance of precipitation,1011,10,50,15:00,1,Good,3,Sunny Intervals,A gentle breeze from the south west,SW,SW,South Westerly,13,8,2024-02-09T16:00:26+00:00,2024-02-09T16:00:26.204Z,2643743,Greater London
Sunny intervals and a gentle breeze,3,8,47,30,19,67,2024-02-22,8,Low chance of precipitation,1012,10,50,16:00,1,Good,3,Sunny Intervals,A gentle breeze from the south west,SW,SW,South Westerly,13,8,2024-02-09T16:00:26+00:00,2024-02-09T16:00:26.204Z,2643743,Greater London
Sunny and light winds,1,8,46,29,18,69,2024-02-22,7,Low chance of precipitation,1012,9,49,17:00,1,Good,1,Sunny,Light winds from the south,S,S,Southerly,12,7,2024-02-09T16:00:26+00:00,2024-02-09T16:00:26.204Z,2643743,Greater London
A clear sky and light winds,0,7,45,28,18,71,2024-02-22,7,Low chance of precipitation,1012,9,48,18:00,1,Good,0,Clear Sky,Light winds from the south west,SW,SW,South Westerly,12,7,2024-02-09T16:00:26+00:00,2024-02-09T16:00:26.204Z,2643743,Greater London
A clear sky and light winds,0,7,45,28,17,72,2024-02-22,22,Low chance of precipitation,1012,9,47,19:00,1,Good,0,Clear Sky,Light winds from the south west,SW,SW,South Westerly,11,7,2024-02-09T16:00:26+00:00,2024-02-09T16:00:26.204Z,2643743,Greater London
A clear sky and light winds,0,7,44,27,17,74,2024-02-22,22,Low chance of precipitation,1013,8,47,20:00,1,Good,0,Clear Sky,Light winds from the south west,SW,SW,South Westerly,11,7,2024-02-09T16:00:26+00:00,2024-02-09T16:00:26.204Z,2643743,Greater London
A clear sky and light winds,0,6,43,26,16,76,2024-02-22,22,Low chance of precipitation,1013,8,46,21:00,1,Good,0,Clear Sky,Light winds from the south west,SW,SW,South Westerly,10,6,2024-02-09T16:00:26+00:00,2024-02-09T16:00:26.204Z,2643743,Greater London
A clear sky and light winds,0,6,43,26,16,78,2024-02-22,15,Low chance of precipitation,1013,8,46,22:00,1,Good,0,Clear Sky,Light winds from the south west,SW,SW,South Westerly,10,6,2024-02-09T16:00:26+00:00,2024-02-09T16:00:26.204Z,2643743,Greater London
A clear sky and light winds,0,6,42,25,16,79,2024-02-22,20,Low chance of precipitation,1013,7,45,23:00,1,Good,0,Clear Sky,Light winds from the south west,SW,SW,South Westerly,10,6,2024-02-09T16:00:26+00:00,2024-02-09T16:00:26.204Z,2643743,Greater London
A clear sky and light winds,0,5,42,26,16,79,2024-02-23,22,Low chance of precipitation,1013,7,45,00:00,1,Good,0,Clear Sky,Light winds from the south west,SW,SW,South Westerly,10,6,2024-02-09T16:00:26+00:00,2024-02-09T16:00:26.204Z,2643743,Greater London
A clear sky and light winds,0,5,41,24,15,80,2024-02-23,0,Precipitation is not expected,1013,7,44,01:00,1,Good,0,Clear Sky,Light winds from the south west,SW,SW,South Westerly,10,6,2024-02-09T16:00:26+00:00,2024-02-09T16:00:26.204Z,2643743,Greater London
A clear sky and light winds,0,5,41,24,15,80,2024-02-23,0,Precipitation is not expected,1013,7,44,02:00,1,Good,0,Clear Sky,Light winds from the south west,SW,SW,South Westerly,10,6,2024-02-09T16:00:26+00:00,2024-02-09T16:00:26.204Z,2643743,Greater London
A clear sky and light winds,0,4,40,24,15,81,2024-02-23,0,Precipitation is not expected,1013,6,43,03:00,1,Good,0,Clear Sky,Light winds from the south west,SW,SW,South Westerly,10,6,2024-02-09T16:00:26+00:00,2024-02-09T16:00:26.204Z,2643743,Greater London
A clear sky and light winds,0,5,40,23,14,82,2024-02-23,0,Precipitation is not expected,1013,6,43,04:00,1,Good,0,Clear Sky,Light winds from the south west,SW,SW,South Westerly,9,6,2024-02-09T16:00:26+00:00,2024-02-09T16:00:26.204Z,2643743,Greater London
Partly cloudy and light winds,2,5,40,23,15,83,2024-02-23,0,Precipitation is not expected,1013,6,43,05:00,1,Good,2,Partly Cloudy,Light winds from the west south west,WSW,WSW,West South Westerly,9,6,2024-02-09T16:00:26+00:00,2024-02-09T16:00:26.204Z,2643743,Greater London
