enhancedWeatherDescription,extendedWeatherType,feelsLikeTemperatureC,feelsLikeTemperatureF,gustSpeedKph,gustSpeedMph,humidity,localDate,precipitationProbabilityInPercent,precipitationProbabilityText,pressure,temperatureC,temperatureF,timeslot,timeslotLength,visibility,weatherType,weatherTypeText,windDescription,windDirection,windDirectionAbbreviation,windDirectionFull,windSpeedKph,windSpeedMph,issueDate,lastUpdated,location_id,location_name
Sunny and light winds,1,-3,27,22,13,49,2024-01-22,0,Precipitation is not expected,1036,1,33,12:00,1,Good,1,Sunny,Light winds from the south,S,S,Southerly,11,7,2024-01-22T04:41:00-05:00,2024-01-22T11:03:04.746-05:00,4140963,Washington DC
Sunny and a gentle breeze,1,-1,30,20,13,46,2024-01-22,0,Precipitation is not expected,1035,2,36,13:00,1,Good,1,Sunny,A gentle breeze from the south south west,SSW,SSW,South South Westerly,13,8,2024-01-22T04:41:00-05:00,2024-01-22T11:03:04.746-05:00,4140963,Washington DC
Sunny and a gentle breeze,1,0,32,19,12,47,2024-01-22,0,Precipitation is not expected,1034,3,38,14:00,1,Good,1,Sunny,A gentle breeze from the south south west,SSW,SSW,South South Westerly,13,8,2024-01-22T04:41:00-05:00,2024-01-22T11:03:04.746-05:00,4140963,Washington DC
Sunny and light winds,1,1,34,17,11,47,2024-01-22,0,Precipitation is not expected,1034,4,39,15:00,1,Good,1,Sunny,Light winds from the south south west,SSW,SSW,South South Westerly,11,7,2024-01-22T04:41:00-05:00,2024-01-22T11:03:04.746-05:00,4140963,Washington DC
Sunny and light winds,1,1,34,14,9,48,2024-01-22,0,Precipitation is not expected,1033,4,39,16:00,1,Good,1,Sunny,Light winds from the south west,SW,SW,South Westerly,10,6,2024-01-22T04:41:00-05:00,2024-01-22T11:03:04.746-05:00,4140963,Washington DC
Sunny and light winds,1,0,32,13,8,50,2024-01-22,0,Precipitation is not expected,1034,3,37,17:00,1,Good,1,Sunny,Light winds from the south south west,SSW,SSW,South South Westerly,9,6,2024-01-22T04:41:00-05:00,2024-01-22T11:03:04.746-05:00,4140963,Washington DC
A clear sky and light winds,0,-1,31,12,7,54,2024-01-22,0,Precipitation is not expected,1034,2,35,18:00,1,Good,0,Clear Sky,Light winds from the south south west,SSW,SSW,South South Westerly,8,5,2024-01-22T04:41:00-05:00,2024-01-22T11:03:04.746-05:00,4140963,Washington DC
A clear sky and light winds,0,-1,29,12,7,54,2024-01-22,0,Precipitation is not expected,1034,1,34,19:00,1,Good,0,Clear Sky,Light winds from the south south west,SSW,SSW,South South Westerly,8,5,2024-01-22T04:41:00-05:00,2024-01-22T11:03:04.746-05:00,4140963,Washington DC
A clear sky and light winds,0,-2,28,14,9,57,2024-01-22,0,Precipitation is not expected,1034,1,33,20:00,1,Good,0,Clear Sky,Light winds from the west south west,WSW,WSW,West South Westerly,9,6,2024-01-22T04:41:00-05:00,2024-01-22T11:03:04.746-05:00,4140963,Washington DC
A clear sky and light winds,0,-3,27,14,8,58,2024-01-22,0,Precipitation is not expected,1034,1,33,21:00,1,Good,0,Clear Sky,Light winds from the south west,SW,SW,South Westerly,11,7,2024-01-22T04:41:00-05:00,2024-01-22T11:03:04.746-05:00,4140963,Washington DC
A clear sky and light winds,0,-3,27,13,8,59,2024-01-22,0,Precipitation is not expected,1034,1,33,22:00,1,Good,0,Clear Sky,Light winds from the south west,SW,SW,South Westerly,11,7,2024-01-22T04:41:00-05:00,2024-01-22T11:03:04.746-05:00,4140963,Washington DC
A clear sky and light winds,0,-3,28,11,7,60,2024-01-22,0,Precipitation is not expected,1034,0,33,23:00,1,Good,0,Clear Sky,Light winds from the south west,SW,SW,South Westerly,9,5,2024-01-22T04:41:00-05:00,2024-01-22T11:03:04.746-05:00,4140963,Washington DC
A clear sky and light winds,0,-3,27,11,7,63,2024-01-23,0,Precipitation is not expected,1034,0,32,00:00,1,Good,0,Clear Sky,Light winds from the south west,SW,SW,South Westerly,9,6,2024-01-22T04:41:00-05:00,2024-01-22T11:03:04.746-05:00,4140963,Washington DC
A clear sky and light winds,0,-3,27,10,6,64,2024-01-23,0,Precipitation is not expected,1034,0,32,01:00,1,Good,0,Clear Sky,Light winds from the south west,SW,SW,South Westerly,9,5,2024-01-22T04:41:00-05:00,2024-01-22T11:03:04.746-05:00,4140963,Washington DC
A clear sky and light winds,0,-3,26,10,6,66,2024-01-23,0,Precipitation is not expected,1033,0,31,02:00,1,Good,0,Clear Sky,Light winds from the south west,SW,SW,South Westerly,8,5,2024-01-22T04:41:00-05:00,2024-01-22T11:03:04.746-05:00,4140963,Washington DC
A clear sky and light winds,0,-3,26,9,6,69,2024-01-23,0,Precipitation is not expected,1033,-1,31,03:00,1,Good,0,Clear Sky,Light winds from the south west,SW,SW,South Westerly,7,5,2024-01-22T04:41:00-05:00,2024-01-22T11:03:04.746-05:00,4140963,Washington DC
A clear sky and light winds,0,-1,30,9,6,72,2024-01-23,0,Precipitation is not expected,1033,-1,30,04:00,1,Good,0,Clear Sky,Light winds from the south west,SW,SW,South Westerly,6,4,2024-01-22T04:41:00-05:00,2024-01-22T11:03:04.746-05:00,4140963,Washington DC
A clear sky and light winds,0,-1,30,8,5,73,2024-01-23,0,Precipitation is not expected,1032,-1,30,05:00,1,Good,0,Clear Sky,Light winds from the south west,SW,SW,South Westerly,6,4,2024-01-22T04:41:00-05:00,2024-01-22T11:03:04.746-05:00,4140963,Washington DC
A clear sky and light winds,0,-1,29,6,4,75,2024-01-23,0,Precipitation is not expected,1033,-1,29,06:00,1,Good,0,Clear Sky,Light winds from the west south west,WSW,WSW,West South Westerly,6,4,2024-01-22T04:41:00-05:00,2024-01-22T11:03:04.746-05:00,4140963,Washington DC
Partly cloudy and light winds,2,-2,29,6,4,76,2024-01-23,0,Precipitation is not expected,1033,-2,29,07:00,1,Good,2,Partly Cloudy,Light winds from the west south west,WSW,WSW,West South Westerly,5,3,2024-01-22T04:41:00-05:00,2024-01-22T11:03:04.746-05:00,4140963,Washington DC
Sunny intervals and light winds,3,-1,29,6,4,75,2024-01-23,0,Precipitation is not expected,1033,-1,29,08:00,1,Good,3,Sunny Intervals,Light winds from the south west,SW,SW,South Westerly,5,3,2024-01-22T04:41:00-05:00,2024-01-22T11:03:04.746-05:00,4140963,Washington DC
Sunny intervals and light winds,3,0,33,4,3,72,2024-01-23,0,Precipitation is not expected,1033,0,33,09:00,1,Good,3,Sunny Intervals,Light winds from the west south west,WSW,WSW,West South Westerly,5,3,2024-01-22T04:41:00-05:00,2024-01-22T11:03:04.746-05:00,4140963,Washington DC
Sunny intervals and light winds,3,2,35,4,3,70,2024-01-23,0,Precipitation is not expected,1034,2,36,10:00,1,Good,3,Sunny Intervals,Light winds from the north north west,NNW,NNW,North North Westerly,4,3,2024-01-22T04:41:00-05:00,2024-01-22T11:03:04.746-05:00,4140963,Washington DC
Sunny intervals and light winds,3,3,37,5,3,66,2024-01-23,0,Precipitation is not expected,1034,3,38,11:00,1,Good,3,Sunny Intervals,Light winds from the north west,NW,NW,North Westerly,4,2,2024-01-22T04:41:00-05:00,2024-01-22T11:03:04.746-05:00,4140963,Washington DC
Sunny intervals and light winds,3,4,39,6,4,63,2024-01-23,0,Precipitation is not expected,1033,4,40,12:00,1,Good,3,Sunny Intervals,Light winds from the east,E,E,Easterly,3,2,2024-01-22T04:41:00-05:00,2024-01-22T11:03:04.746-05:00,4140963,Washington DC
Sunny intervals and light winds,3,5,41,6,4,58,2024-01-23,0,Precipitation is not expected,1032,5,41,13:00,1,Good,3,Sunny Intervals,Light winds from the east north east,ENE,ENE,East North Easterly,6,4,2024-01-22T04:41:00-05:00,2024-01-22T11:03:04.746-05:00,4140963,Washington DC
Sunny intervals and light winds,3,5,41,7,4,56,2024-01-23,0,Precipitation is not expected,1032,6,42,14:00,1,Good,3,Sunny Intervals,Light winds from the south,S,S,Southerly,5,3,2024-01-22T04:41:00-05:00,2024-01-22T11:03:04.746-05:00,4140963,Washington DC
Sunny intervals and light winds,3,6,42,7,4,58,2024-01-23,0,Precipitation is not expected,1032,6,43,15:00,1,Good,3,Sunny Intervals,Light winds from the north east,NE,NE,North Easterly,5,3,2024-01-22T04:41:00-05:00,2024-01-22T11:03:04.746-05:00,4140963,Washington DC
Sunny intervals and light winds,3,5,42,8,5,58,2024-01-23,0,Precipitation is not expected,1032,6,43,16:00,1,Good,3,Sunny Intervals,Light winds from the north,N,N,Northerly,6,4,2024-01-22T04:41:00-05:00,2024-01-22T11:03:04.746-05:00,4140963,Washington DC
Sunny intervals and light winds,3,5,40,10,6,60,2024-01-23,0,Precipitation is not expected,1032,5,41,17:00,1,Good,3,Sunny Intervals,Light winds from the north east,NE,NE,North Easterly,7,5,2024-01-22T04:41:00-05:00,2024-01-22T11:03:04.746-05:00,4140963,Washington DC
Partly cloudy and light winds,2,2,35,10,6,65,2024-01-23,0,Precipitation is not expected,1032,4,39,18:00,1,Good,2,Partly Cloudy,Light winds from the north east,NE,NE,North Easterly,8,5,2024-01-22T04:41:00-05:00,2024-01-22T11:03:04.746-05:00,4140963,Washington DC
Partly cloudy and light winds,2,3,38,7,4,67,2024-01-23,0,Precipitation is not expected,1033,3,38,19:00,1,Good,2,Partly Cloudy,Light winds from the north east,NE,NE,North Easterly,7,4,2024-01-22T04:41:00-05:00,2024-01-22T11:03:04.746-05:00,4140963,Washington DC
Partly cloudy and light winds,2,2,36,8,5,73,2024-01-23,0,Precipitation is not expected,1033,3,37,20:00,1,Good,2,Partly Cloudy,Light winds from the north north east,NNE,NNE,North North Easterly,7,4,2024-01-22T04:41:00-05:00,2024-01-22T11:03:04.746-05:00,4140963,Washington DC
Partly cloudy and light winds,2,0,33,7,4,74,2024-01-23,0,Precipitation is not expected,1032,3,37,21:00,1,Good,2,Partly Cloudy,Light winds from the north east,NE,NE,North Easterly,8,5,2024-01-22T04:41:00-05:00,2024-01-22T11:03:04.746-05:00,4140963,Washington DC
Partly cloudy and light winds,2,2,36,6,4,75,2024-01-23,0,Precipitation is not expected,1032,2,36,22:00,1,Good,2,Partly Cloudy,Light winds from the north north east,NNE,NNE,North North Easterly,7,4,2024-01-22T04:41:00-05:00,2024-01-22T11:03:04.746-05:00,4140963,Washington DC
Light cloud and light winds,36,2,36,6,4,77,2024-01-23,0,Precipitation is not expected,1032,2,36,23:00,1,Good,7,Light Cloud,Light winds from the north east,NE,NE,North Easterly,6,4,2024-01-22T04:41:00-05:00,2024-01-22T11:03:04.746-05:00,4140963,Washington DC
Light cloud and light winds,36,2,36,5,3,80,2024-01-24,0,Precipitation is not expected,1032,2,36,00:00,1,Good,7,Light Cloud,Light winds from the north east,NE,NE,North Easterly,6,4,2024-01-22T04:41:00-05:00,2024-01-22T11:03:04.746-05:00,4140963,Washington DC
Light cloud and light winds,36,2,36,5,3,81,2024-01-24,0,Precipitation is not expected,1032,2,36,01:00,1,Good,7,Light Cloud,Light winds from the east,E,E,Easterly,5,3,2024-01-22T04:41:00-05:00,2024-01-22T11:03:04.746-05:00,4140963,Washington DC
Light cloud and light winds,36,3,37,6,4,81,2024-01-24,10,Low chance of precipitation,1032,3,37,02:00,1,Good,7,Light Cloud,Light winds from the east north east,ENE,ENE,East North Easterly,4,3,2024-01-22T04:41:00-05:00,2024-01-22T11:03:04.746-05:00,4140963,Washington DC
Light cloud and light winds,36,3,37,6,4,85,2024-01-24,10,Low chance of precipitation,1031,3,37,03:00,1,Good,7,Light Cloud,Light winds from the east north east,ENE,ENE,East North Easterly,5,3,2024-01-22T04:41:00-05:00,2024-01-22T11:03:04.746-05:00,4140963,Washington DC
Light cloud and light winds,36,3,37,6,4,87,2024-01-24,10,Low chance of precipitation,1032,3,37,04:00,1,Good,7,Light Cloud,Light winds from the north east,NE,NE,North Easterly,4,2,2024-01-22T04:41:00-05:00,2024-01-22T11:03:04.746-05:00,4140963,Washington DC
Light cloud and light winds,36,3,37,7,4,87,2024-01-24,14,Low chance of precipitation,1031,3,38,05:00,1,Good,7,Light Cloud,Light winds from the east north east,ENE,ENE,East North Easterly,4,3,2024-01-22T04:41:00-05:00,2024-01-22T11:03:04.746-05:00,4140963,Washington DC
Light cloud and light winds,36,3,37,7,4,89,2024-01-24,14,Low chance of precipitation,1032,3,37,06:00,1,Good,7,Light Cloud,Light winds from the east north east,ENE,ENE,East North Easterly,5,3,2024-01-22T04:41:00-05:00,2024-01-22T11:03:04.746-05:00,4140963,Washington DC
Light cloud and light winds,36,3,37,7,5,90,2024-01-24,13,Low chance of precipitation,1032,3,37,07:00,1,Moderate,7,Light Cloud,Light winds from the east north east,ENE,ENE,East North Easterly,5,3,2024-01-22T04:41:00-05:00,2024-01-22T11:03:04.746-05:00,4140963,Washington DC
Light cloud and light winds,7,3,37,8,5,90,2024-01-24,26,Low chance of precipitation,1032,3,38,08:00,1,Moderate,7,Light Cloud,Light winds from the east,E,E,Easterly,5,3,2024-01-22T04:41:00-05:00,2024-01-22T11:03:04.746-05:00,4140963,Washington DC
Light cloud and light winds,7,4,39,9,5,88,2024-01-24,26,Low chance of precipitation,1032,4,40,09:00,1,Moderate,7,Light Cloud,Light winds from the east north east,ENE,ENE,East North Easterly,5,3,2024-01-22T04:41:00-05:00,2024-01-22T11:03:04.746-05:00,4140963,Washington DC
Light cloud and light winds,7,5,41,8,5,85,2024-01-24,26,Low chance of precipitation,1032,5,42,10:00,1,Moderate,7,Light Cloud,Light winds from the east north east,ENE,ENE,East North Easterly,6,4,2024-01-22T04:41:00-05:00,2024-01-22T11:03:04.746-05:00,4140963,Washington DC
Light rain and light winds,12,6,43,8,5,83,2024-01-24,33,Chance of precipitation,1032,6,43,11:00,1,Moderate,12,Light Rain,Light winds from the east north east,ENE,ENE,East North Easterly,6,4,2024-01-22T04:41:00-05:00,2024-01-22T11:03:04.746-05:00,4140963,Washington DC
Light rain and light winds,12,7,44,7,5,84,2024-01-24,33,Chance of precipitation,1031,7,45,12:00,1,Moderate,12,Light Rain,Light winds from the east,E,E,Easterly,6,4,2024-01-22T04:41:00-05:00,2024-01-22T11:03:04.746-05:00,4140963,Washington DC
Light rain and light winds,12,7,44,7,4,85,2024-01-24,33,Chance of precipitation,1030,7,45,13:00,1,Moderate,12,Light Rain,Light winds from the east north east,ENE,ENE,East North Easterly,6,4,2024-01-22T04:41:00-05:00,2024-01-22T11:03:04.746-05:00,4140963,Washington DC
Light rain and light winds,12,7,45,7,4,83,2024-01-24,26,Low chance of precipitation,1029,7,45,14:00,1,Moderate,12,Light Rain,Light winds from the south east,SE,SE,South Easterly,7,4,2024-01-22T04:41:00-05:00,2024-01-22T11:03:04.746-05:00,4140963,Washington DC
Light rain and light winds,12,8,46,7,5,81,2024-01-24,31,Chance of precipitation,1029,8,46,15:00,1,Moderate,12,Light Rain,Light winds from the east north east,ENE,ENE,East North Easterly,7,4,2024-01-22T04:41:00-05:00,2024-01-22T11:03:04.746-05:00,4140963,Washington DC
Light rain and light winds,12,7,44,8,5,81,2024-01-24,32,Chance of precipitation,1028,8,46,16:00,1,Moderate,12,Light Rain,Light winds from the east,E,E,Easterly,7,5,2024-01-22T04:41:00-05:00,2024-01-22T11:03:04.746-05:00,4140963,Washington DC
Light rain and light winds,12,6,43,8,5,81,2024-01-24,45,Chance of precipitation,1028,8,46,17:00,1,Moderate,12,Light Rain,Light winds from the east,E,E,Easterly,8,5,2024-01-22T04:41:00-05:00,2024-01-22T11:03:04.746-05:00,4140963,Washington DC
Light rain and light winds,39,6,43,8,5,82,2024-01-24,49,Chance of precipitation,1028,7,45,18:00,1,Moderate,12,Light Rain,Light winds from the east,E,E,Easterly,8,5,2024-01-22T04:41:00-05:00,2024-01-22T11:03:04.746-05:00,4140963,Washington DC
Light rain and light winds,39,6,43,9,6,81,2024-01-24,49,Chance of precipitation,1027,8,46,19:00,1,Moderate,12,Light Rain,Light winds from the east north east,ENE,ENE,East North Easterly,8,5,2024-01-22T04:41:00-05:00,2024-01-22T11:03:04.746-05:00,4140963,Washington DC
Light rain and light winds,39,6,44,9,6,83,2024-01-24,61,Chance of precipitation,1027,8,46,20:00,1,Moderate,12,Light Rain,Light winds from the north north east,NNE,NNE,North North Easterly,9,6,2024-01-22T04:41:00-05:00,2024-01-22T11:03:04.746-05:00,4140963,Washington DC
Light rain and light winds,39,7,44,9,6,83,2024-01-24,50,Chance of precipitation,1027,8,47,21:00,1,Moderate,12,Light Rain,Light winds from the east south east,ESE,ESE,East South Easterly,9,6,2024-01-22T04:41:00-05:00,2024-01-22T11:03:04.746-05:00,4140963,Washington DC
Light rain and light winds,39,7,45,10,6,83,2024-01-24,41,Chance of precipitation,1026,9,47,22:00,1,Moderate,12,Light Rain,Light winds from the south south west,SSW,SSW,South South Westerly,9,6,2024-01-22T04:41:00-05:00,2024-01-22T11:03:04.746-05:00,4140963,Washington DC
Light rain and light winds,39,8,46,10,6,83,2024-01-24,47,Chance of precipitation,1026,9,48,23:00,1,Moderate,12,Light Rain,Light winds from the south south west,SSW,SSW,South South Westerly,8,5,2024-01-22T04:41:00-05:00,2024-01-22T11:03:04.746-05:00,4140963,Washington DC
Light rain and light winds,39,8,46,11,7,85,2024-01-25,44,Chance of precipitation,1025,9,48,00:00,1,Moderate,12,Light Rain,Light winds from the south south west,SSW,SSW,South South Westerly,9,6,2024-01-22T04:41:00-05:00,2024-01-22T11:03:04.746-05:00,4140963,Washington DC
Light rain and light winds,39,9,47,12,7,86,2024-01-25,42,Chance of precipitation,1024,9,49,01:00,1,Moderate,12,Light Rain,Light winds from the south south west,SSW,SSW,South South Westerly,9,6,2024-01-22T04:41:00-05:00,2024-01-22T11:03:04.746-05:00,4140963,Washington DC
Light rain and light winds,39,9,49,13,8,86,2024-01-25,56,Chance of precipitation,1024,10,50,02:00,1,Moderate,12,Light Rain,Light winds from the south,S,S,Southerly,9,6,2024-01-22T04:41:00-05:00,2024-01-22T11:03:04.746-05:00,4140963,Washington DC
Light rain and light winds,39,9,49,14,8,89,2024-01-25,53,Chance of precipitation,1023,10,50,03:00,1,Moderate,12,Light Rain,Light winds from the south south west,SSW,SSW,South South Westerly,10,6,2024-01-22T04:41:00-05:00,2024-01-22T11:03:04.746-05:00,4140963,Washington DC
Light rain and light winds,39,10,50,15,9,91,2024-01-25,54,Chance of precipitation,1023,11,51,04:00,1,Moderate,12,Light Rain,Light winds from the south south west,SSW,SSW,South South Westerly,10,6,2024-01-22T04:41:00-05:00,2024-01-22T11:03:04.746-05:00,4140963,Washington DC
Light rain and light winds,39,11,51,16,10,91,2024-01-25,48,Chance of precipitation,1022,11,52,05:00,1,Moderate,12,Light Rain,Light winds from the south,S,S,Southerly,11,7,2024-01-22T04:41:00-05:00,2024-01-22T11:03:04.746-05:00,4140963,Washington DC
Light rain and light winds,39,11,52,17,11,93,2024-01-25,65,Chance of precipitation,1022,11,53,06:00,1,Moderate,12,Light Rain,Light winds from the south south west,SSW,SSW,South South Westerly,12,7,2024-01-22T04:41:00-05:00,2024-01-22T11:03:04.746-05:00,4140963,Washington DC
Light rain and a gentle breeze,39,12,53,18,11,92,2024-01-25,68,Chance of precipitation,1022,12,53,07:00,1,Moderate,12,Light Rain,A gentle breeze from the south,S,S,Southerly,12,8,2024-01-22T04:41:00-05:00,2024-01-22T11:03:04.746-05:00,4140963,Washington DC
Heavy rain and a gentle breeze,15,11,53,19,12,92,2024-01-25,70,Chance of precipitation,1022,12,53,08:00,1,Moderate,15,Heavy Rain,A gentle breeze from the south,S,S,Southerly,13,8,2024-01-22T04:41:00-05:00,2024-01-22T11:03:04.746-05:00,4140963,Washington DC
Heavy rain and a gentle breeze,15,13,56,21,13,91,2024-01-25,70,Chance of precipitation,1021,13,55,09:00,1,Moderate,15,Heavy Rain,A gentle breeze from the south,S,S,Southerly,14,9,2024-01-22T04:41:00-05:00,2024-01-22T11:03:04.746-05:00,4140963,Washington DC
Heavy rain and a gentle breeze,15,14,58,23,14,89,2024-01-25,70,Chance of precipitation,1021,14,57,10:00,1,Moderate,15,Heavy Rain,A gentle breeze from the south,S,S,Southerly,16,10,2024-01-22T04:41:00-05:00,2024-01-22T11:03:04.746-05:00,4140963,Washington DC
Light rain and a gentle breeze,12,15,59,24,15,89,2024-01-25,70,Chance of precipitation,1020,15,58,11:00,1,Moderate,12,Light Rain,A gentle breeze from the south south west,SSW,SSW,South South Westerly,18,11,2024-01-22T04:41:00-05:00,2024-01-22T11:03:04.746-05:00,4140963,Washington DC
Light rain and a gentle breeze,12,16,61,26,16,91,2024-01-25,70,Chance of precipitation,1020,15,59,12:00,1,Moderate,12,Light Rain,A gentle breeze from the south south west,SSW,SSW,South South Westerly,18,11,2024-01-22T04:41:00-05:00,2024-01-22T11:03:04.746-05:00,4140963,Washington DC
Light rain and a gentle breeze,12,17,63,25,15,88,2024-01-25,70,Chance of precipitation,1019,16,60,13:00,1,Moderate,12,Light Rain,A gentle breeze from the south south west,SSW,SSW,South South Westerly,20,12,2024-01-22T04:41:00-05:00,2024-01-22T11:03:04.746-05:00,4140963,Washington DC
Light rain and a gentle breeze,12,18,64,24,15,87,2024-01-25,67,Chance of precipitation,1018,16,61,14:00,1,Moderate,12,Light Rain,A gentle breeze from the south south west,SSW,SSW,South South Westerly,20,12,2024-01-22T04:41:00-05:00,2024-01-22T11:03:04.746-05:00,4140963,Washington DC
Light rain and a gentle breeze,12,19,66,22,14,85,2024-01-25,67,Chance of precipitation,1018,17,63,15:00,1,Moderate,12,Light Rain,A gentle breeze from the south west,SW,SW,South Westerly,18,11,2024-01-22T04:41:00-05:00,2024-01-22T11:03:04.746-05:00,4140963,Washington DC
Light rain and a gentle breeze,12,19,66,20,13,84,2024-01-25,67,Chance of precipitation,1018,17,63,16:00,1,Moderate,12,Light Rain,A gentle breeze from the south west,SW,SW,South Westerly,17,11,2024-01-22T04:41:00-05:00,2024-01-22T11:03:04.746-05:00,4140963,Washington DC
Light rain showers and a gentle breeze,10,19,66,19,12,84,2024-01-25,57,Chance of precipitation,1018,17,63,17:00,1,Moderate,10,Light Rain Showers,A gentle breeze from the south west,SW,SW,South Westerly,17,11,2024-01-22T04:41:00-05:00,2024-01-22T11:03:04.746-05:00,4140963,Washington DC
Light rain showers and a gentle breeze,9,19,65,17,11,86,2024-01-25,58,Chance of precipitation,1019,17,62,18:00,1,Moderate,9,Light Rain Showers,A gentle breeze from the south west,SW,SW,South Westerly,15,9,2024-01-22T04:41:00-05:00,2024-01-22T11:03:04.746-05:00,4140963,Washington DC
Light rain showers and a gentle breeze,9,19,66,17,10,84,2024-01-25,58,Chance of precipitation,1019,17,63,19:00,1,Moderate,9,Light Rain Showers,A gentle breeze from the south west,SW,SW,South Westerly,14,9,2024-01-22T04:41:00-05:00,2024-01-22T11:03:04.746-05:00,4140963,Washington DC
Light rain and a gentle breeze,39,19,66,16,10,89,2024-01-25,70,Chance of precipitation,1019,17,62,20:00,1,Moderate,12,Light Rain,A gentle breeze from the south west,SW,SW,South Westerly,15,9,2024-01-22T04:41:00-05:00,2024-01-22T11:03:04.746-05:00,4140963,Washington DC
Light rain and a gentle breeze,39,19,66,16,10,89,2024-01-25,70,Chance of precipitation,1019,17,62,21:00,1,Moderate,12,Light Rain,A gentle breeze from the south west,SW,SW,South Westerly,16,10,2024-01-22T04:41:00-05:00,2024-01-22T11:03:04.746-05:00,4140963,Washington DC
Light rain and a gentle breeze,39,19,66,16,10,90,2024-01-25,70,Chance of precipitation,1019,17,62,22:00,1,Moderate,12,Light Rain,A gentle breeze from the south west,SW,SW,South Westerly,16,10,2024-01-22T04:41:00-05:00,2024-01-22T11:03:04.746-05:00,4140963,Washington DC
Light rain and a gentle breeze,39,18,65,16,10,91,2024-01-25,70,Chance of precipitation,1019,16,61,23:00,1,Moderate,12,Light Rain,A gentle breeze from the south west,SW,SW,South Westerly,14,9,2024-01-22T04:41:00-05:00,2024-01-22T11:03:04.746-05:00,4140963,Washington DC
Light rain and a gentle breeze,39,18,65,16,10,92,2024-01-26,70,Chance of precipitation,1019,16,61,00:00,1,Moderate,12,Light Rain,A gentle breeze from the south south west,SSW,SSW,South South Westerly,14,8,2024-01-22T04:41:00-05:00,2024-01-22T11:03:04.746-05:00,4140963,Washington DC
Light rain and a gentle breeze,39,18,65,16,10,92,2024-01-26,70,Chance of precipitation,1018,16,61,01:00,1,Poor,12,Light Rain,A gentle breeze from the south south west,SSW,SSW,South South Westerly,13,8,2024-01-22T04:41:00-05:00,2024-01-22T11:03:04.746-05:00,4140963,Washington DC
Light rain and a gentle breeze,39,19,66,16,10,91,2024-01-26,70,Chance of precipitation,1017,17,62,02:00,1,Moderate,12,Light Rain,A gentle breeze from the south south west,SSW,SSW,South South Westerly,12,8,2024-01-22T04:41:00-05:00,2024-01-22T11:03:04.746-05:00,4140963,Washington DC
Light rain and a gentle breeze,39,19,66,15,10,92,2024-01-26,70,Chance of precipitation,1017,17,62,03:00,1,Moderate,12,Light Rain,A gentle breeze from the south south west,SSW,SSW,South South Westerly,12,8,2024-01-22T04:41:00-05:00,2024-01-22T11:03:04.746-05:00,4140963,Washington DC
Light rain and light winds,39,19,67,17,11,94,2024-01-26,70,Chance of precipitation,1017,17,62,04:00,1,Moderate,12,Light Rain,Light winds from the south south west,SSW,SSW,South South Westerly,11,7,2024-01-22T04:41:00-05:00,2024-01-22T11:03:04.746-05:00,4140963,Washington DC
Heavy rain and light winds,40,19,65,18,11,95,2024-01-26,70,Chance of precipitation,1016,16,61,05:00,1,Moderate,15,Heavy Rain,Light winds from the south south west,SSW,SSW,South South Westerly,12,7,2024-01-22T04:41:00-05:00,2024-01-22T11:03:04.746-05:00,4140963,Washington DC
Heavy rain and a gentle breeze,40,19,65,20,12,96,2024-01-26,70,Chance of precipitation,1016,16,61,06:00,1,Moderate,15,Heavy Rain,A gentle breeze from the south west,SW,SW,South Westerly,12,8,2024-01-22T04:41:00-05:00,2024-01-22T11:03:04.746-05:00,4140963,Washington DC
Heavy rain and a gentle breeze,40,19,65,22,13,96,2024-01-26,70,Chance of precipitation,1017,16,61,07:00,1,Moderate,15,Heavy Rain,A gentle breeze from the south west,SW,SW,South Westerly,13,8,2024-01-22T04:41:00-05:00,2024-01-22T11:03:04.746-05:00,4140963,Washington DC
Light rain and a gentle breeze,12,19,65,24,15,95,2024-01-26,43,Chance of precipitation,1017,16,61,08:00,1,Moderate,12,Light Rain,A gentle breeze from the south west,SW,SW,South Westerly,13,8,2024-01-22T04:41:00-05:00,2024-01-22T11:03:04.746-05:00,4140963,Washington DC
Drizzle and a gentle breeze,11,19,67,25,16,94,2024-01-26,58,Chance of precipitation,1018,17,62,09:00,1,Good,11,Drizzle,A gentle breeze from the west south west,WSW,WSW,West South Westerly,13,8,2024-01-22T04:41:00-05:00,2024-01-22T11:03:04.746-05:00,4140963,Washington DC
Light rain and a gentle breeze,12,19,67,25,16,92,2024-01-26,32,Chance of precipitation,1018,17,63,10:00,1,Good,12,Light Rain,A gentle breeze from the west,W,W,Westerly,15,9,2024-01-22T04:41:00-05:00,2024-01-22T11:03:04.746-05:00,4140963,Washington DC
Light cloud and a gentle breeze,7,19,66,25,16,89,2024-01-26,11,Low chance of precipitation,1018,17,62,11:00,1,Good,7,Light Cloud,A gentle breeze from the west,W,W,Westerly,15,9,2024-01-22T04:41:00-05:00,2024-01-22T11:03:04.746-05:00,4140963,Washington DC
Sunny intervals and a gentle breeze,3,20,67,25,15,84,2024-01-26,12,Low chance of precipitation,1018,18,64,12:00,1,Good,3,Sunny Intervals,A gentle breeze from the west north west,WNW,WNW,West North Westerly,14,9,2024-01-22T04:41:00-05:00,2024-01-22T11:03:04.746-05:00,4140963,Washington DC
Sunny intervals and a gentle breeze,3,20,68,25,15,78,2024-01-26,11,Low chance of precipitation,1018,18,65,13:00,1,Good,3,Sunny Intervals,A gentle breeze from the west north west,WNW,WNW,West North Westerly,15,9,2024-01-22T04:41:00-05:00,2024-01-22T11:03:04.746-05:00,4140963,Washington DC
Sunny intervals and a gentle breeze,3,21,69,24,15,73,2024-01-26,0,Precipitation is not expected,1017,19,65,14:00,1,Good,3,Sunny Intervals,A gentle breeze from the west north west,WNW,WNW,West North Westerly,15,9,2024-01-22T04:41:00-05:00,2024-01-22T11:03:04.746-05:00,4140963,Washington DC
Sunny intervals and a gentle breeze,3,21,69,24,15,71,2024-01-26,0,Precipitation is not expected,1018,19,66,15:00,1,Good,3,Sunny Intervals,A gentle breeze from the north west,NW,NW,North Westerly,14,9,2024-01-22T04:41:00-05:00,2024-01-22T11:03:04.746-05:00,4140963,Washington DC
Sunny intervals and a gentle breeze,3,20,68,21,13,69,2024-01-26,10,Low chance of precipitation,1018,19,65,16:00,1,Good,3,Sunny Intervals,A gentle breeze from the west north west,WNW,WNW,West North Westerly,14,8,2024-01-22T04:41:00-05:00,2024-01-22T11:03:04.746-05:00,4140963,Washington DC
Sunny intervals and a gentle breeze,3,19,65,18,11,70,2024-01-26,0,Precipitation is not expected,1018,17,63,17:00,1,Good,3,Sunny Intervals,A gentle breeze from the north west,NW,NW,North Westerly,13,8,2024-01-22T04:41:00-05:00,2024-01-22T11:03:04.746-05:00,4140963,Washington DC
Partly cloudy and light winds,2,17,63,15,9,74,2024-01-26,0,Precipitation is not expected,1019,16,61,18:00,1,Good,2,Partly Cloudy,Light winds from the north west,NW,NW,North Westerly,11,7,2024-01-22T04:41:00-05:00,2024-01-22T11:03:04.746-05:00,4140963,Washington DC
Partly cloudy and light winds,2,17,62,16,10,73,2024-01-26,0,Precipitation is not expected,1020,16,60,19:00,1,Good,2,Partly Cloudy,Light winds from the north west,NW,NW,North Westerly,10,6,2024-01-22T04:41:00-05:00,2024-01-22T11:03:04.746-05:00,4140963,Washington DC
Partly cloudy and light winds,2,15,60,17,10,75,2024-01-26,6,Low chance of precipitation,1020,15,59,20:00,1,Good,2,Partly Cloudy,Light winds from the north north west,NNW,NNW,North North Westerly,11,7,2024-01-22T04:41:00-05:00,2024-01-22T11:03:04.746-05:00,4140963,Washington DC
Partly cloudy and light winds,2,15,59,17,11,77,2024-01-26,6,Low chance of precipitation,1021,14,58,21:00,1,Good,2,Partly Cloudy,Light winds from the north north west,NNW,NNW,North North Westerly,11,7,2024-01-22T04:41:00-05:00,2024-01-22T11:03:04.746-05:00,4140963,Washington DC
Partly cloudy and light winds,2,14,57,18,11,77,2024-01-26,6,Low chance of precipitation,1021,14,57,22:00,1,Good,2,Partly Cloudy,Light winds from the north north west,NNW,NNW,North North Westerly,11,7,2024-01-22T04:41:00-05:00,2024-01-22T11:03:04.746-05:00,4140963,Washington DC
Partly cloudy and light winds,2,13,55,18,11,79,2024-01-26,6,Low chance of precipitation,1021,13,55,23:00,1,Good,2,Partly Cloudy,Light winds from the north north west,NNW,NNW,North North Westerly,9,6,2024-01-22T04:41:00-05:00,2024-01-22T11:03:04.746-05:00,4140963,Washington DC
Partly cloudy and light winds,2,13,54,18,11,80,2024-01-27,6,Low chance of precipitation,1021,13,55,00:00,1,Good,2,Partly Cloudy,Light winds from the north north west,NNW,NNW,North North Westerly,10,6,2024-01-22T04:41:00-05:00,2024-01-22T11:03:04.746-05:00,4140963,Washington DC
Partly cloudy and light winds,2,12,53,17,11,80,2024-01-27,6,Low chance of precipitation,1021,12,54,01:00,1,Good,2,Partly Cloudy,Light winds from the north north west,NNW,NNW,North North Westerly,10,6,2024-01-22T04:41:00-05:00,2024-01-22T11:03:04.746-05:00,4140963,Washington DC
Partly cloudy and light winds,2,11,53,17,11,80,2024-01-27,0,Precipitation is not expected,1021,12,53,02:00,1,Good,2,Partly Cloudy,Light winds from the north north west,NNW,NNW,North North Westerly,9,6,2024-01-22T04:41:00-05:00,2024-01-22T11:03:04.746-05:00,4140963,Washington DC
A clear sky and light winds,0,11,51,16,10,83,2024-01-27,0,Precipitation is not expected,1021,11,52,03:00,1,Good,0,Clear Sky,Light winds from the north north west,NNW,NNW,North North Westerly,9,6,2024-01-22T04:41:00-05:00,2024-01-22T11:03:04.746-05:00,4140963,Washington DC
A clear sky and light winds,0,10,51,16,10,83,2024-01-27,0,Precipitation is not expected,1021,11,51,04:00,1,Good,0,Clear Sky,Light winds from the north north west,NNW,NNW,North North Westerly,9,5,2024-01-22T04:41:00-05:00,2024-01-22T11:03:04.746-05:00,4140963,Washington DC
A clear sky and light winds,0,9,49,16,10,84,2024-01-27,0,Precipitation is not expected,1021,10,50,05:00,1,Good,0,Clear Sky,Light winds from the north,N,N,Northerly,9,6,2024-01-22T04:41:00-05:00,2024-01-22T11:03:04.746-05:00,4140963,Washington DC
A clear sky and light winds,0,9,48,15,9,86,2024-01-27,0,Precipitation is not expected,1022,10,50,06:00,1,Good,0,Clear Sky,Light winds from the north north west,NNW,NNW,North North Westerly,10,6,2024-01-22T04:41:00-05:00,2024-01-22T11:03:04.746-05:00,4140963,Washington DC
A clear sky and light winds,0,8,47,19,12,86,2024-01-27,0,Precipitation is not expected,1022,9,49,07:00,1,Good,0,Clear Sky,Light winds from the north north west,NNW,NNW,North North Westerly,10,6,2024-01-22T04:41:00-05:00,2024-01-22T11:03:04.746-05:00,4140963,Washington DC
Sunny and light winds,1,9,47,22,14,84,2024-01-27,0,Precipitation is not expected,1022,10,49,08:00,1,Good,1,Sunny,Light winds from the north north west,NNW,NNW,North North Westerly,11,7,2024-01-22T04:41:00-05:00,2024-01-22T11:03:04.746-05:00,4140963,Washington DC
Sunny and a gentle breeze,1,10,49,26,16,81,2024-01-27,0,Precipitation is not expected,1022,11,51,09:00,1,Good,1,Sunny,A gentle breeze from the north north west,NNW,NNW,North North Westerly,12,8,2024-01-22T04:41:00-05:00,2024-01-22T11:03:04.746-05:00,4140963,Washington DC
Sunny and a gentle breeze,1,11,51,26,16,75,2024-01-27,0,Precipitation is not expected,1022,12,53,10:00,1,Good,1,Sunny,A gentle breeze from the north north west,NNW,NNW,North North Westerly,14,9,2024-01-22T04:41:00-05:00,2024-01-22T11:03:04.746-05:00,4140963,Washington DC
Sunny and a gentle breeze,1,11,52,25,16,71,2024-01-27,0,Precipitation is not expected,1022,12,54,11:00,1,Good,1,Sunny,A gentle breeze from the north north west,NNW,NNW,North North Westerly,14,9,2024-01-22T04:41:00-05:00,2024-01-22T11:03:04.746-05:00,4140963,Washington DC
Sunny intervals and a gentle breeze,3,12,54,25,16,68,2024-01-27,0,Precipitation is not expected,1021,13,55,12:00,1,Good,3,Sunny Intervals,A gentle breeze from the north north west,NNW,NNW,North North Westerly,13,8,2024-01-22T04:41:00-05:00,2024-01-22T11:03:04.746-05:00,4140963,Washington DC
Sunny intervals and a gentle breeze,3,13,55,23,15,63,2024-01-27,0,Precipitation is not expected,1020,13,56,13:00,1,Good,3,Sunny Intervals,A gentle breeze from the north west,NW,NW,North Westerly,14,9,2024-01-22T04:41:00-05:00,2024-01-22T11:03:04.746-05:00,4140963,Washington DC
Sunny intervals and a gentle breeze,3,13,55,22,13,61,2024-01-27,0,Precipitation is not expected,1020,14,57,14:00,1,Good,3,Sunny Intervals,A gentle breeze from the north west,NW,NW,North Westerly,14,9,2024-01-22T04:41:00-05:00,2024-01-22T11:03:04.746-05:00,4140963,Washington DC
Sunny intervals and a gentle breeze,3,13,56,20,12,60,2024-01-27,0,Precipitation is not expected,1020,14,57,15:00,1,Good,3,Sunny Intervals,A gentle breeze from the north north west,NNW,NNW,North North Westerly,13,8,2024-01-22T04:41:00-05:00,2024-01-22T11:03:04.746-05:00,4140963,Washington DC
Sunny intervals and a gentle breeze,3,13,55,17,10,59,2024-01-27,0,Precipitation is not expected,1019,14,57,16:00,1,Good,3,Sunny Intervals,A gentle breeze from the north west,NW,NW,North Westerly,13,8,2024-01-22T04:41:00-05:00,2024-01-22T11:03:04.746-05:00,4140963,Washington DC
Sunny intervals and a gentle breeze,3,12,53,14,9,60,2024-01-27,0,Precipitation is not expected,1019,13,55,17:00,1,Good,3,Sunny Intervals,A gentle breeze from the north west,NW,NW,North Westerly,12,8,2024-01-22T04:41:00-05:00,2024-01-22T11:03:04.746-05:00,4140963,Washington DC
Partly cloudy and light winds,2,11,52,11,7,65,2024-01-27,0,Precipitation is not expected,1019,12,54,18:00,1,Good,2,Partly Cloudy,Light winds from the north north west,NNW,NNW,North North Westerly,10,6,2024-01-22T04:41:00-05:00,2024-01-22T11:03:04.746-05:00,4140963,Washington DC
Partly cloudy and light winds,2,11,52,13,8,66,2024-01-27,0,Precipitation is not expected,1019,12,53,19:00,1,Good,2,Partly Cloudy,Light winds from the north north west,NNW,NNW,North North Westerly,8,5,2024-01-22T04:41:00-05:00,2024-01-22T11:03:04.746-05:00,4140963,Washington DC
Partly cloudy and light winds,2,10,50,16,10,69,2024-01-27,22,Low chance of precipitation,1019,11,52,20:00,1,Good,2,Partly Cloudy,Light winds from the north north west,NNW,NNW,North North Westerly,10,6,2024-01-22T04:41:00-05:00,2024-01-22T11:03:04.746-05:00,4140963,Washington DC
Partly cloudy and light winds,2,10,50,18,11,70,2024-01-27,22,Low chance of precipitation,1018,11,51,21:00,1,Good,2,Partly Cloudy,Light winds from the north,N,N,Northerly,10,6,2024-01-22T04:41:00-05:00,2024-01-22T11:03:04.746-05:00,4140963,Washington DC
Partly cloudy and light winds,2,10,49,19,12,71,2024-01-27,22,Low chance of precipitation,1018,11,51,22:00,1,Good,2,Partly Cloudy,Light winds from the north,N,N,Northerly,10,6,2024-01-22T04:41:00-05:00,2024-01-22T11:03:04.746-05:00,4140963,Washington DC
Light rain and light winds,39,9,48,19,12,72,2024-01-27,30,Low chance of precipitation,1018,10,50,23:00,1,Good,12,Light Rain,Light winds from the north,N,N,Northerly,9,6,2024-01-22T04:41:00-05:00,2024-01-22T11:03:04.746-05:00,4140963,Washington DC
Light rain and light winds,39,9,48,20,12,74,2024-01-28,30,Low chance of precipitation,1017,10,50,00:00,1,Good,12,Light Rain,Light winds from the north,N,N,Northerly,10,6,2024-01-22T04:41:00-05:00,2024-01-22T11:03:04.746-05:00,4140963,Washington DC
Light rain and light winds,39,9,47,20,12,74,2024-01-28,30,Low chance of precipitation,1016,10,49,01:00,1,Moderate,12,Light Rain,Light winds from the north north east,NNE,NNE,North North Easterly,9,6,2024-01-22T04:41:00-05:00,2024-01-22T11:03:04.746-05:00,4140963,Washington DC
Light rain and light winds,39,8,47,19,12,75,2024-01-28,44,Chance of precipitation,1016,9,49,02:00,1,Moderate,12,Light Rain,Light winds from the north north east,NNE,NNE,North North Easterly,9,5,2024-01-22T04:41:00-05:00,2024-01-22T11:03:04.746-05:00,4140963,Washington DC
Light rain and light winds,39,8,46,19,12,78,2024-01-28,44,Chance of precipitation,1016,9,48,03:00,1,Moderate,12,Light Rain,Light winds from the north north east,NNE,NNE,North North Easterly,9,6,2024-01-22T04:41:00-05:00,2024-01-22T11:03:04.746-05:00,4140963,Washington DC
Light rain and light winds,39,7,45,18,11,80,2024-01-28,44,Chance of precipitation,1015,9,47,04:00,1,Good,12,Light Rain,Light winds from the north north east,NNE,NNE,North North Easterly,9,5,2024-01-22T04:41:00-05:00,2024-01-22T11:03:04.746-05:00,4140963,Washington DC
Light rain and light winds,39,7,45,18,11,81,2024-01-28,37,Chance of precipitation,1015,8,47,05:00,1,Good,12,Light Rain,Light winds from the north east,NE,NE,North Easterly,9,5,2024-01-22T04:41:00-05:00,2024-01-22T11:03:04.746-05:00,4140963,Washington DC
Light rain and light winds,39,7,44,18,11,82,2024-01-28,37,Chance of precipitation,1015,8,46,06:00,1,Good,12,Light Rain,Light winds from the north north east,NNE,NNE,North North Easterly,9,6,2024-01-22T04:41:00-05:00,2024-01-22T11:03:04.746-05:00,4140963,Washington DC
Light rain and light winds,39,6,43,18,11,83,2024-01-28,37,Chance of precipitation,1015,8,46,07:00,1,Moderate,12,Light Rain,Light winds from the north east,NE,NE,North Easterly,11,7,2024-01-22T04:41:00-05:00,2024-01-22T11:03:04.746-05:00,4140963,Washington DC
Light rain and light winds,12,6,42,18,11,82,2024-01-28,40,Chance of precipitation,1016,7,45,08:00,1,Moderate,12,Light Rain,Light winds from the north east,NE,NE,North Easterly,11,7,2024-01-22T04:41:00-05:00,2024-01-22T11:03:04.746-05:00,4140963,Washington DC
Light rain and light winds,12,6,43,18,11,81,2024-01-28,40,Chance of precipitation,1016,8,46,09:00,1,Moderate,12,Light Rain,Light winds from the north north east,NNE,NNE,North North Easterly,12,7,2024-01-22T04:41:00-05:00,2024-01-22T11:03:04.746-05:00,4140963,Washington DC
Light rain and a gentle breeze,12,7,44,20,12,77,2024-01-28,40,Chance of precipitation,1017,8,47,10:00,1,Moderate,12,Light Rain,A gentle breeze from the north north east,NNE,NNE,North North Easterly,14,8,2024-01-22T04:41:00-05:00,2024-01-22T11:03:04.746-05:00,4140963,Washington DC
Light rain and a gentle breeze,12,6,43,22,14,75,2024-01-28,44,Chance of precipitation,1017,8,47,11:00,1,Good,12,Light Rain,A gentle breeze from the north north east,NNE,NNE,North North Easterly,15,9,2024-01-22T04:41:00-05:00,2024-01-22T11:03:04.746-05:00,4140963,Washington DC
Light rain and a gentle breeze,12,7,44,24,15,74,2024-01-28,44,Chance of precipitation,1017,9,47,12:00,1,Good,12,Light Rain,A gentle breeze from the north north east,NNE,NNE,North North Easterly,14,9,2024-01-22T04:41:00-05:00,2024-01-22T11:03:04.746-05:00,4140963,Washington DC
Light rain and a gentle breeze,12,6,43,24,15,70,2024-01-28,44,Chance of precipitation,1017,9,47,13:00,1,Moderate,12,Light Rain,A gentle breeze from the north,N,N,Northerly,17,10,2024-01-22T04:41:00-05:00,2024-01-22T11:03:04.746-05:00,4140963,Washington DC
Light rain and a gentle breeze,12,7,44,25,16,69,2024-01-28,70,Chance of precipitation,1017,9,48,14:00,1,Moderate,12,Light Rain,Not available,-99,-99,Direction not available,17,11,2024-01-22T04:41:00-05:00,2024-01-22T11:03:04.746-05:00,4140963,Washington DC
Light rain and a gentle breeze,12,7,44,31,19,67,2024-01-28,70,Chance of precipitation,1018,9,48,15:00,1,Moderate,12,Light Rain,A gentle breeze from the north,N,N,Northerly,17,10,2024-01-22T04:41:00-05:00,2024-01-22T11:03:04.746-05:00,4140963,Washington DC
Light rain and a gentle breeze,12,7,44,27,17,65,2024-01-28,70,Chance of precipitation,1018,9,48,16:00,1,Good,12,Light Rain,A gentle breeze from the north north west,NNW,NNW,North North Westerly,17,11,2024-01-22T04:41:00-05:00,2024-01-22T11:03:04.746-05:00,4140963,Washington DC
Light rain and a gentle breeze,12,6,42,27,17,68,2024-01-28,46,Chance of precipitation,1019,8,47,17:00,1,Moderate,12,Light Rain,A gentle breeze from the north,N,N,Northerly,17,11,2024-01-22T04:41:00-05:00,2024-01-22T11:03:04.746-05:00,4140963,Washington DC
Light rain showers and a gentle breeze,9,5,42,28,17,71,2024-01-28,65,Chance of precipitation,1020,8,46,18:00,1,Moderate,9,Light Rain Showers,A gentle breeze from the north,N,N,Northerly,14,9,2024-01-22T04:41:00-05:00,2024-01-22T11:03:04.746-05:00,4140963,Washington DC
Light rain showers and a gentle breeze,9,5,41,32,20,70,2024-01-28,65,Chance of precipitation,1021,7,45,19:00,1,Moderate,9,Light Rain Showers,A gentle breeze from the north,N,N,Northerly,13,8,2024-01-22T04:41:00-05:00,2024-01-22T11:03:04.746-05:00,4140963,Washington DC
Light rain and a gentle breeze,39,4,40,32,20,70,2024-01-28,62,Chance of precipitation,1022,7,44,20:00,1,Moderate,12,Light Rain,A gentle breeze from the north,N,N,Northerly,13,8,2024-01-22T04:41:00-05:00,2024-01-22T11:03:04.746-05:00,4140963,Washington DC
Light rain and a gentle breeze,39,4,39,31,19,73,2024-01-28,40,Chance of precipitation,1022,6,43,21:00,1,Moderate,12,Light Rain,A gentle breeze from the north,N,N,Northerly,15,9,2024-01-22T04:41:00-05:00,2024-01-22T11:03:04.746-05:00,4140963,Washington DC
Light rain and a gentle breeze,39,3,38,29,18,75,2024-01-28,62,Chance of precipitation,1023,6,43,22:00,1,Moderate,12,Light Rain,A gentle breeze from the north,N,N,Northerly,14,9,2024-01-22T04:41:00-05:00,2024-01-22T11:03:04.746-05:00,4140963,Washington DC
Light rain and a gentle breeze,39,3,37,27,17,75,2024-01-28,46,Chance of precipitation,1023,5,42,23:00,1,Moderate,12,Light Rain,A gentle breeze from the north,N,N,Northerly,12,8,2024-01-22T04:41:00-05:00,2024-01-22T11:03:04.746-05:00,4140963,Washington DC
Light rain and a gentle breeze,39,2,36,25,15,75,2024-01-29,46,Chance of precipitation,1023,5,41,00:00,1,Moderate,12,Light Rain,A gentle breeze from the north,N,N,Northerly,12,8,2024-01-22T04:41:00-05:00,2024-01-22T11:03:04.746-05:00,4140963,Washington DC
Sleet and light winds,41,2,36,24,15,74,2024-01-29,46,Chance of precipitation,1023,5,41,01:00,1,Moderate,18,Sleet,Light winds from the north,N,N,Northerly,12,7,2024-01-22T04:41:00-05:00,2024-01-22T11:03:04.746-05:00,4140963,Washington DC
Sleet and light winds,41,2,36,22,14,74,2024-01-29,34,Chance of precipitation,1023,5,40,02:00,1,Good,18,Sleet,Light winds from the north north west,NNW,NNW,North North Westerly,11,7,2024-01-22T04:41:00-05:00,2024-01-22T11:03:04.746-05:00,4140963,Washington DC
Sleet and light winds,41,2,35,19,12,77,2024-01-29,34,Chance of precipitation,1023,4,40,03:00,1,Good,18,Sleet,Light winds from the north north west,NNW,NNW,North North Westerly,11,7,2024-01-22T04:41:00-05:00,2024-01-22T11:03:04.746-05:00,4140963,Washington DC
Sleet and light winds,41,2,35,20,13,78,2024-01-29,34,Chance of precipitation,1023,4,39,04:00,1,Good,18,Sleet,Light winds from the north north west,NNW,NNW,North North Westerly,9,5,2024-01-22T04:41:00-05:00,2024-01-22T11:03:04.746-05:00,4140963,Washington DC
Partly cloudy and light winds,2,1,34,20,12,77,2024-01-29,25,Low chance of precipitation,1023,4,39,05:00,1,Good,2,Partly Cloudy,Light winds from the north north west,NNW,NNW,North North Westerly,10,6,2024-01-22T04:41:00-05:00,2024-01-22T11:03:04.746-05:00,4140963,Washington DC
Sleet and light winds,41,1,34,19,12,78,2024-01-29,34,Chance of precipitation,1023,4,39,06:00,1,Good,18,Sleet,Light winds from the north north west,NNW,NNW,North North Westerly,11,7,2024-01-22T04:41:00-05:00,2024-01-22T11:03:04.746-05:00,4140963,Washington DC
Sleet and light winds,41,1,33,19,12,78,2024-01-29,34,Chance of precipitation,1023,3,38,07:00,1,Good,18,Sleet,Light winds from the north north west,NNW,NNW,North North Westerly,11,7,2024-01-22T04:41:00-05:00,2024-01-22T11:03:04.746-05:00,4140963,Washington DC
Light cloud and light winds,7,1,33,20,12,75,2024-01-29,10,Low chance of precipitation,1023,4,39,08:00,1,Good,7,Light Cloud,Light winds from the north north west,NNW,NNW,North North Westerly,11,7,2024-01-22T04:41:00-05:00,2024-01-22T11:03:04.746-05:00,4140963,Washington DC
Light cloud and a gentle breeze,7,2,35,20,12,72,2024-01-29,10,Low chance of precipitation,1023,4,40,09:00,1,Good,7,Light Cloud,A gentle breeze from the north north west,NNW,NNW,North North Westerly,12,8,2024-01-22T04:41:00-05:00,2024-01-22T11:03:04.746-05:00,4140963,Washington DC
Light cloud and a gentle breeze,7,3,37,21,13,68,2024-01-29,10,Low chance of precipitation,1024,5,42,10:00,1,Good,7,Light Cloud,A gentle breeze from the north north west,NNW,NNW,North North Westerly,14,9,2024-01-22T04:41:00-05:00,2024-01-22T11:03:04.746-05:00,4140963,Washington DC
Light cloud and a gentle breeze,7,3,37,22,14,63,2024-01-29,10,Low chance of precipitation,1023,6,42,11:00,1,Good,7,Light Cloud,A gentle breeze from the north north west,NNW,NNW,North North Westerly,16,10,2024-01-22T04:41:00-05:00,2024-01-22T11:03:04.746-05:00,4140963,Washington DC
Light cloud and a gentle breeze,7,4,38,23,14,61,2024-01-29,10,Low chance of precipitation,1022,6,43,12:00,1,Good,7,Light Cloud,A gentle breeze from the north north west,NNW,NNW,North North Westerly,15,10,2024-01-22T04:41:00-05:00,2024-01-22T11:03:04.746-05:00,4140963,Washington DC
Light cloud and a gentle breeze,7,4,39,22,14,56,2024-01-29,10,Low chance of precipitation,1021,7,45,13:00,1,Good,7,Light Cloud,A gentle breeze from the north west,NW,NW,North Westerly,17,10,2024-01-22T04:41:00-05:00,2024-01-22T11:03:04.746-05:00,4140963,Washington DC
Sunny intervals and a gentle breeze,3,5,40,22,14,53,2024-01-29,0,Precipitation is not expected,1020,7,45,14:00,1,Good,3,Sunny Intervals,A gentle breeze from the north west,NW,NW,North Westerly,17,10,2024-01-22T04:41:00-05:00,2024-01-22T11:03:04.746-05:00,4140963,Washington DC
Sunny intervals and a gentle breeze,3,5,41,22,13,52,2024-01-29,0,Precipitation is not expected,1020,8,46,15:00,1,Good,3,Sunny Intervals,A gentle breeze from the north west,NW,NW,North Westerly,17,10,2024-01-22T04:41:00-05:00,2024-01-22T11:03:04.746-05:00,4140963,Washington DC
Sunny intervals and a gentle breeze,3,5,41,21,13,51,2024-01-29,0,Precipitation is not expected,1019,8,46,16:00,1,Good,3,Sunny Intervals,A gentle breeze from the north west,NW,NW,North Westerly,16,10,2024-01-22T04:41:00-05:00,2024-01-22T11:03:04.746-05:00,4140963,Washington DC
Sunny intervals and a gentle breeze,3,4,40,21,13,52,2024-01-29,0,Precipitation is not expected,1019,7,45,17:00,1,Good,3,Sunny Intervals,A gentle breeze from the north west,NW,NW,North Westerly,15,9,2024-01-22T04:41:00-05:00,2024-01-22T11:03:04.746-05:00,4140963,Washington DC
Partly cloudy and a gentle breeze,2,3,38,20,13,56,2024-01-29,0,Precipitation is not expected,1019,6,43,18:00,1,Good,2,Partly Cloudy,A gentle breeze from the north west,NW,NW,North Westerly,14,8,2024-01-22T04:41:00-05:00,2024-01-22T11:03:04.746-05:00,4140963,Washington DC
Partly cloudy and light winds,2,4,38,19,12,56,2024-01-29,0,Precipitation is not expected,1019,6,43,19:00,1,Good,2,Partly Cloudy,Light winds from the north west,NW,NW,North Westerly,11,7,2024-01-22T04:41:00-05:00,2024-01-22T11:03:04.746-05:00,4140963,Washington DC
Partly cloudy and a gentle breeze,2,3,37,18,11,59,2024-01-29,0,Precipitation is not expected,1019,5,42,20:00,1,Good,2,Partly Cloudy,A gentle breeze from the north west,NW,NW,North Westerly,12,8,2024-01-22T04:41:00-05:00,2024-01-22T11:03:04.746-05:00,4140963,Washington DC
Partly cloudy and a gentle breeze,2,2,36,17,11,60,2024-01-29,0,Precipitation is not expected,1018,5,41,21:00,1,Good,2,Partly Cloudy,A gentle breeze from the north west,NW,NW,North Westerly,13,8,2024-01-22T04:41:00-05:00,2024-01-22T11:03:04.746-05:00,4140963,Washington DC
Partly cloudy and a gentle breeze,2,2,35,17,10,63,2024-01-29,0,Precipitation is not expected,1018,5,41,22:00,1,Good,2,Partly Cloudy,A gentle breeze from the north west,NW,NW,North Westerly,13,8,2024-01-22T04:41:00-05:00,2024-01-22T11:03:04.746-05:00,4140963,Washington DC
Partly cloudy and light winds,2,2,35,16,10,64,2024-01-29,0,Precipitation is not expected,1018,4,40,23:00,1,Good,2,Partly Cloudy,Light winds from the north west,NW,NW,North Westerly,11,7,2024-01-22T04:41:00-05:00,2024-01-22T11:03:04.746-05:00,4140963,Washington DC
Partly cloudy and light winds,2,1,35,15,10,66,2024-01-30,0,Precipitation is not expected,1017,4,40,00:00,1,Good,2,Partly Cloudy,Light winds from the north west,NW,NW,North Westerly,11,7,2024-01-22T04:41:00-05:00,2024-01-22T11:03:04.746-05:00,4140963,Washington DC
Partly cloudy and light winds,2,1,34,14,9,68,2024-01-30,0,Precipitation is not expected,1017,4,39,01:00,1,Good,2,Partly Cloudy,Light winds from the west north west,WNW,WNW,West North Westerly,10,6,2024-01-22T04:41:00-05:00,2024-01-22T11:03:04.746-05:00,4140963,Washington DC
Partly cloudy and light winds,2,1,34,14,9,69,2024-01-30,0,Precipitation is not expected,1016,4,39,02:00,1,Good,2,Partly Cloudy,Light winds from the west north west,WNW,WNW,West North Westerly,9,6,2024-01-22T04:41:00-05:00,2024-01-22T11:03:04.746-05:00,4140963,Washington DC
Partly cloudy and light winds,2,1,34,13,8,71,2024-01-30,0,Precipitation is not expected,1016,3,38,03:00,1,Good,2,Partly Cloudy,Light winds from the west north west,WNW,WNW,West North Westerly,9,6,2024-01-22T04:41:00-05:00,2024-01-22T11:03:04.746-05:00,4140963,Washington DC
Partly cloudy and light winds,2,1,33,13,8,74,2024-01-30,0,Precipitation is not expected,1015,3,37,04:00,1,Good,2,Partly Cloudy,Light winds from the north west,NW,NW,North Westerly,8,5,2024-01-22T04:41:00-05:00,2024-01-22T11:03:04.746-05:00,4140963,Washington DC
Partly cloudy and light winds,2,0,32,12,7,74,2024-01-30,0,Precipitation is not expected,1015,3,37,05:00,1,Good,2,Partly Cloudy,Light winds from the north west,NW,NW,North Westerly,8,5,2024-01-22T04:41:00-05:00,2024-01-22T11:03:04.746-05:00,4140963,Washington DC
A clear sky and light winds,0,0,32,12,8,78,2024-01-30,0,Precipitation is not expected,1015,3,37,06:00,1,Good,0,Clear Sky,Light winds from the west,W,W,Westerly,8,5,2024-01-22T11:03:04-05:00,2024-01-22T11:03:04.746-05:00,4140963,Washington DC
Partly cloudy and light winds,2,-1,31,16,10,78,2024-01-30,10,Low chance of precipitation,1015,2,36,07:00,1,Good,2,Partly Cloudy,Light winds from the west north west,WNW,WNW,West North Westerly,9,6,2024-01-22T11:03:04-05:00,2024-01-22T11:03:04.746-05:00,4140963,Washington DC
Sunny intervals and light winds,3,0,32,19,12,74,2024-01-30,10,Low chance of precipitation,1015,3,37,08:00,1,Good,3,Sunny Intervals,Light winds from the west,W,W,Westerly,10,6,2024-01-22T11:03:04-05:00,2024-01-22T11:03:04.746-05:00,4140963,Washington DC
Sunny intervals and light winds,3,1,34,23,14,70,2024-01-30,10,Low chance of precipitation,1015,4,39,09:00,1,Good,3,Sunny Intervals,Light winds from the west north west,WNW,WNW,West North Westerly,11,7,2024-01-22T11:03:04-05:00,2024-01-22T11:03:04.746-05:00,4140963,Washington DC
Sunny intervals and a gentle breeze,3,3,37,24,15,66,2024-01-30,10,Low chance of precipitation,1014,5,42,10:00,1,Good,3,Sunny Intervals,A gentle breeze from the west,W,W,Westerly,14,8,2024-01-22T11:03:04-05:00,2024-01-22T11:03:04.746-05:00,4140963,Washington DC
Sunny intervals and a gentle breeze,3,3,38,26,16,60,2024-01-30,0,Precipitation is not expected,1014,6,43,11:00,1,Good,3,Sunny Intervals,A gentle breeze from the west north west,WNW,WNW,West North Westerly,15,9,2024-01-22T11:03:04-05:00,2024-01-22T11:03:04.746-05:00,4140963,Washington DC
Sunny intervals and a gentle breeze,3,4,39,28,17,58,2024-01-30,10,Low chance of precipitation,1013,7,44,12:00,1,Good,3,Sunny Intervals,A gentle breeze from the west north west,WNW,WNW,West North Westerly,14,9,2024-01-22T11:03:04-05:00,2024-01-22T11:03:04.746-05:00,4140963,Washington DC
Sunny intervals and a gentle breeze,3,5,41,29,18,53,2024-01-30,10,Low chance of precipitation,1012,8,46,13:00,1,Good,3,Sunny Intervals,A gentle breeze from the west,W,W,Westerly,17,11,2024-01-22T11:03:04-05:00,2024-01-22T11:03:04.746-05:00,4140963,Washington DC
Sunny intervals and a gentle breeze,3,5,41,30,19,52,2024-01-30,0,Precipitation is not expected,1011,8,46,14:00,1,Good,3,Sunny Intervals,A gentle breeze from the west,W,W,Westerly,17,10,2024-01-22T11:03:04-05:00,2024-01-22T11:03:04.746-05:00,4140963,Washington DC
Sunny intervals and a gentle breeze,3,6,42,32,20,52,2024-01-30,0,Precipitation is not expected,1011,8,47,15:00,1,Good,3,Sunny Intervals,A gentle breeze from the west north west,WNW,WNW,West North Westerly,16,10,2024-01-22T11:03:04-05:00,2024-01-22T11:03:04.746-05:00,4140963,Washington DC
Sunny intervals and a gentle breeze,3,6,42,29,18,51,2024-01-30,0,Precipitation is not expected,1011,8,47,16:00,1,Good,3,Sunny Intervals,A gentle breeze from the west,W,W,Westerly,16,10,2024-01-22T11:03:04-05:00,2024-01-22T11:03:04.746-05:00,4140963,Washington DC
Sunny intervals and a gentle breeze,3,5,41,26,16,53,2024-01-30,0,Precipitation is not expected,1011,7,45,17:00,1,Good,3,Sunny Intervals,A gentle breeze from the west north west,WNW,WNW,West North Westerly,15,10,2024-01-22T11:03:04-05:00,2024-01-22T11:03:04.746-05:00,4140963,Washington DC
Partly cloudy and a gentle breeze,2,4,39,23,14,58,2024-01-30,0,Precipitation is not expected,1011,7,44,18:00,1,Good,2,Partly Cloudy,A gentle breeze from the west north west,WNW,WNW,West North Westerly,13,8,2024-01-22T11:03:04-05:00,2024-01-22T11:03:04.746-05:00,4140963,Washington DC
A clear sky and light winds,0,4,39,25,16,59,2024-01-30,0,Precipitation is not expected,1011,6,43,19:00,1,Good,0,Clear Sky,Light winds from the west north west,WNW,WNW,West North Westerly,12,7,2024-01-22T11:03:04-05:00,2024-01-22T11:03:04.746-05:00,4140963,Washington DC
A clear sky and a gentle breeze,0,3,37,32,20,62,2024-01-30,0,Precipitation is not expected,1011,6,42,20:00,1,Good,0,Clear Sky,A gentle breeze from the west north west,WNW,WNW,West North Westerly,13,8,2024-01-22T11:03:04-05:00,2024-01-22T11:03:04.746-05:00,4140963,Washington DC
Partly cloudy and a gentle breeze,2,4,39,29,18,63,2024-01-30,0,Precipitation is not expected,1011,6,43,21:00,1,Good,2,Partly Cloudy,A gentle breeze from the west north west,WNW,WNW,West North Westerly,14,9,2024-01-22T11:03:04-05:00,2024-01-22T11:03:04.746-05:00,4140963,Washington DC
Partly cloudy and a gentle breeze,2,2,36,27,17,66,2024-01-30,10,Low chance of precipitation,1011,5,41,22:00,1,Good,2,Partly Cloudy,A gentle breeze from the west north west,WNW,WNW,West North Westerly,12,8,2024-01-22T11:03:04-05:00,2024-01-22T11:03:04.746-05:00,4140963,Washington DC
Partly cloudy and light winds,2,2,35,29,18,66,2024-01-30,0,Precipitation is not expected,1011,4,40,23:00,1,Good,2,Partly Cloudy,Light winds from the west north west,WNW,WNW,West North Westerly,11,7,2024-01-22T11:03:04-05:00,2024-01-22T11:03:04.746-05:00,4140963,Washington DC
A clear sky and light winds,0,1,35,30,19,67,2024-01-31,0,Precipitation is not expected,1011,4,40,00:00,1,Good,0,Clear Sky,Light winds from the west north west,WNW,WNW,West North Westerly,12,7,2024-01-22T11:03:04-05:00,2024-01-22T11:03:04.746-05:00,4140963,Washington DC
Partly cloudy and a gentle breeze,2,1,34,28,17,68,2024-01-31,0,Precipitation is not expected,1011,4,39,01:00,1,Good,2,Partly Cloudy,A gentle breeze from the west north west,WNW,WNW,West North Westerly,12,8,2024-01-22T11:03:04-05:00,2024-01-22T11:03:04.746-05:00,4140963,Washington DC
A clear sky and light winds,0,1,33,29,18,69,2024-01-31,0,Precipitation is not expected,1011,3,38,02:00,1,Good,0,Clear Sky,Light winds from the west north west,WNW,WNW,West North Westerly,11,7,2024-01-22T11:03:04-05:00,2024-01-22T11:03:04.746-05:00,4140963,Washington DC
A clear sky and light winds,0,0,32,29,18,71,2024-01-31,0,Precipitation is not expected,1011,3,37,03:00,1,Good,0,Clear Sky,Light winds from the west north west,WNW,WNW,West North Westerly,12,7,2024-01-22T11:03:04-05:00,2024-01-22T11:03:04.746-05:00,4140963,Washington DC
A clear sky and light winds,0,-1,31,29,18,72,2024-01-31,0,Precipitation is not expected,1010,2,36,04:00,1,Good,0,Clear Sky,Light winds from the north west,NW,NW,North Westerly,12,7,2024-01-22T11:03:04-05:00,2024-01-22T11:03:04.746-05:00,4140963,Washington DC
A clear sky and light winds,0,-1,30,30,18,72,2024-01-31,0,Precipitation is not expected,1011,2,36,05:00,1,Good,0,Clear Sky,Light winds from the north west,NW,NW,North Westerly,12,7,2024-01-22T11:03:04-05:00,2024-01-22T11:03:04.746-05:00,4140963,Washington DC
A clear sky and light winds,0,-1,29,30,19,72,2024-01-31,0,Precipitation is not expected,1011,2,35,06:00,1,Good,0,Clear Sky,Light winds from the west north west,WNW,WNW,West North Westerly,12,7,2024-01-22T11:03:04-05:00,2024-01-22T11:03:04.746-05:00,4140963,Washington DC
A clear sky and a gentle breeze,0,-2,28,31,19,71,2024-01-31,0,Precipitation is not expected,1011,1,35,07:00,1,Good,0,Clear Sky,A gentle breeze from the west north west,WNW,WNW,West North Westerly,12,8,2024-01-22T11:03:04-05:00,2024-01-22T11:03:04.746-05:00,4140963,Washington DC
Sunny intervals and a gentle breeze,3,-1,29,33,21,72,2024-01-31,22,Low chance of precipitation,1012,2,36,08:00,1,Good,3,Sunny Intervals,A gentle breeze from the west north west,WNW,WNW,West North Westerly,13,8,2024-01-22T11:03:04-05:00,2024-01-22T11:03:04.746-05:00,4140963,Washington DC
Sunny intervals and a gentle breeze,3,-1,30,37,23,66,2024-01-31,30,Low chance of precipitation,1013,2,36,09:00,1,Good,3,Sunny Intervals,A gentle breeze from the north west,NW,NW,North Westerly,13,8,2024-01-22T11:03:04-05:00,2024-01-22T11:03:04.746-05:00,4140963,Washington DC
Light cloud and a gentle breeze,7,0,32,40,25,64,2024-01-31,23,Low chance of precipitation,1014,4,39,10:00,1,Good,7,Light Cloud,A gentle breeze from the north west,NW,NW,North Westerly,15,9,2024-01-22T11:03:04-05:00,2024-01-22T11:03:04.746-05:00,4140963,Washington DC
Light cloud and a gentle breeze,7,1,33,41,25,57,2024-01-31,12,Low chance of precipitation,1013,4,40,11:00,1,Good,7,Light Cloud,A gentle breeze from the north west,NW,NW,North Westerly,16,10,2024-01-22T11:03:04-05:00,2024-01-22T11:03:04.746-05:00,4140963,Washington DC
Light cloud and a gentle breeze,7,2,35,47,29,54,2024-01-31,10,Low chance of precipitation,1013,5,41,12:00,1,Good,7,Light Cloud,A gentle breeze from the north west,NW,NW,North Westerly,16,10,2024-01-22T11:03:04-05:00,2024-01-22T11:03:04.746-05:00,4140963,Washington DC
Light cloud and a gentle breeze,7,2,36,52,32,50,2024-01-31,10,Low chance of precipitation,1013,6,42,13:00,1,Good,7,Light Cloud,A gentle breeze from the north west,NW,NW,North Westerly,19,12,2024-01-22T11:03:04-05:00,2024-01-22T11:03:04.746-05:00,4140963,Washington DC
Sunny intervals and a moderate breeze,3,2,36,52,33,50,2024-01-31,0,Precipitation is not expected,1013,6,43,14:00,1,Good,3,Sunny Intervals,A moderate breeze from the north west,NW,NW,North Westerly,21,13,2024-01-22T11:03:04-05:00,2024-01-22T11:03:04.746-05:00,4140963,Washington DC
Sunny intervals and a moderate breeze,3,2,36,48,30,49,2024-01-31,0,Precipitation is not expected,1014,6,43,15:00,1,Good,3,Sunny Intervals,A moderate breeze from the north west,NW,NW,North Westerly,21,13,2024-01-22T11:03:04-05:00,2024-01-22T11:03:04.746-05:00,4140963,Washington DC
Sunny intervals and a gentle breeze,3,3,37,44,28,47,2024-01-31,0,Precipitation is not expected,1014,6,43,16:00,1,Good,3,Sunny Intervals,A gentle breeze from the west north west,WNW,WNW,West North Westerly,19,12,2024-01-22T11:03:04-05:00,2024-01-22T11:03:04.746-05:00,4140963,Washington DC
Sunny intervals and a gentle breeze,3,2,35,39,24,49,2024-01-31,0,Precipitation is not expected,1015,5,42,17:00,1,Good,3,Sunny Intervals,A gentle breeze from the north west,NW,NW,North Westerly,18,11,2024-01-22T11:03:04-05:00,2024-01-22T11:03:04.746-05:00,4140963,Washington DC
Partly cloudy and a gentle breeze,2,1,34,33,21,51,2024-01-31,0,Precipitation is not expected,1015,5,40,18:00,1,Good,2,Partly Cloudy,A gentle breeze from the north west,NW,NW,North Westerly,16,10,2024-01-22T11:03:04-05:00,2024-01-22T11:03:04.746-05:00,4140963,Washington DC
A clear sky and a gentle breeze,0,1,34,36,22,52,2024-01-31,0,Precipitation is not expected,1016,4,40,19:00,1,Good,0,Clear Sky,A gentle breeze from the north west,NW,NW,North Westerly,13,8,2024-01-22T11:03:04-05:00,2024-01-22T11:03:04.746-05:00,4140963,Washington DC
A clear sky and a gentle breeze,0,0,32,37,23,56,2024-01-31,0,Precipitation is not expected,1016,3,38,20:00,1,Good,0,Clear Sky,A gentle breeze from the north west,NW,NW,North Westerly,14,9,2024-01-22T11:03:04-05:00,2024-01-22T11:03:04.746-05:00,4140963,Washington DC
A clear sky and a gentle breeze,0,0,31,40,25,58,2024-01-31,0,Precipitation is not expected,1017,3,38,21:00,1,Good,0,Clear Sky,A gentle breeze from the north west,NW,NW,North Westerly,15,9,2024-01-22T11:03:04-05:00,2024-01-22T11:03:04.746-05:00,4140963,Washington DC
A clear sky and a gentle breeze,0,-1,30,33,21,59,2024-01-31,0,Precipitation is not expected,1017,3,37,22:00,1,Good,0,Clear Sky,A gentle breeze from the north west,NW,NW,North Westerly,16,10,2024-01-22T11:03:04-05:00,2024-01-22T11:03:04.746-05:00,4140963,Washington DC
A clear sky and a gentle breeze,0,-1,31,34,21,59,2024-01-31,0,Precipitation is not expected,1017,3,37,23:00,1,Good,0,Clear Sky,A gentle breeze from the west north west,WNW,WNW,West North Westerly,13,8,2024-01-22T11:03:04-05:00,2024-01-22T11:03:04.746-05:00,4140963,Washington DC
A clear sky and a gentle breeze,0,-1,30,37,23,61,2024-02-01,0,Precipitation is not expected,1017,2,36,00:00,1,Good,0,Clear Sky,A gentle breeze from the north west,NW,NW,North Westerly,14,9,2024-01-22T11:03:04-05:00,2024-01-22T11:03:04.746-05:00,4140963,Washington DC
A clear sky and a gentle breeze,0,-2,28,32,20,63,2024-02-01,0,Precipitation is not expected,1018,2,35,01:00,1,Good,0,Clear Sky,A gentle breeze from the west north west,WNW,WNW,West North Westerly,15,9,2024-01-22T11:03:04-05:00,2024-01-22T11:03:04.746-05:00,4140963,Washington DC
A clear sky and a gentle breeze,0,-1,30,35,22,62,2024-02-01,0,Precipitation is not expected,1018,2,36,02:00,1,Good,0,Clear Sky,A gentle breeze from the west north west,WNW,WNW,West North Westerly,13,8,2024-01-22T11:03:04-05:00,2024-01-22T11:03:04.746-05:00,4140963,Washington DC
A clear sky and a gentle breeze,0,-2,28,32,20,64,2024-02-01,0,Precipitation is not expected,1018,2,35,03:00,1,Good,0,Clear Sky,A gentle breeze from the west north west,WNW,WNW,West North Westerly,14,9,2024-01-22T11:03:04-05:00,2024-01-22T11:03:04.746-05:00,4140963,Washington DC
A clear sky and a gentle breeze,0,-2,29,31,19,65,2024-02-01,0,Precipitation is not expected,1018,2,35,04:00,1,Good,0,Clear Sky,A gentle breeze from the north west,NW,NW,North Westerly,13,8,2024-01-22T11:03:04-05:00,2024-01-22T11:03:04.746-05:00,4140963,Washington DC
A clear sky and a gentle breeze,0,-2,29,33,21,67,2024-02-01,10,Low chance of precipitation,1018,2,35,05:00,1,Good,0,Clear Sky,A gentle breeze from the west north west,WNW,WNW,West North Westerly,12,8,2024-01-22T11:03:04-05:00,2024-01-22T11:03:04.746-05:00,4140963,Washington DC
A clear sky and a gentle breeze,0,-2,28,36,22,69,2024-02-01,10,Low chance of precipitation,1019,1,35,06:00,1,Good,0,Clear Sky,A gentle breeze from the west north west,WNW,WNW,West North Westerly,13,8,2024-01-22T11:03:04-05:00,2024-01-22T11:03:04.746-05:00,4140963,Washington DC
A clear sky and a gentle breeze,0,-3,27,38,24,70,2024-02-01,10,Low chance of precipitation,1019,1,34,07:00,1,Good,0,Clear Sky,A gentle breeze from the west north west,WNW,WNW,West North Westerly,14,9,2024-01-22T11:03:04-05:00,2024-01-22T11:03:04.746-05:00,4140963,Washington DC
Sunny and a gentle breeze,1,-3,27,40,25,67,2024-02-01,0,Precipitation is not expected,1019,1,35,08:00,1,Good,1,Sunny,A gentle breeze from the west north west,WNW,WNW,West North Westerly,15,9,2024-01-22T11:03:04-05:00,2024-01-22T11:03:04.746-05:00,4140963,Washington DC
Sunny and a gentle breeze,1,-1,30,43,27,64,2024-02-01,0,Precipitation is not expected,1019,3,37,09:00,1,Good,1,Sunny,A gentle breeze from the west north west,WNW,WNW,West North Westerly,16,10,2024-01-22T11:03:04-05:00,2024-01-22T11:03:04.746-05:00,4140963,Washington DC
Sunny and a gentle breeze,1,2,35,46,29,59,2024-02-01,0,Precipitation is not expected,1019,5,41,10:00,1,Good,1,Sunny,A gentle breeze from the west north west,WNW,WNW,West North Westerly,17,11,2024-01-22T11:03:04-05:00,2024-01-22T11:03:04.746-05:00,4140963,Washington DC
Sunny and a gentle breeze,1,2,36,45,28,55,2024-02-01,0,Precipitation is not expected,1019,6,42,11:00,1,Good,1,Sunny,A gentle breeze from the west north west,WNW,WNW,West North Westerly,19,12,2024-01-22T11:03:04-05:00,2024-01-22T11:03:04.746-05:00,4140963,Washington DC
Sunny and a gentle breeze,1,4,39,44,27,51,2024-02-01,0,Precipitation is not expected,1018,7,44,12:00,1,Good,1,Sunny,A gentle breeze from the west north west,WNW,WNW,West North Westerly,19,12,2024-01-22T11:03:04-05:00,2024-01-22T11:03:04.746-05:00,4140963,Washington DC
Sunny and a gentle breeze,1,6,42,46,28,48,2024-02-01,0,Precipitation is not expected,1018,9,47,13:00,1,Good,1,Sunny,A gentle breeze from the west,W,W,Westerly,20,12,2024-01-22T11:03:04-05:00,2024-01-22T11:03:04.746-05:00,4140963,Washington DC
Sunny and a gentle breeze,1,5,42,46,28,46,2024-02-01,5,Low chance of precipitation,1018,8,47,14:00,1,Good,1,Sunny,A gentle breeze from the west,W,W,Westerly,20,12,2024-01-22T11:03:04-05:00,2024-01-22T11:03:04.746-05:00,4140963,Washington DC
Sunny and a gentle breeze,1,6,43,39,24,46,2024-02-01,0,Precipitation is not expected,1018,9,48,15:00,1,Good,1,Sunny,A gentle breeze from the west,W,W,Westerly,18,11,2024-01-22T11:03:04-05:00,2024-01-22T11:03:04.746-05:00,4140963,Washington DC
Sunny and a gentle breeze,1,7,44,39,24,47,2024-02-01,0,Precipitation is not expected,1018,9,49,16:00,1,Good,1,Sunny,A gentle breeze from the west,W,W,Westerly,15,10,2024-01-22T11:03:04-05:00,2024-01-22T11:03:04.746-05:00,4140963,Washington DC
Sunny and a gentle breeze,1,5,42,28,18,48,2024-02-01,4,Low chance of precipitation,1018,8,46,17:00,1,Good,1,Sunny,A gentle breeze from the west,W,W,Westerly,16,10,2024-01-22T11:03:04-05:00,2024-01-22T11:03:04.746-05:00,4140963,Washington DC
A clear sky and light winds,0,5,41,29,18,55,2024-02-01,0,Precipitation is not expected,1018,7,45,18:00,1,Good,0,Clear Sky,Light winds from the west,W,W,Westerly,11,7,2024-01-22T11:03:04-05:00,2024-01-22T11:03:04.746-05:00,4140963,Washington DC
A clear sky and light winds,0,4,40,27,17,54,2024-02-01,4,Low chance of precipitation,1018,7,44,19:00,1,Good,0,Clear Sky,Light winds from the west north west,WNW,WNW,West North Westerly,12,7,2024-01-22T11:03:04-05:00,2024-01-22T11:03:04.746-05:00,4140963,Washington DC
A clear sky and a gentle breeze,0,3,38,24,15,57,2024-02-01,0,Precipitation is not expected,1018,6,43,20:00,1,Good,0,Clear Sky,A gentle breeze from the west north west,WNW,WNW,West North Westerly,13,8,2024-01-22T11:03:04-05:00,2024-01-22T11:03:04.746-05:00,4140963,Washington DC
A clear sky and a gentle breeze,0,3,37,22,14,58,2024-02-01,0,Precipitation is not expected,1019,6,42,21:00,1,Good,0,Clear Sky,A gentle breeze from the west north west,WNW,WNW,West North Westerly,12,8,2024-01-22T11:03:04-05:00,2024-01-22T11:03:04.746-05:00,4140963,Washington DC
A clear sky and a gentle breeze,0,3,37,22,14,60,2024-02-01,0,Precipitation is not expected,1019,5,41,22:00,1,Good,0,Clear Sky,A gentle breeze from the west north west,WNW,WNW,West North Westerly,12,8,2024-01-22T11:03:04-05:00,2024-01-22T11:03:04.746-05:00,4140963,Washington DC
A clear sky and light winds,0,2,36,23,14,60,2024-02-01,0,Precipitation is not expected,1019,5,41,23:00,1,Good,0,Clear Sky,Light winds from the north west,NW,NW,North Westerly,11,7,2024-01-22T11:03:04-05:00,2024-01-22T11:03:04.746-05:00,4140963,Washington DC
A clear sky and a gentle breeze,0,2,35,24,15,63,2024-02-02,0,Precipitation is not expected,1019,5,40,00:00,1,Good,0,Clear Sky,A gentle breeze from the north west,NW,NW,North Westerly,12,8,2024-01-22T11:03:04-05:00,2024-01-22T11:03:04.746-05:00,4140963,Washington DC
A clear sky and light winds,0,2,35,23,14,67,2024-02-02,0,Precipitation is not expected,1019,5,40,01:00,1,Good,0,Clear Sky,Light winds from the north west,NW,NW,North Westerly,12,7,2024-01-22T11:03:04-05:00,2024-01-22T11:03:04.746-05:00,4140963,Washington DC
A clear sky and light winds,0,1,34,23,14,63,2024-02-02,0,Precipitation is not expected,1020,4,39,02:00,1,Good,0,Clear Sky,Light winds from the west north west,WNW,WNW,West North Westerly,12,7,2024-01-22T11:03:04-05:00,2024-01-22T11:03:04.746-05:00,4140963,Washington DC
A clear sky and light winds,0,1,33,22,14,65,2024-02-02,0,Precipitation is not expected,1020,4,39,03:00,1,Good,0,Clear Sky,Light winds from the west north west,WNW,WNW,West North Westerly,12,7,2024-01-22T11:03:04-05:00,2024-01-22T11:03:04.746-05:00,4140963,Washington DC
A clear sky and light winds,0,0,33,20,13,67,2024-02-02,0,Precipitation is not expected,1020,3,38,04:00,1,Good,0,Clear Sky,Light winds from the west north west,WNW,WNW,West North Westerly,11,7,2024-01-22T11:03:04-05:00,2024-01-22T11:03:04.746-05:00,4140963,Washington DC
A clear sky and light winds,0,0,32,19,12,67,2024-02-02,0,Precipitation is not expected,1020,3,37,05:00,1,Good,0,Clear Sky,Light winds from the north west,NW,NW,North Westerly,11,7,2024-01-22T11:03:04-05:00,2024-01-22T11:03:04.746-05:00,4140963,Washington DC
A clear sky and light winds,0,0,32,17,10,68,2024-02-02,0,Precipitation is not expected,1020,3,37,06:00,1,Good,0,Clear Sky,Light winds from the north west,NW,NW,North Westerly,11,7,2024-01-22T11:03:04-05:00,2024-01-22T11:03:04.746-05:00,4140963,Washington DC
A clear sky and light winds,0,0,31,19,12,68,2024-02-02,0,Precipitation is not expected,1020,3,37,07:00,1,Good,0,Clear Sky,Light winds from the north west,NW,NW,North Westerly,11,7,2024-01-22T11:03:04-05:00,2024-01-22T11:03:04.746-05:00,4140963,Washington DC
Sunny and light winds,1,0,32,20,13,66,2024-02-02,0,Precipitation is not expected,1020,3,38,08:00,1,Good,1,Sunny,Light winds from the north west,NW,NW,North Westerly,12,7,2024-01-22T11:03:04-05:00,2024-01-22T11:03:04.746-05:00,4140963,Washington DC
Sunny and a gentle breeze,1,2,36,22,14,62,2024-02-02,0,Precipitation is not expected,1020,5,41,09:00,1,Good,1,Sunny,A gentle breeze from the north west,NW,NW,North Westerly,12,8,2024-01-22T11:03:04-05:00,2024-01-22T11:03:04.746-05:00,4140963,Washington DC
Sunny and a gentle breeze,1,4,39,25,15,57,2024-02-02,0,Precipitation is not expected,1019,6,43,10:00,1,Good,1,Sunny,A gentle breeze from the north west,NW,NW,North Westerly,14,9,2024-01-22T11:03:04-05:00,2024-01-22T11:03:04.746-05:00,4140963,Washington DC
Sunny and a gentle breeze,1,5,41,27,17,53,2024-02-02,0,Precipitation is not expected,1019,8,46,11:00,1,Good,1,Sunny,A gentle breeze from the north west,NW,NW,North Westerly,15,9,2024-01-22T11:03:04-05:00,2024-01-22T11:03:04.746-05:00,4140963,Washington DC
Sunny and a gentle breeze,1,7,44,30,19,51,2024-02-02,0,Precipitation is not expected,1019,9,48,12:00,1,Good,1,Sunny,A gentle breeze from the north west,NW,NW,North Westerly,14,9,2024-01-22T11:03:04-05:00,2024-01-22T11:03:04.746-05:00,4140963,Washington DC
Sunny and a gentle breeze,1,8,46,29,18,46,2024-02-02,0,Precipitation is not expected,1018,10,50,13:00,1,Good,1,Sunny,A gentle breeze from the north west,NW,NW,North Westerly,17,10,2024-01-22T11:03:04-05:00,2024-01-22T11:03:04.746-05:00,4140963,Washington DC
Sunny and a gentle breeze,1,8,47,28,18,45,2024-02-02,0,Precipitation is not expected,1018,11,51,14:00,1,Good,1,Sunny,A gentle breeze from the west north west,WNW,WNW,West North Westerly,16,10,2024-01-22T11:03:04-05:00,2024-01-22T11:03:04.746-05:00,4140963,Washington DC
Sunny and a gentle breeze,1,9,47,28,17,45,2024-02-02,0,Precipitation is not expected,1018,11,51,15:00,1,Good,1,Sunny,A gentle breeze from the west north west,WNW,WNW,West North Westerly,14,9,2024-01-22T11:03:04-05:00,2024-01-22T11:03:04.746-05:00,4140963,Washington DC
Sunny and light winds,1,9,49,23,14,48,2024-02-02,0,Precipitation is not expected,1018,11,51,16:00,1,Good,1,Sunny,Light winds from the west north west,WNW,WNW,West North Westerly,11,7,2024-01-22T11:03:04-05:00,2024-01-22T11:03:04.746-05:00,4140963,Washington DC
Sunny and light winds,1,7,45,18,11,49,2024-02-02,0,Precipitation is not expected,1018,9,49,17:00,1,Good,1,Sunny,Light winds from the west north west,WNW,WNW,West North Westerly,12,7,2024-01-22T11:03:04-05:00,2024-01-22T11:03:04.746-05:00,4140963,Washington DC
A clear sky and light winds,0,7,44,14,9,53,2024-02-02,0,Precipitation is not expected,1018,8,47,18:00,1,Good,0,Clear Sky,Light winds from the west north west,WNW,WNW,West North Westerly,9,6,2024-01-22T11:03:04-05:00,2024-01-22T11:03:04.746-05:00,4140963,Washington DC
A clear sky and light winds,0,7,44,12,8,55,2024-02-02,0,Precipitation is not expected,1018,8,46,19:00,1,Good,0,Clear Sky,Light winds from the north west,NW,NW,North Westerly,7,5,2024-01-22T11:03:04-05:00,2024-01-22T11:03:04.746-05:00,4140963,Washington DC
A clear sky and light winds,0,5,42,11,7,58,2024-02-02,0,Precipitation is not expected,1018,7,45,20:00,1,Good,0,Clear Sky,Light winds from the north west,NW,NW,North Westerly,8,5,2024-01-22T11:03:04-05:00,2024-01-22T11:03:04.746-05:00,4140963,Washington DC
A clear sky and light winds,0,5,41,10,6,60,2024-02-02,0,Precipitation is not expected,1018,7,44,21:00,1,Good,0,Clear Sky,Light winds from the north west,NW,NW,North Westerly,8,5,2024-01-22T11:03:04-05:00,2024-01-22T11:03:04.746-05:00,4140963,Washington DC
A clear sky and light winds,0,5,41,12,8,61,2024-02-02,0,Precipitation is not expected,1018,6,43,22:00,1,Good,0,Clear Sky,Light winds from the north west,NW,NW,North Westerly,8,5,2024-01-22T11:03:04-05:00,2024-01-22T11:03:04.746-05:00,4140963,Washington DC
A clear sky and light winds,0,5,42,15,9,62,2024-02-02,0,Precipitation is not expected,1018,6,42,23:00,1,Good,0,Clear Sky,Light winds from the north west,NW,NW,North Westerly,7,4,2024-01-22T11:03:04-05:00,2024-01-22T11:03:04.746-05:00,4140963,Washington DC
A clear sky and light winds,0,4,39,17,11,65,2024-02-03,0,Precipitation is not expected,1018,6,42,00:00,1,Good,0,Clear Sky,Light winds from the north north west,NNW,NNW,North North Westerly,8,5,2024-01-22T11:03:04-05:00,2024-01-22T11:03:04.746-05:00,4140963,Washington DC
A clear sky and light winds,0,3,38,17,10,65,2024-02-03,0,Precipitation is not expected,1019,5,41,01:00,1,Good,0,Clear Sky,Light winds from the north west,NW,NW,North Westerly,8,5,2024-01-22T11:03:04-05:00,2024-01-22T11:03:04.746-05:00,4140963,Washington DC
A clear sky and light winds,0,5,40,16,10,65,2024-02-03,0,Precipitation is not expected,1019,5,41,02:00,1,Good,0,Clear Sky,Light winds from the west north west,WNW,WNW,West North Westerly,7,5,2024-01-22T11:03:04-05:00,2024-01-22T11:03:04.746-05:00,4140963,Washington DC
A clear sky and light winds,0,4,40,15,9,68,2024-02-03,0,Precipitation is not expected,1019,5,40,03:00,1,Good,0,Clear Sky,Light winds from the north west,NW,NW,North Westerly,7,4,2024-01-22T11:03:04-05:00,2024-01-22T11:03:04.746-05:00,4140963,Washington DC
A clear sky and light winds,0,4,39,16,10,70,2024-02-03,0,Precipitation is not expected,1019,4,40,04:00,1,Good,0,Clear Sky,Light winds from the north west,NW,NW,North Westerly,6,4,2024-01-22T11:03:04-05:00,2024-01-22T11:03:04.746-05:00,4140963,Washington DC
A clear sky and light winds,0,4,39,17,11,70,2024-02-03,0,Precipitation is not expected,1019,4,39,05:00,1,Good,0,Clear Sky,Light winds from the north,N,N,Northerly,7,4,2024-01-22T11:03:04-05:00,2024-01-22T11:03:04.746-05:00,4140963,Washington DC
A clear sky and light winds,0,3,38,19,12,71,2024-02-03,0,Precipitation is not expected,1019,4,39,06:00,1,Good,0,Clear Sky,Light winds from the north,N,N,Northerly,7,4,2024-01-22T11:03:04-05:00,2024-01-22T11:03:04.746-05:00,4140963,Washington DC
A clear sky and light winds,0,2,35,21,13,71,2024-02-03,0,Precipitation is not expected,1019,4,39,07:00,1,Good,0,Clear Sky,Light winds from the north west,NW,NW,North Westerly,8,5,2024-01-22T11:03:04-05:00,2024-01-22T11:03:04.746-05:00,4140963,Washington DC
Sunny and light winds,1,2,36,22,14,69,2024-02-03,0,Precipitation is not expected,1019,4,40,08:00,1,Good,1,Sunny,Light winds from the north,N,N,Northerly,8,5,2024-01-22T11:03:04-05:00,2024-01-22T11:03:04.746-05:00,4140963,Washington DC
Sunny and light winds,1,4,39,26,16,66,2024-02-03,0,Precipitation is not expected,1019,6,43,09:00,1,Good,1,Sunny,Light winds from the north west,NW,NW,North Westerly,9,6,2024-01-22T11:03:04-05:00,2024-01-22T11:03:04.746-05:00,4140963,Washington DC
Sunny and light winds,1,6,43,26,16,61,2024-02-03,0,Precipitation is not expected,1019,8,46,10:00,1,Good,1,Sunny,Light winds from the west north west,WNW,WNW,West North Westerly,10,6,2024-01-22T11:03:04-05:00,2024-01-22T11:03:04.746-05:00,4140963,Washington DC
Sunny and light winds,1,7,45,27,17,57,2024-02-03,0,Precipitation is not expected,1019,9,48,11:00,1,Good,1,Sunny,Light winds from the north north west,NNW,NNW,North North Westerly,11,7,2024-01-22T11:03:04-05:00,2024-01-22T11:03:04.746-05:00,4140963,Washington DC
Sunny and light winds,1,9,48,27,17,55,2024-02-03,0,Precipitation is not expected,1019,10,51,12:00,1,Good,1,Sunny,Light winds from the north west,NW,NW,North Westerly,11,7,2024-01-22T11:03:04-05:00,2024-01-22T11:03:04.746-05:00,4140963,Washington DC
Sunny and a gentle breeze,1,10,50,25,16,51,2024-02-03,0,Precipitation is not expected,1019,12,53,13:00,1,Good,1,Sunny,A gentle breeze from the west north west,WNW,WNW,West North Westerly,12,8,2024-01-22T11:03:04-05:00,2024-01-22T11:03:04.746-05:00,4140963,Washington DC
Sunny and light winds,1,11,51,23,14,50,2024-02-03,0,Precipitation is not expected,1018,12,54,14:00,1,Good,1,Sunny,Light winds from the west,W,W,Westerly,12,7,2024-01-22T11:03:04-05:00,2024-01-22T11:03:04.746-05:00,4140963,Washington DC
Sunny and light winds,1,11,52,20,13,50,2024-02-03,0,Precipitation is not expected,1018,12,54,15:00,1,Good,1,Sunny,Light winds from the west north west,WNW,WNW,West North Westerly,10,6,2024-01-22T11:03:04-05:00,2024-01-22T11:03:04.746-05:00,4140963,Washington DC
Sunny and light winds,1,11,51,15,9,51,2024-02-03,0,Precipitation is not expected,1018,12,53,16:00,1,Good,1,Sunny,Light winds from the west,W,W,Westerly,10,6,2024-01-22T11:03:04-05:00,2024-01-22T11:03:04.746-05:00,4140963,Washington DC
Sunny and light winds,1,10,49,10,6,54,2024-02-03,0,Precipitation is not expected,1018,11,51,17:00,1,Good,1,Sunny,Light winds from the west,W,W,Westerly,9,5,2024-01-22T11:03:04-05:00,2024-01-22T11:03:04.746-05:00,4140963,Washington DC
A clear sky and light winds,0,9,49,6,4,58,2024-02-03,0,Precipitation is not expected,1018,10,50,18:00,1,Good,0,Clear Sky,Light winds from the west,W,W,Westerly,7,5,2024-01-22T11:03:04-05:00,2024-01-22T11:03:04.746-05:00,4140963,Washington DC
Partly cloudy and light winds,2,9,48,7,4,61,2024-02-03,0,Precipitation is not expected,1018,9,49,19:00,1,Good,2,Partly Cloudy,Light winds from the west,W,W,Westerly,6,4,2024-01-22T11:03:04-05:00,2024-01-22T11:03:04.746-05:00,4140963,Washington DC
Partly cloudy and light winds,2,8,47,7,4,64,2024-02-03,0,Precipitation is not expected,1018,9,47,20:00,1,Good,2,Partly Cloudy,Light winds from the north west,NW,NW,North Westerly,7,4,2024-01-22T11:03:04-05:00,2024-01-22T11:03:04.746-05:00,4140963,Washington DC
Partly cloudy and light winds,2,8,46,7,4,66,2024-02-03,0,Precipitation is not expected,1018,8,47,21:00,1,Good,2,Partly Cloudy,Light winds from the west,W,W,Westerly,7,4,2024-01-22T11:03:04-05:00,2024-01-22T11:03:04.746-05:00,4140963,Washington DC
Partly cloudy and light winds,2,7,45,6,4,68,2024-02-03,0,Precipitation is not expected,1018,8,46,22:00,1,Good,2,Partly Cloudy,Light winds from the north west,NW,NW,North Westerly,7,4,2024-01-22T11:03:04-05:00,2024-01-22T11:03:04.746-05:00,4140963,Washington DC
Light cloud and light winds,36,7,45,7,4,69,2024-02-03,0,Precipitation is not expected,1018,7,45,23:00,1,Good,7,Light Cloud,Light winds from the west north west,WNW,WNW,West North Westerly,6,4,2024-01-22T11:03:04-05:00,2024-01-22T11:03:04.746-05:00,4140963,Washington DC
Light cloud and light winds,36,7,44,8,5,71,2024-02-04,0,Precipitation is not expected,1018,7,45,00:00,1,Good,7,Light Cloud,Light winds from the west north west,WNW,WNW,West North Westerly,6,4,2024-01-22T11:03:04-05:00,2024-01-22T11:03:04.746-05:00,4140963,Washington DC
Light cloud and light winds,36,6,44,7,5,72,2024-02-04,0,Precipitation is not expected,1018,7,44,01:00,1,Good,7,Light Cloud,Light winds from the south west,SW,SW,South Westerly,6,4,2024-01-22T11:03:04-05:00,2024-01-22T11:03:04.746-05:00,4140963,Washington DC
Light cloud and light winds,36,6,43,6,4,73,2024-02-04,0,Precipitation is not expected,1018,6,43,02:00,1,Good,7,Light Cloud,Light winds from the west north west,WNW,WNW,West North Westerly,6,4,2024-01-22T11:03:04-05:00,2024-01-22T11:03:04.746-05:00,4140963,Washington DC
Light cloud and light winds,36,6,43,5,3,76,2024-02-04,0,Precipitation is not expected,1018,6,43,03:00,1,Good,7,Light Cloud,Light winds from the north west,NW,NW,North Westerly,6,4,2024-01-22T11:03:04-05:00,2024-01-22T11:03:04.746-05:00,4140963,Washington DC
Light cloud and light winds,36,5,42,7,5,78,2024-02-04,0,Precipitation is not expected,1018,6,42,04:00,1,Good,7,Light Cloud,Light winds from the north north west,NNW,NNW,North North Westerly,5,3,2024-01-22T11:03:04-05:00,2024-01-22T11:03:04.746-05:00,4140963,Washington DC
Light cloud and light winds,36,5,41,10,6,79,2024-02-04,0,Precipitation is not expected,1018,5,42,05:00,1,Good,7,Light Cloud,Light winds from the north north east,NNE,NNE,North North Easterly,5,3,2024-01-22T11:03:04-05:00,2024-01-22T11:03:04.746-05:00,4140963,Washington DC
Light cloud and light winds,36,5,41,12,8,80,2024-02-04,0,Precipitation is not expected,1017,5,42,06:00,1,Good,7,Light Cloud,Light winds from the north east,NE,NE,North Easterly,6,4,2024-01-22T11:03:04-05:00,2024-01-22T11:03:04.746-05:00,4140963,Washington DC
Light cloud and light winds,36,5,41,13,8,81,2024-02-04,0,Precipitation is not expected,1017,5,41,07:00,1,Good,7,Light Cloud,Light winds from the east north east,ENE,ENE,East North Easterly,6,4,2024-01-22T11:03:04-05:00,2024-01-22T11:03:04.746-05:00,4140963,Washington DC
Thick cloud and light winds,8,5,42,13,8,79,2024-02-04,0,Precipitation is not expected,1017,6,42,08:00,1,Good,8,Thick Cloud,Light winds from the east south east,ESE,ESE,East South Easterly,7,4,2024-01-22T11:03:04-05:00,2024-01-22T11:03:04.746-05:00,4140963,Washington DC
Thick cloud and light winds,8,7,44,14,9,76,2024-02-04,0,Precipitation is not expected,1017,7,45,09:00,1,Good,8,Thick Cloud,Light winds from the east north east,ENE,ENE,East North Easterly,7,4,2024-01-22T11:03:04-05:00,2024-01-22T11:03:04.746-05:00,4140963,Washington DC
Thick cloud and light winds,8,8,46,13,8,70,2024-02-04,0,Precipitation is not expected,1017,9,48,10:00,1,Good,8,Thick Cloud,Light winds from the east north east,ENE,ENE,East North Easterly,8,5,2024-01-22T11:03:04-05:00,2024-01-22T11:03:04.746-05:00,4140963,Washington DC
Light cloud and light winds,7,9,48,11,7,66,2024-02-04,0,Precipitation is not expected,1016,10,50,11:00,1,Good,7,Light Cloud,Light winds from the west north west,WNW,WNW,West North Westerly,8,5,2024-01-22T11:03:04-05:00,2024-01-22T11:03:04.746-05:00,4140963,Washington DC
Light cloud and light winds,7,10,51,10,6,63,2024-02-04,0,Precipitation is not expected,1016,11,52,12:00,1,Good,7,Light Cloud,Light winds from the east south east,ESE,ESE,East South Easterly,8,5,2024-01-22T11:03:04-05:00,2024-01-22T11:03:04.746-05:00,4140963,Washington DC
Sunny intervals and light winds,3,12,53,10,6,58,2024-02-04,0,Precipitation is not expected,1015,12,54,13:00,1,Good,3,Sunny Intervals,Light winds from the west,W,W,Westerly,8,5,2024-01-22T11:03:04-05:00,2024-01-22T11:03:04.746-05:00,4140963,Washington DC
Sunny intervals and light winds,3,12,53,10,6,58,2024-02-04,16,Low chance of precipitation,1015,13,55,14:00,1,Good,3,Sunny Intervals,Light winds from the south south west,SSW,SSW,South South Westerly,8,5,2024-01-22T11:03:04-05:00,2024-01-22T11:03:04.746-05:00,4140963,Washington DC
Sunny intervals and light winds,3,12,53,10,6,58,2024-02-04,16,Low chance of precipitation,1015,12,54,15:00,1,Good,3,Sunny Intervals,Light winds from the west,W,W,Westerly,8,5,2024-01-22T11:03:04-05:00,2024-01-22T11:03:04.746-05:00,4140963,Washington DC
Sunny intervals and light winds,3,11,52,9,6,58,2024-02-04,16,Low chance of precipitation,1014,12,54,16:00,1,Good,3,Sunny Intervals,Light winds from the west south west,WSW,WSW,West South Westerly,8,5,2024-01-22T11:03:04-05:00,2024-01-22T11:03:04.746-05:00,4140963,Washington DC
Sunny and light winds,1,11,51,8,5,62,2024-02-04,17,Low chance of precipitation,1014,11,52,17:00,1,Good,1,Sunny,Light winds from the west south west,WSW,WSW,West South Westerly,7,5,2024-01-22T11:03:04-05:00,2024-01-22T11:03:04.746-05:00,4140963,Washington DC
A clear sky and light winds,0,10,50,8,5,65,2024-02-04,17,Low chance of precipitation,1014,10,51,18:00,1,Good,0,Clear Sky,Light winds from the south west,SW,SW,South Westerly,6,4,2024-01-22T11:03:04-05:00,2024-01-22T11:03:04.746-05:00,4140963,Washington DC
A clear sky and light winds,0,10,49,8,5,67,2024-02-04,17,Low chance of precipitation,1014,10,50,19:00,1,Good,0,Clear Sky,Light winds from the north west,NW,NW,North Westerly,6,4,2024-01-22T11:03:04-05:00,2024-01-22T11:03:04.746-05:00,4140963,Washington DC
A clear sky and light winds,0,9,48,9,6,71,2024-02-04,13,Low chance of precipitation,1014,9,49,20:00,1,Good,0,Clear Sky,Light winds from the north north west,NNW,NNW,North North Westerly,7,4,2024-01-22T11:03:04-05:00,2024-01-22T11:03:04.746-05:00,4140963,Washington DC
A clear sky and light winds,0,9,48,9,6,72,2024-02-04,13,Low chance of precipitation,1014,9,49,21:00,1,Good,0,Clear Sky,Light winds from the north east,NE,NE,North Easterly,7,4,2024-01-22T11:03:04-05:00,2024-01-22T11:03:04.746-05:00,4140963,Washington DC
Partly cloudy and light winds,2,9,48,11,7,74,2024-02-04,13,Low chance of precipitation,1014,9,48,22:00,1,Good,2,Partly Cloudy,Light winds from the north,N,N,Northerly,6,4,2024-01-22T11:03:04-05:00,2024-01-22T11:03:04.746-05:00,4140963,Washington DC
Partly cloudy and light winds,2,8,47,12,8,74,2024-02-04,10,Low chance of precipitation,1014,9,47,23:00,1,Good,2,Partly Cloudy,Light winds from the north west,NW,NW,North Westerly,6,4,2024-01-22T11:03:04-05:00,2024-01-22T11:03:04.746-05:00,4140963,Washington DC
Partly cloudy and light winds,2,8,47,14,9,77,2024-02-05,10,Low chance of precipitation,1014,8,47,00:00,1,Good,2,Partly Cloudy,Light winds from the north east,NE,NE,North Easterly,7,4,2024-01-22T11:03:04-05:00,2024-01-22T11:03:04.746-05:00,4140963,Washington DC
Partly cloudy and light winds,2,8,46,16,10,77,2024-02-05,10,Low chance of precipitation,1014,8,47,01:00,1,Good,2,Partly Cloudy,Light winds from the north west,NW,NW,North Westerly,7,4,2024-01-22T11:03:04-05:00,2024-01-22T11:03:04.746-05:00,4140963,Washington DC
A clear sky and light winds,0,8,46,17,11,78,2024-02-05,0,Precipitation is not expected,1014,8,46,02:00,1,Good,0,Clear Sky,Light winds from the north north west,NNW,NNW,North North Westerly,7,4,2024-01-22T11:03:04-05:00,2024-01-22T11:03:04.746-05:00,4140963,Washington DC
A clear sky and light winds,0,8,46,19,12,80,2024-02-05,0,Precipitation is not expected,1014,8,46,03:00,1,Good,0,Clear Sky,Light winds from the north north west,NNW,NNW,North North Westerly,7,5,2024-01-22T11:03:04-05:00,2024-01-22T11:03:04.746-05:00,4140963,Washington DC
A clear sky and light winds,0,6,43,20,12,81,2024-02-05,0,Precipitation is not expected,1014,8,46,04:00,1,Good,0,Clear Sky,Light winds from the north,N,N,Northerly,7,5,2024-01-22T11:03:04-05:00,2024-01-22T11:03:04.746-05:00,4140963,Washington DC
A clear sky and light winds,0,6,43,21,13,81,2024-02-05,20,Low chance of precipitation,1015,7,45,05:00,1,Good,0,Clear Sky,Light winds from the north north east,NNE,NNE,North North Easterly,8,5,2024-01-22T11:03:04-05:00,2024-01-22T11:03:04.746-05:00,4140963,Washington DC
