enhancedWeatherDescription,extendedWeatherType,feelsLikeTemperatureC,feelsLikeTemperatureF,gustSpeedKph,gustSpeedMph,humidity,localDate,precipitationProbabilityInPercent,precipitationProbabilityText,pressure,temperatureC,temperatureF,timeslot,timeslotLength,visibility,weatherType,weatherTypeText,windDescription,windDirection,windDirectionAbbreviation,windDirectionFull,windSpeedKph,windSpeedMph,issueDate,lastUpdated,location_id,location_name
Light cloud and a gentle breeze,36,1,34,26,16,89,2025-01-20,0,Precipitation is not expected,1014,4,40,01:00,1,Good,7,Light Cloud,A gentle breeze from the south west,SW,SW,South Westerly,13,8,2025-01-19T21:45:00+00:00,2025-01-20T00:00:54.404Z,2650225,Edinburgh
Light cloud and light winds,36,1,35,25,16,90,2025-01-20,0,Precipitation is not expected,1014,4,40,02:00,1,Good,7,Light Cloud,Light winds from the south west,SW,SW,South Westerly,12,7,2025-01-19T21:45:00+00:00,2025-01-20T00:00:54.404Z,2650225,Edinburgh
Light cloud and light winds,36,2,35,25,15,91,2025-01-20,0,Precipitation is not expected,1014,4,40,03:00,1,Good,7,Light Cloud,Light winds from the south west,SW,SW,South Westerly,12,7,2025-01-19T21:45:00+00:00,2025-01-20T00:00:54.404Z,2650225,Edinburgh
Thick cloud and a gentle breeze,37,2,36,25,15,91,2025-01-20,0,Precipitation is not expected,1014,5,40,04:00,1,Good,8,Thick Cloud,A gentle breeze from the south west,SW,SW,South Westerly,12,8,2025-01-19T21:45:00+00:00,2025-01-20T00:00:54.404Z,2650225,Edinburgh
Light cloud and a gentle breeze,36,2,36,24,15,91,2025-01-20,0,Precipitation is not expected,1014,5,41,05:00,1,Good,7,Light Cloud,A gentle breeze from the south west,SW,SW,South Westerly,13,8,2025-01-19T21:45:00+00:00,2025-01-20T00:00:54.404Z,2650225,Edinburgh
Light cloud and a gentle breeze,36,3,37,24,15,91,2025-01-20,0,Precipitation is not expected,1014,5,41,06:00,1,Good,7,Light Cloud,A gentle breeze from the south west,SW,SW,South Westerly,12,8,2025-01-19T21:45:00+00:00,2025-01-20T00:00:54.404Z,2650225,Edinburgh
Light cloud and a gentle breeze,36,3,37,24,15,91,2025-01-20,0,Precipitation is not expected,1014,5,41,07:00,1,Good,7,Light Cloud,A gentle breeze from the south west,SW,SW,South Westerly,12,8,2025-01-19T21:45:00+00:00,2025-01-20T00:00:54.404Z,2650225,Edinburgh
Thick cloud and light winds,37,3,37,23,15,92,2025-01-20,0,Precipitation is not expected,1014,5,41,08:00,1,Good,8,Thick Cloud,Light winds from the south west,SW,SW,South Westerly,12,7,2025-01-19T21:45:00+00:00,2025-01-20T00:00:54.404Z,2650225,Edinburgh
Light cloud and light winds,7,3,38,23,14,92,2025-01-20,0,Precipitation is not expected,1014,5,42,09:00,1,Good,7,Light Cloud,Light winds from the south west,SW,SW,South Westerly,12,7,2025-01-19T21:45:00+00:00,2025-01-20T00:00:54.404Z,2650225,Edinburgh
Light cloud and light winds,7,4,38,22,14,92,2025-01-20,0,Precipitation is not expected,1015,6,42,10:00,1,Good,7,Light Cloud,Light winds from the south west,SW,SW,South Westerly,11,7,2025-01-19T21:45:00+00:00,2025-01-20T00:00:54.404Z,2650225,Edinburgh
Light cloud and light winds,7,5,40,21,13,90,2025-01-20,0,Precipitation is not expected,1015,6,43,11:00,1,Good,7,Light Cloud,Light winds from the south west,SW,SW,South Westerly,10,6,2025-01-19T21:45:00+00:00,2025-01-20T00:00:54.404Z,2650225,Edinburgh
Light cloud and light winds,7,5,42,20,13,88,2025-01-20,0,Precipitation is not expected,1014,7,45,12:00,1,Good,7,Light Cloud,Light winds from the south west,SW,SW,South Westerly,10,6,2025-01-19T21:45:00+00:00,2025-01-20T00:00:54.404Z,2650225,Edinburgh
Light cloud and light winds,7,6,42,19,12,87,2025-01-20,0,Precipitation is not expected,1014,7,45,13:00,1,Good,7,Light Cloud,Light winds from the south west,SW,SW,South Westerly,10,6,2025-01-19T21:45:00+00:00,2025-01-20T00:00:54.404Z,2650225,Edinburgh
Light cloud and light winds,7,6,43,18,11,85,2025-01-20,0,Precipitation is not expected,1014,8,46,14:00,1,Good,7,Light Cloud,Light winds from the south west,SW,SW,South Westerly,9,6,2025-01-19T21:45:00+00:00,2025-01-20T00:00:54.404Z,2650225,Edinburgh
Sunny intervals and light winds,3,6,43,17,11,86,2025-01-20,0,Precipitation is not expected,1013,7,45,15:00,1,Good,3,Sunny Intervals,Light winds from the south west,SW,SW,South Westerly,8,5,2025-01-19T21:45:00+00:00,2025-01-20T00:00:54.404Z,2650225,Edinburgh
Sunny intervals and light winds,3,6,42,17,11,88,2025-01-20,0,Precipitation is not expected,1013,7,44,16:00,1,Good,3,Sunny Intervals,Light winds from the south west,SW,SW,South Westerly,8,5,2025-01-19T21:45:00+00:00,2025-01-20T00:00:54.404Z,2650225,Edinburgh
Partly cloudy and light winds,2,5,40,17,11,91,2025-01-20,0,Precipitation is not expected,1013,6,43,17:00,1,Good,2,Partly Cloudy,Light winds from the south west,SW,SW,South Westerly,8,5,2025-01-19T21:45:00+00:00,2025-01-20T00:00:54.404Z,2650225,Edinburgh
Partly cloudy and light winds,2,4,39,18,11,93,2025-01-20,0,Precipitation is not expected,1013,6,42,18:00,1,Good,2,Partly Cloudy,Light winds from the south west,SW,SW,South Westerly,8,5,2025-01-19T21:45:00+00:00,2025-01-20T00:00:54.404Z,2650225,Edinburgh
Partly cloudy and light winds,2,4,38,18,11,93,2025-01-20,0,Precipitation is not expected,1013,5,41,19:00,1,Good,2,Partly Cloudy,Light winds from the south west,SW,SW,South Westerly,8,5,2025-01-19T21:45:00+00:00,2025-01-20T00:00:54.404Z,2650225,Edinburgh
Partly cloudy and light winds,2,3,38,18,11,93,2025-01-20,0,Precipitation is not expected,1013,5,41,20:00,1,Good,2,Partly Cloudy,Light winds from the south west,SW,SW,South Westerly,9,5,2025-01-19T21:45:00+00:00,2025-01-20T00:00:54.404Z,2650225,Edinburgh
Partly cloudy and light winds,2,3,37,19,12,93,2025-01-20,0,Precipitation is not expected,1013,5,41,21:00,1,Good,2,Partly Cloudy,Light winds from the south west,SW,SW,South Westerly,8,5,2025-01-19T21:45:00+00:00,2025-01-20T00:00:54.404Z,2650225,Edinburgh
Partly cloudy and light winds,2,3,37,19,12,93,2025-01-20,0,Precipitation is not expected,1012,5,41,22:00,1,Good,2,Partly Cloudy,Light winds from the south west,SW,SW,South Westerly,9,6,2025-01-19T21:45:00+00:00,2025-01-20T00:00:54.404Z,2650225,Edinburgh
Partly cloudy and light winds,2,3,37,20,13,93,2025-01-20,0,Precipitation is not expected,1012,5,41,23:00,1,Good,2,Partly Cloudy,Light winds from the south west,SW,SW,South Westerly,9,6,2025-01-19T21:45:00+00:00,2025-01-20T00:00:54.404Z,2650225,Edinburgh
Partly cloudy and light winds,2,2,36,21,13,92,2025-01-21,0,Precipitation is not expected,1012,5,41,00:00,1,Good,2,Partly Cloudy,Light winds from the south west,SW,SW,South Westerly,11,7,2025-01-19T21:45:00+00:00,2025-01-20T00:00:54.404Z,2650225,Edinburgh
Partly cloudy and light winds,2,2,36,22,14,93,2025-01-21,0,Precipitation is not expected,1011,5,41,01:00,1,Good,2,Partly Cloudy,Light winds from the south west,SW,SW,South Westerly,10,6,2025-01-19T21:45:00+00:00,2025-01-20T00:00:54.404Z,2650225,Edinburgh
Partly cloudy and light winds,2,2,36,22,14,93,2025-01-21,0,Precipitation is not expected,1011,5,40,02:00,1,Good,2,Partly Cloudy,Light winds from the south west,SW,SW,South Westerly,10,6,2025-01-19T21:45:00+00:00,2025-01-20T00:00:54.404Z,2650225,Edinburgh
Partly cloudy and light winds,2,2,36,22,14,93,2025-01-21,0,Precipitation is not expected,1011,5,40,03:00,1,Good,2,Partly Cloudy,Light winds from the south west,SW,SW,South Westerly,10,6,2025-01-19T21:45:00+00:00,2025-01-20T00:00:54.404Z,2650225,Edinburgh
Light cloud and light winds,36,2,36,20,13,92,2025-01-21,0,Precipitation is not expected,1010,5,40,04:00,1,Good,7,Light Cloud,Light winds from the south west,SW,SW,South Westerly,10,6,2025-01-19T21:45:00+00:00,2025-01-20T00:00:54.404Z,2650225,Edinburgh
Light cloud and light winds,36,2,36,20,13,92,2025-01-21,0,Precipitation is not expected,1010,5,40,05:00,1,Good,7,Light Cloud,Light winds from the south west,SW,SW,South Westerly,11,7,2025-01-19T21:45:00+00:00,2025-01-20T00:00:54.404Z,2650225,Edinburgh
Light cloud and light winds,36,2,36,22,14,92,2025-01-21,0,Precipitation is not expected,1010,5,41,06:00,1,Good,7,Light Cloud,Light winds from the south west,SW,SW,South Westerly,11,7,2025-01-19T21:45:00+00:00,2025-01-20T00:00:54.404Z,2650225,Edinburgh
Light cloud and light winds,36,3,37,22,14,93,2025-01-21,0,Precipitation is not expected,1010,5,41,07:00,1,Good,7,Light Cloud,Light winds from the south west,SW,SW,South Westerly,11,7,2025-01-19T21:45:00+00:00,2025-01-20T00:00:54.404Z,2650225,Edinburgh
Light cloud and light winds,36,3,37,22,14,93,2025-01-21,0,Precipitation is not expected,1010,5,41,08:00,1,Good,7,Light Cloud,Light winds from the south west,SW,SW,South Westerly,10,6,2025-01-19T21:45:00+00:00,2025-01-20T00:00:54.404Z,2650225,Edinburgh
Sunny intervals and light winds,3,3,37,22,14,93,2025-01-21,0,Precipitation is not expected,1010,5,41,09:00,1,Good,3,Sunny Intervals,Light winds from the south west,SW,SW,South Westerly,10,6,2025-01-19T21:45:00+00:00,2025-01-20T00:00:54.404Z,2650225,Edinburgh
Light cloud and light winds,7,3,38,23,14,91,2025-01-21,0,Precipitation is not expected,1010,5,41,10:00,1,Good,7,Light Cloud,Light winds from the south west,SW,SW,South Westerly,10,6,2025-01-19T21:45:00+00:00,2025-01-20T00:00:54.404Z,2650225,Edinburgh
Light cloud and light winds,7,4,39,24,15,89,2025-01-21,0,Precipitation is not expected,1009,6,43,11:00,1,Good,7,Light Cloud,Light winds from the south west,SW,SW,South Westerly,10,6,2025-01-19T21:45:00+00:00,2025-01-20T00:00:54.404Z,2650225,Edinburgh
Light cloud and light winds,7,5,40,24,15,87,2025-01-21,20,Low chance of precipitation,1009,7,44,12:00,1,Good,7,Light Cloud,Light winds from the south west,SW,SW,South Westerly,11,7,2025-01-19T21:45:00+00:00,2025-01-20T00:00:54.404Z,2650225,Edinburgh
Light rain and light winds,12,5,41,23,14,85,2025-01-21,29,Low chance of precipitation,1008,7,44,13:00,1,Good,12,Light Rain,Light winds from the south west,SW,SW,South Westerly,11,7,2025-01-19T21:45:00+00:00,2025-01-20T00:00:54.404Z,2650225,Edinburgh
Sunny intervals and light winds,3,5,41,21,13,83,2025-01-21,18,Low chance of precipitation,1008,7,44,14:00,1,Good,3,Sunny Intervals,Light winds from the south west,SW,SW,South Westerly,10,6,2025-01-19T21:45:00+00:00,2025-01-20T00:00:54.404Z,2650225,Edinburgh
Sunny intervals and light winds,3,5,42,19,12,83,2025-01-21,15,Low chance of precipitation,1008,7,44,15:00,1,Good,3,Sunny Intervals,Light winds from the south west,SW,SW,South Westerly,8,5,2025-01-19T21:45:00+00:00,2025-01-20T00:00:54.404Z,2650225,Edinburgh
Sunny intervals and light winds,3,6,42,17,10,85,2025-01-21,0,Precipitation is not expected,1008,6,43,16:00,1,Good,3,Sunny Intervals,Light winds from the south west,SW,SW,South Westerly,7,5,2025-01-19T21:45:00+00:00,2025-01-20T00:00:54.404Z,2650225,Edinburgh
Partly cloudy and light winds,2,5,41,15,9,89,2025-01-21,0,Precipitation is not expected,1008,5,41,17:00,1,Good,2,Partly Cloudy,Light winds from the south west,SW,SW,South Westerly,7,4,2025-01-19T21:45:00+00:00,2025-01-20T00:00:54.404Z,2650225,Edinburgh
Partly cloudy and light winds,2,4,39,14,9,91,2025-01-21,11,Low chance of precipitation,1008,4,40,18:00,1,Good,2,Partly Cloudy,Light winds from the south west,SW,SW,South Westerly,7,5,2025-01-19T21:45:00+00:00,2025-01-20T00:00:54.404Z,2650225,Edinburgh
Partly cloudy and light winds,2,4,39,14,9,91,2025-01-21,0,Precipitation is not expected,1008,4,39,19:00,1,Good,2,Partly Cloudy,Light winds from the south west,SW,SW,South Westerly,7,4,2025-01-19T21:45:00+00:00,2025-01-20T00:00:54.404Z,2650225,Edinburgh
Partly cloudy and light winds,2,4,39,14,9,91,2025-01-21,0,Precipitation is not expected,1008,4,39,20:00,1,Good,2,Partly Cloudy,Light winds from the south west,SW,SW,South Westerly,7,5,2025-01-19T21:45:00+00:00,2025-01-20T00:00:54.404Z,2650225,Edinburgh
Partly cloudy and light winds,2,2,35,14,9,91,2025-01-21,0,Precipitation is not expected,1008,4,39,21:00,1,Good,2,Partly Cloudy,Light winds from the south west,SW,SW,South Westerly,8,5,2025-01-19T21:45:00+00:00,2025-01-20T00:00:54.404Z,2650225,Edinburgh
Partly cloudy and light winds,2,2,35,14,9,91,2025-01-21,0,Precipitation is not expected,1007,4,39,22:00,1,Good,2,Partly Cloudy,Light winds from the south west,SW,SW,South Westerly,8,5,2025-01-19T21:45:00+00:00,2025-01-20T00:00:54.404Z,2650225,Edinburgh
Partly cloudy and light winds,2,3,38,14,9,92,2025-01-21,0,Precipitation is not expected,1007,4,39,23:00,1,Good,2,Partly Cloudy,Light winds from the south west,SW,SW,South Westerly,7,5,2025-01-19T21:45:00+00:00,2025-01-20T00:00:54.404Z,2650225,Edinburgh
Partly cloudy and light winds,2,2,35,13,8,92,2025-01-22,0,Precipitation is not expected,1007,4,39,00:00,1,Good,2,Partly Cloudy,Light winds from the south west,SW,SW,South Westerly,8,5,2025-01-19T21:45:00+00:00,2025-01-20T00:00:54.404Z,2650225,Edinburgh
Partly cloudy and light winds,2,2,35,12,7,93,2025-01-22,0,Precipitation is not expected,1007,3,38,01:00,1,Good,2,Partly Cloudy,Light winds from the south west,SW,SW,South Westerly,8,5,2025-01-19T21:45:00+00:00,2025-01-20T00:00:54.404Z,2650225,Edinburgh
Light cloud and light winds,36,3,37,11,7,94,2025-01-22,0,Precipitation is not expected,1006,3,38,02:00,1,Good,7,Light Cloud,Light winds from the south west,SW,SW,South Westerly,7,4,2025-01-19T21:45:00+00:00,2025-01-20T00:00:54.404Z,2650225,Edinburgh
Light cloud and light winds,36,3,37,10,6,94,2025-01-22,0,Precipitation is not expected,1006,3,38,03:00,1,Good,7,Light Cloud,Light winds from the south west,SW,SW,South Westerly,6,4,2025-01-19T21:45:00+00:00,2025-01-20T00:00:54.404Z,2650225,Edinburgh
Light cloud and light winds,36,3,37,8,5,94,2025-01-22,0,Precipitation is not expected,1005,3,37,04:00,1,Good,7,Light Cloud,Light winds from the south west,SW,SW,South Westerly,6,4,2025-01-19T21:45:00+00:00,2025-01-20T00:00:54.404Z,2650225,Edinburgh
Light cloud and light winds,36,3,37,7,4,94,2025-01-22,0,Precipitation is not expected,1005,3,37,05:00,1,Good,7,Light Cloud,Light winds from the south west,SW,SW,South Westerly,5,3,2025-01-19T21:45:00+00:00,2025-01-20T00:00:54.404Z,2650225,Edinburgh
Light cloud and light winds,36,3,37,7,4,94,2025-01-22,0,Precipitation is not expected,1005,3,37,06:00,1,Moderate,7,Light Cloud,Light winds from the south west,SW,SW,South Westerly,4,3,2025-01-19T21:45:00+00:00,2025-01-20T00:00:54.404Z,2650225,Edinburgh
Light cloud and light winds,36,3,37,6,4,94,2025-01-22,0,Precipitation is not expected,1005,3,37,07:00,1,Moderate,7,Light Cloud,Light winds from the south west,SW,SW,South Westerly,4,3,2025-01-19T21:45:00+00:00,2025-01-20T00:00:54.404Z,2650225,Edinburgh
Light cloud and light winds,36,3,37,6,4,94,2025-01-22,0,Precipitation is not expected,1005,3,37,08:00,1,Moderate,7,Light Cloud,Light winds from the west south west,WSW,WSW,West South Westerly,4,2,2025-01-19T21:45:00+00:00,2025-01-20T00:00:54.404Z,2650225,Edinburgh
Light cloud and light winds,7,3,37,7,4,94,2025-01-22,0,Precipitation is not expected,1004,3,37,09:00,1,Moderate,7,Light Cloud,Light winds from the west south west,WSW,WSW,West South Westerly,4,2,2025-01-19T21:45:00+00:00,2025-01-20T00:00:54.404Z,2650225,Edinburgh
Light cloud and light winds,7,3,37,7,4,93,2025-01-22,0,Precipitation is not expected,1004,3,38,10:00,1,Good,7,Light Cloud,Light winds from the south west,SW,SW,South Westerly,4,2,2025-01-19T21:45:00+00:00,2025-01-20T00:00:54.404Z,2650225,Edinburgh
Light cloud and light winds,7,4,39,7,4,89,2025-01-22,0,Precipitation is not expected,1004,4,39,11:00,1,Good,7,Light Cloud,Light winds from the west south west,WSW,WSW,West South Westerly,3,2,2025-01-19T21:45:00+00:00,2025-01-20T00:00:54.404Z,2650225,Edinburgh
Light cloud and light winds,7,5,40,7,5,86,2025-01-22,0,Precipitation is not expected,1003,5,41,12:00,1,Good,7,Light Cloud,Light winds from the west south west,WSW,WSW,West South Westerly,3,2,2025-01-19T21:45:00+00:00,2025-01-20T00:00:54.404Z,2650225,Edinburgh
Light cloud and light winds,7,5,41,7,4,85,2025-01-22,0,Precipitation is not expected,1003,5,41,13:00,1,Good,7,Light Cloud,Light winds from the west,W,W,Westerly,4,2,2025-01-19T21:45:00+00:00,2025-01-20T00:00:54.404Z,2650225,Edinburgh
Light cloud and light winds,7,5,41,7,4,83,2025-01-22,0,Precipitation is not expected,1002,5,41,14:00,1,Good,7,Light Cloud,Light winds from the west,W,W,Westerly,3,2,2025-01-19T21:45:00+00:00,2025-01-20T00:00:54.404Z,2650225,Edinburgh
Light cloud and light winds,7,5,41,5,3,83,2025-01-22,0,Precipitation is not expected,1002,5,41,15:00,1,Good,7,Light Cloud,Light winds from the west north west,WNW,WNW,West North Westerly,3,2,2025-01-19T21:45:00+00:00,2025-01-20T00:00:54.404Z,2650225,Edinburgh
Light cloud and light winds,7,4,40,5,3,86,2025-01-22,0,Precipitation is not expected,1001,5,40,16:00,1,Good,7,Light Cloud,Light winds from the west north west,WNW,WNW,West North Westerly,2,1,2025-01-19T21:45:00+00:00,2025-01-20T00:00:54.404Z,2650225,Edinburgh
Light cloud and light winds,36,3,38,5,3,89,2025-01-22,0,Precipitation is not expected,1001,4,39,17:00,1,Good,7,Light Cloud,Light winds from the west,W,W,Westerly,2,1,2025-01-19T21:45:00+00:00,2025-01-20T00:00:54.404Z,2650225,Edinburgh
Partly cloudy and light winds,2,3,37,6,4,92,2025-01-22,0,Precipitation is not expected,1001,3,38,18:00,1,Good,2,Partly Cloudy,Light winds from the west south west,WSW,WSW,West South Westerly,3,2,2025-01-19T21:45:00+00:00,2025-01-20T00:00:54.404Z,2650225,Edinburgh
Partly cloudy and light winds,2,3,37,7,4,92,2025-01-22,0,Precipitation is not expected,1001,3,37,19:00,1,Good,2,Partly Cloudy,Light winds from the west south west,WSW,WSW,West South Westerly,3,2,2025-01-19T21:45:00+00:00,2025-01-20T00:00:54.404Z,2650225,Edinburgh
Partly cloudy and light winds,2,2,36,8,5,93,2025-01-22,0,Precipitation is not expected,1000,3,37,20:00,1,Good,2,Partly Cloudy,Light winds from the south west,SW,SW,South Westerly,4,2,2025-01-19T21:45:00+00:00,2025-01-20T00:00:54.404Z,2650225,Edinburgh
Partly cloudy and light winds,2,2,36,9,5,94,2025-01-22,0,Precipitation is not expected,1000,2,36,21:00,1,Moderate,2,Partly Cloudy,Light winds from the south west,SW,SW,South Westerly,4,3,2025-01-19T21:45:00+00:00,2025-01-20T00:00:54.404Z,2650225,Edinburgh
Partly cloudy and light winds,2,2,36,9,6,94,2025-01-22,0,Precipitation is not expected,1000,2,36,22:00,1,Moderate,2,Partly Cloudy,Light winds from the west south west,WSW,WSW,West South Westerly,5,3,2025-01-19T21:45:00+00:00,2025-01-20T00:00:54.404Z,2650225,Edinburgh
Partly cloudy and light winds,2,2,36,10,6,93,2025-01-22,0,Precipitation is not expected,1000,2,36,23:00,1,Moderate,2,Partly Cloudy,Light winds from the south west,SW,SW,South Westerly,6,4,2025-01-19T21:45:00+00:00,2025-01-20T00:00:54.404Z,2650225,Edinburgh
Partly cloudy and light winds,2,2,36,11,7,93,2025-01-23,0,Precipitation is not expected,999,2,36,00:00,1,Moderate,2,Partly Cloudy,Light winds from the west south west,WSW,WSW,West South Westerly,6,4,2025-01-19T21:45:00+00:00,2025-01-20T00:00:54.404Z,2650225,Edinburgh
Light cloud and light winds,36,2,36,11,7,93,2025-01-23,0,Precipitation is not expected,999,3,37,01:00,1,Moderate,7,Light Cloud,Light winds from the south west,SW,SW,South Westerly,7,4,2025-01-19T21:45:00+00:00,2025-01-20T00:00:54.404Z,2650225,Edinburgh
Partly cloudy and light winds,2,2,36,12,7,93,2025-01-23,0,Precipitation is not expected,998,2,36,02:00,1,Moderate,2,Partly Cloudy,Light winds from the south west,SW,SW,South Westerly,7,4,2025-01-19T21:45:00+00:00,2025-01-20T00:00:54.404Z,2650225,Edinburgh
Partly cloudy and light winds,2,0,32,13,8,92,2025-01-23,0,Precipitation is not expected,998,2,36,03:00,1,Good,2,Partly Cloudy,Light winds from the south west,SW,SW,South Westerly,8,5,2025-01-19T21:45:00+00:00,2025-01-20T00:00:54.404Z,2650225,Edinburgh
Partly cloudy and light winds,2,0,32,14,9,92,2025-01-23,28,Low chance of precipitation,997,2,36,04:00,1,Good,2,Partly Cloudy,Light winds from the south west,SW,SW,South Westerly,8,5,2025-01-19T21:45:00+00:00,2025-01-20T00:00:54.404Z,2650225,Edinburgh
Partly cloudy and light winds,2,0,32,14,9,92,2025-01-23,23,Low chance of precipitation,997,2,36,05:00,1,Good,2,Partly Cloudy,Light winds from the south west,SW,SW,South Westerly,8,5,2025-01-19T21:45:00+00:00,2025-01-20T00:00:54.404Z,2650225,Edinburgh
Partly cloudy and light winds,2,0,32,14,9,92,2025-01-23,23,Low chance of precipitation,996,2,36,06:00,1,Moderate,2,Partly Cloudy,Light winds from the south south west,SSW,SSW,South South Westerly,8,5,2025-01-19T21:45:00+00:00,2025-01-20T00:00:54.404Z,2650225,Edinburgh
Partly cloudy and light winds,2,0,32,13,8,91,2025-01-23,10,Low chance of precipitation,996,2,36,07:00,1,Good,2,Partly Cloudy,Light winds from the south south west,SSW,SSW,South South Westerly,8,5,2025-01-19T21:45:00+00:00,2025-01-20T00:00:54.404Z,2650225,Edinburgh
Partly cloudy and light winds,2,0,32,12,7,92,2025-01-23,11,Low chance of precipitation,995,2,36,08:00,1,Good,2,Partly Cloudy,Light winds from the south south west,SSW,SSW,South South Westerly,8,5,2025-01-19T21:45:00+00:00,2025-01-20T00:00:54.404Z,2650225,Edinburgh
Sunny intervals and light winds,3,0,32,14,9,91,2025-01-23,11,Low chance of precipitation,995,2,36,09:00,1,Good,3,Sunny Intervals,Light winds from the south south west,SSW,SSW,South South Westerly,9,5,2025-01-19T21:45:00+00:00,2025-01-20T00:00:54.404Z,2650225,Edinburgh
Sunny intervals and light winds,3,1,33,15,9,90,2025-01-23,29,Low chance of precipitation,994,3,37,10:00,1,Good,3,Sunny Intervals,Light winds from the south south west,SSW,SSW,South South Westerly,9,6,2025-01-19T21:45:00+00:00,2025-01-20T00:00:54.404Z,2650225,Edinburgh
Light cloud and light winds,7,1,35,16,10,87,2025-01-23,29,Low chance of precipitation,994,4,39,11:00,1,Good,7,Light Cloud,Light winds from the south south west,SSW,SSW,South South Westerly,9,5,2025-01-19T21:45:00+00:00,2025-01-20T00:00:54.404Z,2650225,Edinburgh
Light cloud and light winds,7,2,36,21,13,86,2025-01-23,29,Low chance of precipitation,993,4,40,12:00,1,Moderate,7,Light Cloud,Light winds from the south south west,SSW,SSW,South South Westerly,10,6,2025-01-19T21:45:00+00:00,2025-01-20T00:00:54.404Z,2650225,Edinburgh
Light rain showers and light winds,10,2,36,26,16,84,2025-01-23,70,Chance of precipitation,993,5,41,13:00,1,Moderate,10,Light Rain Showers,Light winds from the south south west,SSW,SSW,South South Westerly,12,7,2025-01-19T21:45:00+00:00,2025-01-20T00:00:54.404Z,2650225,Edinburgh
Light rain and a gentle breeze,12,3,37,32,20,83,2025-01-23,70,Chance of precipitation,992,5,41,14:00,1,Moderate,12,Light Rain,A gentle breeze from the south west,SW,SW,South Westerly,12,8,2025-01-19T21:45:00+00:00,2025-01-20T00:00:54.404Z,2650225,Edinburgh
Light rain and a gentle breeze,12,2,36,36,22,84,2025-01-23,70,Chance of precipitation,993,5,41,15:00,1,Moderate,12,Light Rain,A gentle breeze from the south west,SW,SW,South Westerly,14,9,2025-01-19T21:45:00+00:00,2025-01-20T00:00:54.404Z,2650225,Edinburgh
Light rain and a gentle breeze,12,1,35,40,25,85,2025-01-23,70,Chance of precipitation,993,5,40,16:00,1,Moderate,12,Light Rain,A gentle breeze from the south west,SW,SW,South Westerly,15,9,2025-01-19T21:45:00+00:00,2025-01-20T00:00:54.404Z,2650225,Edinburgh
Light rain and a gentle breeze,39,1,33,44,27,87,2025-01-23,65,Chance of precipitation,993,4,39,17:00,1,Good,12,Light Rain,A gentle breeze from the west south west,WSW,WSW,West South Westerly,16,10,2025-01-19T21:45:00+00:00,2025-01-20T00:00:54.404Z,2650225,Edinburgh
Light rain and a gentle breeze,39,0,32,40,25,88,2025-01-23,64,Chance of precipitation,994,4,39,18:00,1,Good,12,Light Rain,A gentle breeze from the west south west,WSW,WSW,West South Westerly,18,11,2025-01-19T21:45:00+00:00,2025-01-20T00:00:54.404Z,2650225,Edinburgh
Partly cloudy and a gentle breeze,2,0,32,37,23,88,2025-01-23,0,Precipitation is not expected,994,4,39,19:00,1,Good,2,Partly Cloudy,A gentle breeze from the west south west,WSW,WSW,West South Westerly,19,12,2025-01-19T21:45:00+00:00,2025-01-20T00:00:54.404Z,2650225,Edinburgh
Partly cloudy and a gentle breeze,2,-1,31,34,21,88,2025-01-23,0,Precipitation is not expected,994,3,38,20:00,1,Good,2,Partly Cloudy,A gentle breeze from the west south west,WSW,WSW,West South Westerly,19,12,2025-01-19T21:45:00+00:00,2025-01-20T00:00:54.404Z,2650225,Edinburgh
Partly cloudy and a gentle breeze,2,-1,30,34,21,88,2025-01-23,15,Low chance of precipitation,995,3,37,21:00,1,Moderate,2,Partly Cloudy,A gentle breeze from the west south west,WSW,WSW,West South Westerly,19,12,2025-01-19T21:45:00+00:00,2025-01-20T00:00:54.404Z,2650225,Edinburgh
Partly cloudy and a gentle breeze,2,-1,30,34,21,88,2025-01-23,0,Precipitation is not expected,995,3,37,22:00,1,Good,2,Partly Cloudy,A gentle breeze from the west south west,WSW,WSW,West South Westerly,18,11,2025-01-19T21:45:00+00:00,2025-01-20T00:00:54.404Z,2650225,Edinburgh
Partly cloudy and a gentle breeze,2,-1,30,34,21,87,2025-01-23,0,Precipitation is not expected,995,3,37,23:00,1,Good,2,Partly Cloudy,A gentle breeze from the south west,SW,SW,South Westerly,17,11,2025-01-19T21:45:00+00:00,2025-01-20T00:00:54.404Z,2650225,Edinburgh
Partly cloudy and a gentle breeze,2,-1,30,31,19,86,2025-01-24,0,Precipitation is not expected,996,3,37,00:00,1,Good,2,Partly Cloudy,A gentle breeze from the south west,SW,SW,South Westerly,17,11,2025-01-19T21:45:00+00:00,2025-01-20T00:00:54.404Z,2650225,Edinburgh
Partly cloudy and a gentle breeze,2,-1,30,28,18,86,2025-01-24,0,Precipitation is not expected,996,3,37,01:00,1,Good,2,Partly Cloudy,A gentle breeze from the south west,SW,SW,South Westerly,17,10,2025-01-19T21:45:00+00:00,2025-01-20T00:00:54.404Z,2650225,Edinburgh
Partly cloudy and a gentle breeze,2,-1,30,26,16,86,2025-01-24,0,Precipitation is not expected,995,3,37,02:00,1,Good,2,Partly Cloudy,A gentle breeze from the south south west,SSW,SSW,South South Westerly,16,10,2025-01-19T21:45:00+00:00,2025-01-20T00:00:54.404Z,2650225,Edinburgh
Partly cloudy and a gentle breeze,2,-1,30,27,17,86,2025-01-24,0,Precipitation is not expected,995,3,37,03:00,1,Moderate,2,Partly Cloudy,A gentle breeze from the south south west,SSW,SSW,South South Westerly,15,9,2025-01-19T21:45:00+00:00,2025-01-20T00:00:54.404Z,2650225,Edinburgh
Light rain showers and a gentle breeze,9,-1,29,28,17,87,2025-01-24,61,Chance of precipitation,993,2,36,04:00,1,Moderate,9,Light Rain Showers,A gentle breeze from the south south west,SSW,SSW,South South Westerly,16,10,2025-01-19T21:45:00+00:00,2025-01-20T00:00:54.404Z,2650225,Edinburgh
Light rain showers and a gentle breeze,9,-2,29,29,18,88,2025-01-24,60,Chance of precipitation,992,2,36,05:00,1,Moderate,9,Light Rain Showers,A gentle breeze from the south south east,SSE,SSE,South South Easterly,17,10,2025-01-19T21:45:00+00:00,2025-01-20T00:00:54.404Z,2650225,Edinburgh
Light rain and a gentle breeze,39,-2,29,34,21,88,2025-01-24,59,Chance of precipitation,990,2,36,06:00,1,Moderate,12,Light Rain,A gentle breeze from the south south east,SSE,SSE,South South Easterly,18,11,2025-01-19T21:45:00+00:00,2025-01-20T00:00:54.404Z,2650225,Edinburgh
Light rain and a gentle breeze,39,-1,30,40,25,88,2025-01-24,69,Chance of precipitation,989,3,37,07:00,1,Moderate,12,Light Rain,A gentle breeze from the south south east,SSE,SSE,South South Easterly,20,12,2025-01-19T21:45:00+00:00,2025-01-20T00:00:54.404Z,2650225,Edinburgh
Light rain and a moderate breeze,39,-1,31,46,29,87,2025-01-24,69,Chance of precipitation,987,3,38,08:00,1,Moderate,12,Light Rain,A moderate breeze from the south south east,SSE,SSE,South South Easterly,22,14,2025-01-19T21:45:00+00:00,2025-01-20T00:00:54.404Z,2650225,Edinburgh
Light rain and a moderate breeze,12,0,32,51,32,87,2025-01-24,70,Chance of precipitation,986,4,39,09:00,1,Good,12,Light Rain,A moderate breeze from the south south east,SSE,SSE,South South Easterly,24,15,2025-01-19T21:45:00+00:00,2025-01-20T00:00:54.404Z,2650225,Edinburgh
Light rain and a moderate breeze,12,0,33,56,35,87,2025-01-24,70,Chance of precipitation,984,5,40,10:00,1,Good,12,Light Rain,A moderate breeze from the south south east,SSE,SSE,South South Easterly,26,16,2025-01-19T21:45:00+00:00,2025-01-20T00:00:54.404Z,2650225,Edinburgh
Light rain and a moderate breeze,12,1,35,61,38,85,2025-01-24,70,Chance of precipitation,983,5,42,11:00,1,Good,12,Light Rain,A moderate breeze from the south south east,SSE,SSE,South South Easterly,27,17,2025-01-19T21:45:00+00:00,2025-01-20T00:00:54.404Z,2650225,Edinburgh
Light rain and a moderate breeze,12,3,37,60,37,83,2025-01-24,70,Chance of precipitation,981,6,43,12:00,1,Good,12,Light Rain,A moderate breeze from the south,S,S,Southerly,29,18,2025-01-19T21:45:00+00:00,2025-01-20T00:00:54.404Z,2650225,Edinburgh
Light rain and a moderate breeze,12,3,37,59,37,82,2025-01-24,54,Chance of precipitation,979,7,44,13:00,1,Good,12,Light Rain,A moderate breeze from the south,S,S,Southerly,29,18,2025-01-19T21:45:00+00:00,2025-01-20T00:00:54.404Z,2650225,Edinburgh
Light rain and a moderate breeze,12,3,38,58,36,81,2025-01-24,54,Chance of precipitation,978,7,44,14:00,1,Good,12,Light Rain,A moderate breeze from the south,S,S,Southerly,29,18,2025-01-19T21:45:00+00:00,2025-01-20T00:00:54.404Z,2650225,Edinburgh
Gusty winds and light rain,12,3,38,64,40,81,2025-01-24,54,Chance of precipitation,977,7,44,15:00,1,Good,12,Light Rain,Gusty winds from the south,S,S,Southerly,28,17,2025-01-19T21:45:00+00:00,2025-01-20T00:00:54.404Z,2650225,Edinburgh
Gusty winds and rain,12,3,37,69,43,79,2025-01-24,50,Chance of precipitation,976,7,44,16:00,1,Good,12,Light Rain,Gusty winds from the south south west,SSW,SSW,South South Westerly,28,18,2025-01-19T21:45:00+00:00,2025-01-20T00:00:54.404Z,2650225,Edinburgh
Gusty winds and rain,39,3,36,75,46,79,2025-01-24,50,Chance of precipitation,976,6,43,17:00,1,Good,12,Light Rain,Gusty winds from the south south west,SSW,SSW,South South Westerly,29,18,2025-01-19T21:45:00+00:00,2025-01-20T00:00:54.404Z,2650225,Edinburgh
Gusty winds and rain,39,2,36,79,49,77,2025-01-24,50,Chance of precipitation,975,6,43,18:00,1,Good,12,Light Rain,Gusty winds from the south south west,SSW,SSW,South South Westerly,32,20,2025-01-19T21:45:00+00:00,2025-01-20T00:00:54.404Z,2650225,Edinburgh
Gusty winds and rain,39,2,35,84,52,77,2025-01-24,33,Chance of precipitation,975,6,43,19:00,1,Good,12,Light Rain,Gusty winds from the south south west,SSW,SSW,South South Westerly,34,21,2025-01-19T21:45:00+00:00,2025-01-20T00:00:54.404Z,2650225,Edinburgh
Gusty winds and rain,39,1,34,88,55,78,2025-01-24,33,Chance of precipitation,975,6,42,20:00,1,Good,12,Light Rain,Gusty winds from the south south west,SSW,SSW,South South Westerly,35,22,2025-01-19T21:45:00+00:00,2025-01-20T00:00:54.404Z,2650225,Edinburgh
Gusty winds and rain,39,1,33,90,56,79,2025-01-24,33,Chance of precipitation,974,5,41,21:00,1,Moderate,12,Light Rain,Gusty winds from the south south west,SSW,SSW,South South Westerly,36,23,2025-01-19T21:45:00+00:00,2025-01-20T00:00:54.404Z,2650225,Edinburgh
Gusty winds and rain,39,1,33,92,57,81,2025-01-24,49,Chance of precipitation,974,5,41,22:00,1,Moderate,12,Light Rain,Gusty winds from the south west,SW,SW,South Westerly,37,23,2025-01-19T21:45:00+00:00,2025-01-20T00:00:54.404Z,2650225,Edinburgh
Gusty winds and rain,39,1,33,94,59,81,2025-01-24,49,Chance of precipitation,974,5,41,23:00,1,Moderate,12,Light Rain,Gusty winds from the south west,SW,SW,South Westerly,37,23,2025-01-19T21:45:00+00:00,2025-01-20T00:00:54.404Z,2650225,Edinburgh
Gusty winds and rain,39,1,33,95,59,81,2025-01-25,49,Chance of precipitation,974,5,41,00:00,1,Moderate,12,Light Rain,Gusty winds from the south west,SW,SW,South Westerly,37,23,2025-01-19T21:45:00+00:00,2025-01-20T00:00:54.404Z,2650225,Edinburgh
Gusty winds and rain,39,1,33,96,60,80,2025-01-25,47,Chance of precipitation,975,5,42,01:00,1,Moderate,12,Light Rain,Gusty winds from the south west,SW,SW,South Westerly,39,24,2025-01-19T21:45:00+00:00,2025-01-20T00:00:54.404Z,2650225,Edinburgh
Gusty winds and rain,39,1,33,97,60,80,2025-01-25,47,Chance of precipitation,975,5,42,02:00,1,Moderate,12,Light Rain,Gusty winds from the south west,SW,SW,South Westerly,39,24,2025-01-19T21:45:00+00:00,2025-01-20T00:00:54.404Z,2650225,Edinburgh
Gusty winds and rain,39,1,33,96,60,81,2025-01-25,47,Chance of precipitation,976,5,42,03:00,1,Good,12,Light Rain,Gusty winds from the south west,SW,SW,South Westerly,39,24,2025-01-19T21:45:00+00:00,2025-01-20T00:00:54.404Z,2650225,Edinburgh
Strong winds and drizzle,38,1,33,95,59,81,2025-01-25,33,Chance of precipitation,977,5,42,04:00,1,Good,11,Drizzle,Strong winds from the south west,SW,SW,South Westerly,40,25,2025-01-19T21:45:00+00:00,2025-01-20T00:00:54.404Z,2650225,Edinburgh
Strong winds and drizzle,38,1,33,94,58,80,2025-01-25,33,Chance of precipitation,977,5,42,05:00,1,Good,11,Drizzle,Strong winds from the south west,SW,SW,South Westerly,40,25,2025-01-19T21:45:00+00:00,2025-01-20T00:00:54.404Z,2650225,Edinburgh
Gusty winds and drizzle,38,1,33,92,57,80,2025-01-25,33,Chance of precipitation,978,5,42,06:00,1,Good,11,Drizzle,Gusty winds from the south west,SW,SW,South Westerly,39,24,2025-01-19T21:45:00+00:00,2025-01-20T00:00:54.404Z,2650225,Edinburgh
Gusty winds and rain,39,1,33,89,56,79,2025-01-25,29,Low chance of precipitation,979,5,41,07:00,1,Good,12,Light Rain,Gusty winds from the south west,SW,SW,South Westerly,39,24,2025-01-19T21:45:00+00:00,2025-01-20T00:00:54.404Z,2650225,Edinburgh
Gusty winds and rain,39,0,33,87,54,80,2025-01-25,29,Low chance of precipitation,980,5,41,08:00,1,Good,12,Light Rain,Gusty winds from the south west,SW,SW,South Westerly,38,24,2025-01-19T21:45:00+00:00,2025-01-20T00:00:54.404Z,2650225,Edinburgh
Gusty winds and rain,12,0,33,86,54,78,2025-01-25,29,Low chance of precipitation,981,5,41,09:00,1,Good,12,Light Rain,Gusty winds from the south west,SW,SW,South Westerly,38,24,2025-01-19T21:45:00+00:00,2025-01-20T00:00:54.404Z,2650225,Edinburgh
Gusty winds and sunny intervals,3,1,33,85,53,77,2025-01-25,0,Precipitation is not expected,982,5,42,10:00,1,Good,3,Sunny Intervals,Gusty winds from the south west,SW,SW,South Westerly,38,24,2025-01-19T21:45:00+00:00,2025-01-20T00:00:54.404Z,2650225,Edinburgh
Gusty winds and sunny intervals,3,1,34,84,52,75,2025-01-25,0,Precipitation is not expected,983,6,43,11:00,1,Good,3,Sunny Intervals,Gusty winds from the south west,SW,SW,South Westerly,38,24,2025-01-19T21:45:00+00:00,2025-01-20T00:00:54.404Z,2650225,Edinburgh
Gusty winds and sunny intervals,3,1,35,81,50,72,2025-01-25,0,Precipitation is not expected,984,6,43,12:00,1,Good,3,Sunny Intervals,Gusty winds from the south west,SW,SW,South Westerly,36,23,2025-01-19T21:45:00+00:00,2025-01-20T00:00:54.404Z,2650225,Edinburgh
Gusty winds and sunny intervals,3,2,35,79,49,72,2025-01-25,25,Low chance of precipitation,984,6,43,13:00,1,Good,3,Sunny Intervals,Gusty winds from the south west,SW,SW,South Westerly,37,23,2025-01-19T21:45:00+00:00,2025-01-20T00:00:54.404Z,2650225,Edinburgh
Gusty winds and sunny intervals,3,2,36,76,47,70,2025-01-25,25,Low chance of precipitation,985,6,43,14:00,1,Good,3,Sunny Intervals,Gusty winds from the south west,SW,SW,South Westerly,35,22,2025-01-19T21:45:00+00:00,2025-01-20T00:00:54.404Z,2650225,Edinburgh
Gusty winds and sunny intervals,3,2,35,71,44,72,2025-01-25,25,Low chance of precipitation,985,6,43,15:00,1,Good,3,Sunny Intervals,Gusty winds from the south west,SW,SW,South Westerly,32,20,2025-01-19T21:45:00+00:00,2025-01-20T00:00:54.404Z,2650225,Edinburgh
Gusty winds and sunny intervals,3,1,35,66,41,73,2025-01-25,22,Low chance of precipitation,986,6,42,16:00,1,Good,3,Sunny Intervals,Gusty winds from the south west,SW,SW,South Westerly,30,19,2025-01-19T21:45:00+00:00,2025-01-20T00:00:54.404Z,2650225,Edinburgh
Partly cloudy and a moderate breeze,2,1,33,61,38,75,2025-01-25,22,Low chance of precipitation,986,5,41,17:00,1,Good,2,Partly Cloudy,A moderate breeze from the south west,SW,SW,South Westerly,29,18,2025-01-19T21:45:00+00:00,2025-01-20T00:00:54.404Z,2650225,Edinburgh
Partly cloudy and a moderate breeze,2,1,33,61,38,77,2025-01-25,22,Low chance of precipitation,987,5,41,18:00,1,Moderate,2,Partly Cloudy,A moderate breeze from the south west,SW,SW,South Westerly,26,16,2025-01-19T21:45:00+00:00,2025-01-20T00:00:54.404Z,2650225,Edinburgh
Drizzle and a moderate breeze,38,0,33,62,38,78,2025-01-25,38,Chance of precipitation,988,5,40,19:00,1,Good,11,Drizzle,A moderate breeze from the south west,SW,SW,South Westerly,26,16,2025-01-19T21:45:00+00:00,2025-01-20T00:00:54.404Z,2650225,Edinburgh
Drizzle and a moderate breeze,38,0,32,62,38,78,2025-01-25,38,Chance of precipitation,989,5,40,20:00,1,Good,11,Drizzle,A moderate breeze from the south west,SW,SW,South Westerly,26,16,2025-01-19T21:45:00+00:00,2025-01-20T00:00:54.404Z,2650225,Edinburgh
Drizzle and a moderate breeze,38,0,32,59,37,79,2025-01-25,38,Chance of precipitation,990,4,40,21:00,1,Good,11,Drizzle,A moderate breeze from the south west,SW,SW,South Westerly,26,16,2025-01-19T21:45:00+00:00,2025-01-20T00:00:54.404Z,2650225,Edinburgh
Partly cloudy and a moderate breeze,2,0,32,56,35,79,2025-01-25,26,Low chance of precipitation,992,4,40,22:00,1,Good,2,Partly Cloudy,A moderate breeze from the south west,SW,SW,South Westerly,25,16,2025-01-19T21:45:00+00:00,2025-01-20T00:00:54.404Z,2650225,Edinburgh
A clear sky and a moderate breeze,0,0,32,53,33,79,2025-01-25,26,Low chance of precipitation,993,4,40,23:00,1,Good,0,Clear Sky,A moderate breeze from the south west,SW,SW,South Westerly,24,15,2025-01-19T21:45:00+00:00,2025-01-20T00:00:54.404Z,2650225,Edinburgh
A clear sky and a moderate breeze,0,0,32,49,30,80,2025-01-26,26,Low chance of precipitation,994,4,40,00:00,1,Good,0,Clear Sky,A moderate breeze from the south west,SW,SW,South Westerly,24,15,2025-01-19T21:45:00+00:00,2025-01-20T00:00:54.404Z,2650225,Edinburgh
A clear sky and a moderate breeze,0,0,33,48,30,79,2025-01-26,0,Precipitation is not expected,995,4,40,01:00,1,Good,0,Clear Sky,A moderate breeze from the south west,SW,SW,South Westerly,24,15,2025-01-19T21:45:00+00:00,2025-01-20T00:00:54.404Z,2650225,Edinburgh
A clear sky and a moderate breeze,0,0,32,46,29,80,2025-01-26,0,Precipitation is not expected,996,4,40,02:00,1,Good,0,Clear Sky,A moderate breeze from the south west,SW,SW,South Westerly,23,14,2025-01-19T21:45:00+00:00,2025-01-20T00:00:54.404Z,2650225,Edinburgh
A clear sky and a moderate breeze,0,0,32,45,28,80,2025-01-26,0,Precipitation is not expected,997,4,40,03:00,1,Good,0,Clear Sky,A moderate breeze from the south west,SW,SW,South Westerly,22,14,2025-01-19T21:45:00+00:00,2025-01-20T00:00:54.404Z,2650225,Edinburgh
A clear sky and a moderate breeze,0,0,32,44,28,80,2025-01-26,0,Precipitation is not expected,998,4,39,04:00,1,Good,0,Clear Sky,A moderate breeze from the south south west,SSW,SSW,South South Westerly,23,14,2025-01-19T21:45:00+00:00,2025-01-20T00:00:54.404Z,2650225,Edinburgh
Partly cloudy and a moderate breeze,2,0,32,43,27,80,2025-01-26,0,Precipitation is not expected,998,4,39,05:00,1,Good,2,Partly Cloudy,A moderate breeze from the south south west,SSW,SSW,South South Westerly,22,14,2025-01-19T21:45:00+00:00,2025-01-20T00:00:54.404Z,2650225,Edinburgh
Partly cloudy and a moderate breeze,2,0,32,43,27,80,2025-01-26,0,Precipitation is not expected,999,4,40,06:00,1,Good,2,Partly Cloudy,A moderate breeze from the south south west,SSW,SSW,South South Westerly,22,14,2025-01-20T00:00:54+00:00,2025-01-20T00:00:54.404Z,2650225,Edinburgh
Light rain showers and a moderate breeze,9,0,33,44,27,81,2025-01-26,44,Chance of precipitation,1000,4,40,07:00,1,Good,9,Light Rain Showers,A moderate breeze from the south west,SW,SW,South Westerly,21,13,2025-01-20T00:00:54+00:00,2025-01-20T00:00:54.404Z,2650225,Edinburgh
Light rain showers and a moderate breeze,9,0,32,44,27,82,2025-01-26,42,Chance of precipitation,1001,4,39,08:00,1,Good,9,Light Rain Showers,A moderate breeze from the south south west,SSW,SSW,South South Westerly,20,13,2025-01-20T00:00:54+00:00,2025-01-20T00:00:54.404Z,2650225,Edinburgh
Light rain showers and a moderate breeze,10,0,33,47,29,83,2025-01-26,41,Chance of precipitation,1002,4,40,09:00,1,Good,10,Light Rain Showers,A moderate breeze from the south south west,SSW,SSW,South South Westerly,20,13,2025-01-20T00:00:54+00:00,2025-01-20T00:00:54.404Z,2650225,Edinburgh
Light rain showers and a moderate breeze,10,1,34,50,31,82,2025-01-26,29,Low chance of precipitation,1002,5,41,10:00,1,Good,10,Light Rain Showers,A moderate breeze from the south south west,SSW,SSW,South South Westerly,21,13,2025-01-20T00:00:54+00:00,2025-01-20T00:00:54.404Z,2650225,Edinburgh
Light rain showers and a moderate breeze,10,2,35,52,33,81,2025-01-26,29,Low chance of precipitation,1003,5,41,11:00,1,Good,10,Light Rain Showers,A moderate breeze from the south south west,SSW,SSW,South South Westerly,21,13,2025-01-20T00:00:54+00:00,2025-01-20T00:00:54.404Z,2650225,Edinburgh
Light rain showers and a moderate breeze,10,3,37,48,30,80,2025-01-26,30,Low chance of precipitation,1003,6,43,12:00,1,Good,10,Light Rain Showers,A moderate breeze from the south south west,SSW,SSW,South South Westerly,22,14,2025-01-20T00:00:54+00:00,2025-01-20T00:00:54.404Z,2650225,Edinburgh
Light rain and a moderate breeze,12,3,37,48,30,79,2025-01-26,64,Chance of precipitation,1003,6,43,13:00,1,Good,12,Light Rain,A moderate breeze from the south south west,SSW,SSW,South South Westerly,22,14,2025-01-20T00:00:54+00:00,2025-01-20T00:00:54.404Z,2650225,Edinburgh
Light rain and a moderate breeze,12,3,37,49,30,77,2025-01-26,64,Chance of precipitation,1003,6,43,14:00,1,Good,12,Light Rain,A moderate breeze from the south south west,SSW,SSW,South South Westerly,21,13,2025-01-20T00:00:54+00:00,2025-01-20T00:00:54.404Z,2650225,Edinburgh
Light rain and a moderate breeze,12,2,36,49,30,78,2025-01-26,64,Chance of precipitation,1003,6,42,15:00,1,Good,12,Light Rain,A moderate breeze from the south south west,SSW,SSW,South South Westerly,21,13,2025-01-20T00:00:54+00:00,2025-01-20T00:00:54.404Z,2650225,Edinburgh
Light rain and a moderate breeze,12,2,35,49,30,79,2025-01-26,64,Chance of precipitation,1003,5,41,16:00,1,Good,12,Light Rain,A moderate breeze from the south south west,SSW,SSW,South South Westerly,20,13,2025-01-20T00:00:54+00:00,2025-01-20T00:00:54.404Z,2650225,Edinburgh
Light rain and a moderate breeze,39,1,34,49,30,81,2025-01-26,64,Chance of precipitation,1003,5,41,17:00,1,Good,12,Light Rain,A moderate breeze from the south south west,SSW,SSW,South South Westerly,21,13,2025-01-20T00:00:54+00:00,2025-01-20T00:00:54.404Z,2650225,Edinburgh
Light rain and a moderate breeze,39,1,33,52,32,82,2025-01-26,64,Chance of precipitation,1003,5,40,18:00,1,Good,12,Light Rain,A moderate breeze from the south south west,SSW,SSW,South South Westerly,22,14,2025-01-20T00:00:54+00:00,2025-01-20T00:00:54.404Z,2650225,Edinburgh
Partly cloudy and a moderate breeze,2,1,33,54,34,83,2025-01-26,38,Chance of precipitation,1002,5,40,19:00,1,Good,2,Partly Cloudy,A moderate breeze from the south south west,SSW,SSW,South South Westerly,22,14,2025-01-20T00:00:54+00:00,2025-01-20T00:00:54.404Z,2650225,Edinburgh
Partly cloudy and a moderate breeze,2,1,33,57,35,83,2025-01-26,38,Chance of precipitation,1002,5,40,20:00,1,Good,2,Partly Cloudy,A moderate breeze from the south south west,SSW,SSW,South South Westerly,22,14,2025-01-20T00:00:54+00:00,2025-01-20T00:00:54.404Z,2650225,Edinburgh
Partly cloudy and a moderate breeze,2,1,33,59,37,84,2025-01-26,38,Chance of precipitation,1001,5,40,21:00,1,Good,2,Partly Cloudy,A moderate breeze from the south south west,SSW,SSW,South South Westerly,23,14,2025-01-20T00:00:54+00:00,2025-01-20T00:00:54.404Z,2650225,Edinburgh
Partly cloudy and a moderate breeze,2,1,33,61,38,84,2025-01-26,41,Chance of precipitation,1000,5,40,22:00,1,Good,2,Partly Cloudy,A moderate breeze from the south south west,SSW,SSW,South South Westerly,23,14,2025-01-20T00:00:54+00:00,2025-01-20T00:00:54.404Z,2650225,Edinburgh
Partly cloudy and a moderate breeze,2,1,33,61,38,84,2025-01-26,41,Chance of precipitation,999,5,41,23:00,1,Good,2,Partly Cloudy,A moderate breeze from the south south west,SSW,SSW,South South Westerly,23,14,2025-01-20T00:00:54+00:00,2025-01-20T00:00:54.404Z,2650225,Edinburgh
Light rain and a moderate breeze,39,1,34,62,38,84,2025-01-27,41,Chance of precipitation,999,5,41,00:00,1,Moderate,12,Light Rain,A moderate breeze from the south south west,SSW,SSW,South South Westerly,23,15,2025-01-20T00:00:54+00:00,2025-01-20T00:00:54.404Z,2650225,Edinburgh
Light rain and a moderate breeze,39,1,34,61,38,84,2025-01-27,70,Chance of precipitation,998,5,41,01:00,1,Moderate,12,Light Rain,A moderate breeze from the south south west,SSW,SSW,South South Westerly,24,15,2025-01-20T00:00:54+00:00,2025-01-20T00:00:54.404Z,2650225,Edinburgh
Light rain and a moderate breeze,39,1,34,59,37,85,2025-01-27,70,Chance of precipitation,997,5,41,02:00,1,Moderate,12,Light Rain,A moderate breeze from the south south west,SSW,SSW,South South Westerly,25,16,2025-01-20T00:00:54+00:00,2025-01-20T00:00:54.404Z,2650225,Edinburgh
Light rain and a moderate breeze,39,1,34,57,35,86,2025-01-27,70,Chance of precipitation,997,5,41,03:00,1,Moderate,12,Light Rain,A moderate breeze from the south south west,SSW,SSW,South South Westerly,26,16,2025-01-20T00:00:54+00:00,2025-01-20T00:00:54.404Z,2650225,Edinburgh
Light rain showers and a moderate breeze,9,1,34,46,28,85,2025-01-27,64,Chance of precipitation,996,5,41,04:00,1,Good,9,Light Rain Showers,A moderate breeze from the south,S,S,Southerly,26,16,2025-01-20T00:00:54+00:00,2025-01-20T00:00:54.404Z,2650225,Edinburgh
Light rain and a moderate breeze,39,1,35,42,26,86,2025-01-27,64,Chance of precipitation,995,5,41,05:00,1,Good,12,Light Rain,A moderate breeze from the south,S,S,Southerly,26,16,2025-01-20T00:00:54+00:00,2025-01-20T00:00:54.404Z,2650225,Edinburgh
Light rain and a moderate breeze,39,2,35,52,32,86,2025-01-27,64,Chance of precipitation,994,6,42,06:00,1,Moderate,12,Light Rain,A moderate breeze from the south,S,S,Southerly,25,16,2025-01-20T00:00:54+00:00,2025-01-20T00:00:54.404Z,2650225,Edinburgh
Light rain and a moderate breeze,39,2,36,52,32,86,2025-01-27,70,Chance of precipitation,994,6,42,07:00,1,Moderate,12,Light Rain,A moderate breeze from the south south west,SSW,SSW,South South Westerly,25,16,2025-01-20T00:00:54+00:00,2025-01-20T00:00:54.404Z,2650225,Edinburgh
Light rain and a moderate breeze,39,2,36,42,26,86,2025-01-27,70,Chance of precipitation,993,6,42,08:00,1,Moderate,12,Light Rain,A moderate breeze from the south,S,S,Southerly,25,16,2025-01-20T00:00:54+00:00,2025-01-20T00:00:54.404Z,2650225,Edinburgh
Light rain and a moderate breeze,12,2,36,48,30,85,2025-01-27,70,Chance of precipitation,993,6,43,09:00,1,Good,12,Light Rain,A moderate breeze from the south,S,S,Southerly,26,16,2025-01-20T00:00:54+00:00,2025-01-20T00:00:54.404Z,2650225,Edinburgh
Light rain and a moderate breeze,12,3,37,62,38,85,2025-01-27,70,Chance of precipitation,993,6,43,10:00,1,Good,12,Light Rain,A moderate breeze from the south south west,SSW,SSW,South South Westerly,27,17,2025-01-20T00:00:54+00:00,2025-01-20T00:00:54.404Z,2650225,Edinburgh
Light rain and a fresh breeze,12,3,37,57,36,83,2025-01-27,70,Chance of precipitation,994,7,44,11:00,1,Good,12,Light Rain,A fresh breeze from the south south west,SSW,SSW,South South Westerly,33,20,2025-01-20T00:00:54+00:00,2025-01-20T00:00:54.404Z,2650225,Edinburgh
Light rain and a moderate breeze,12,4,39,56,35,81,2025-01-27,70,Chance of precipitation,994,7,45,12:00,1,Moderate,12,Light Rain,A moderate breeze from the south south west,SSW,SSW,South South Westerly,29,18,2025-01-20T00:00:54+00:00,2025-01-20T00:00:54.404Z,2650225,Edinburgh
Light rain showers and a moderate breeze,10,5,40,55,34,79,2025-01-27,56,Chance of precipitation,994,8,46,13:00,1,Moderate,10,Light Rain Showers,A moderate breeze from the south south west,SSW,SSW,South South Westerly,29,18,2025-01-20T00:00:54+00:00,2025-01-20T00:00:54.404Z,2650225,Edinburgh
Light rain showers and a moderate breeze,10,5,41,54,34,78,2025-01-27,56,Chance of precipitation,995,8,47,14:00,1,Moderate,10,Light Rain Showers,A moderate breeze from the south south west,SSW,SSW,South South Westerly,28,17,2025-01-20T00:00:54+00:00,2025-01-20T00:00:54.404Z,2650225,Edinburgh
Light rain showers and a moderate breeze,10,5,41,57,35,79,2025-01-27,56,Chance of precipitation,995,8,46,15:00,1,Moderate,10,Light Rain Showers,A moderate breeze from the south south west,SSW,SSW,South South Westerly,27,17,2025-01-20T00:00:54+00:00,2025-01-20T00:00:54.404Z,2650225,Edinburgh
Light rain showers and a moderate breeze,10,5,41,59,37,79,2025-01-27,50,Chance of precipitation,995,8,46,16:00,1,Moderate,10,Light Rain Showers,A moderate breeze from the south south west,SSW,SSW,South South Westerly,27,17,2025-01-20T00:00:54+00:00,2025-01-20T00:00:54.404Z,2650225,Edinburgh
Light rain showers and a moderate breeze,9,4,40,61,38,81,2025-01-27,50,Chance of precipitation,995,7,45,17:00,1,Moderate,9,Light Rain Showers,A moderate breeze from the south south west,SSW,SSW,South South Westerly,28,17,2025-01-20T00:00:54+00:00,2025-01-20T00:00:54.404Z,2650225,Edinburgh
Light rain showers and a moderate breeze,9,4,40,63,39,81,2025-01-27,50,Chance of precipitation,995,7,45,18:00,1,Good,9,Light Rain Showers,A moderate breeze from the south south west,SSW,SSW,South South Westerly,29,18,2025-01-20T00:00:54+00:00,2025-01-20T00:00:54.404Z,2650225,Edinburgh
Gusty winds and light rain,39,4,39,64,40,82,2025-01-27,58,Chance of precipitation,996,7,45,19:00,1,Good,12,Light Rain,Gusty winds from the south south west,SSW,SSW,South South Westerly,29,18,2025-01-20T00:00:54+00:00,2025-01-20T00:00:54.404Z,2650225,Edinburgh
Gusty winds and rain,39,4,39,66,41,83,2025-01-27,58,Chance of precipitation,996,7,45,20:00,1,Good,12,Light Rain,Gusty winds from the south south west,SSW,SSW,South South Westerly,29,18,2025-01-20T00:00:54+00:00,2025-01-20T00:00:54.404Z,2650225,Edinburgh
Gusty winds and light rain,39,4,38,65,40,84,2025-01-27,31,Chance of precipitation,997,7,45,21:00,1,Good,12,Light Rain,Gusty winds from the south west,SW,SW,South Westerly,29,18,2025-01-20T00:00:54+00:00,2025-01-20T00:00:54.404Z,2650225,Edinburgh
Gusty winds and drizzle,38,3,38,64,40,84,2025-01-27,38,Chance of precipitation,997,7,44,22:00,1,Good,11,Drizzle,Gusty winds from the south west,SW,SW,South Westerly,29,18,2025-01-20T00:00:54+00:00,2025-01-20T00:00:54.404Z,2650225,Edinburgh
Gusty winds and drizzle,38,3,38,64,40,83,2025-01-27,38,Chance of precipitation,997,7,44,23:00,1,Good,11,Drizzle,Gusty winds from the south west,SW,SW,South Westerly,27,17,2025-01-20T00:00:54+00:00,2025-01-20T00:00:54.404Z,2650225,Edinburgh
Drizzle and a moderate breeze,38,3,38,63,39,83,2025-01-28,38,Chance of precipitation,998,7,44,00:00,1,Good,11,Drizzle,A moderate breeze from the south west,SW,SW,South Westerly,27,17,2025-01-20T00:00:54+00:00,2025-01-20T00:00:54.404Z,2650225,Edinburgh
Partly cloudy and a moderate breeze,2,3,38,63,39,82,2025-01-28,0,Precipitation is not expected,998,7,44,01:00,1,Good,2,Partly Cloudy,A moderate breeze from the south west,SW,SW,South Westerly,26,16,2025-01-20T00:00:54+00:00,2025-01-20T00:00:54.404Z,2650225,Edinburgh
Gusty winds and partly cloudy,2,3,38,68,42,83,2025-01-28,0,Precipitation is not expected,998,7,44,02:00,1,Good,2,Partly Cloudy,Gusty winds from the south west,SW,SW,South Westerly,26,16,2025-01-20T00:00:54+00:00,2025-01-20T00:00:54.404Z,2650225,Edinburgh
Partly cloudy and a moderate breeze,2,3,38,61,38,83,2025-01-28,0,Precipitation is not expected,998,7,44,03:00,1,Good,2,Partly Cloudy,A moderate breeze from the south west,SW,SW,South Westerly,24,15,2025-01-20T00:00:54+00:00,2025-01-20T00:00:54.404Z,2650225,Edinburgh
Partly cloudy and a moderate breeze,2,3,37,60,37,83,2025-01-28,0,Precipitation is not expected,999,6,43,04:00,1,Good,2,Partly Cloudy,A moderate breeze from the south west,SW,SW,South Westerly,25,15,2025-01-20T00:00:54+00:00,2025-01-20T00:00:54.404Z,2650225,Edinburgh
Partly cloudy and a moderate breeze,2,3,37,59,37,83,2025-01-28,0,Precipitation is not expected,999,6,43,05:00,1,Good,2,Partly Cloudy,A moderate breeze from the south south west,SSW,SSW,South South Westerly,25,15,2025-01-20T00:00:54+00:00,2025-01-20T00:00:54.404Z,2650225,Edinburgh
Partly cloudy and a moderate breeze,2,3,37,59,37,83,2025-01-28,0,Precipitation is not expected,999,6,43,06:00,1,Good,2,Partly Cloudy,A moderate breeze from the south west,SW,SW,South Westerly,25,15,2025-01-20T00:00:54+00:00,2025-01-20T00:00:54.404Z,2650225,Edinburgh
Partly cloudy and a moderate breeze,2,3,37,60,37,83,2025-01-28,18,Low chance of precipitation,1000,6,43,07:00,1,Good,2,Partly Cloudy,A moderate breeze from the south south west,SSW,SSW,South South Westerly,24,15,2025-01-20T00:00:54+00:00,2025-01-20T00:00:54.404Z,2650225,Edinburgh
Partly cloudy and a moderate breeze,2,3,37,60,37,84,2025-01-28,15,Low chance of precipitation,1000,6,43,08:00,1,Good,2,Partly Cloudy,A moderate breeze from the south west,SW,SW,South Westerly,24,15,2025-01-20T00:00:54+00:00,2025-01-20T00:00:54.404Z,2650225,Edinburgh
Sunny intervals and a moderate breeze,3,3,37,60,37,83,2025-01-28,14,Low chance of precipitation,1001,6,43,09:00,1,Good,3,Sunny Intervals,A moderate breeze from the south west,SW,SW,South Westerly,24,15,2025-01-20T00:00:54+00:00,2025-01-20T00:00:54.404Z,2650225,Edinburgh
Sunny intervals and a moderate breeze,3,3,38,61,38,82,2025-01-28,7,Low chance of precipitation,1001,7,44,10:00,1,Good,3,Sunny Intervals,A moderate breeze from the south west,SW,SW,South Westerly,24,15,2025-01-20T00:00:54+00:00,2025-01-20T00:00:54.404Z,2650225,Edinburgh
Sunny intervals and a moderate breeze,3,4,39,61,38,80,2025-01-28,7,Low chance of precipitation,1001,7,45,11:00,1,Good,3,Sunny Intervals,A moderate breeze from the south west,SW,SW,South Westerly,24,15,2025-01-20T00:00:54+00:00,2025-01-20T00:00:54.404Z,2650225,Edinburgh
Sunny intervals and a moderate breeze,3,5,41,60,37,77,2025-01-28,10,Low chance of precipitation,1002,8,46,12:00,1,Good,3,Sunny Intervals,A moderate breeze from the south west,SW,SW,South Westerly,24,15,2025-01-20T00:00:54+00:00,2025-01-20T00:00:54.404Z,2650225,Edinburgh
Sunny intervals and a moderate breeze,3,5,41,59,37,76,2025-01-28,20,Low chance of precipitation,1002,8,46,13:00,1,Good,3,Sunny Intervals,A moderate breeze from the south west,SW,SW,South Westerly,25,15,2025-01-20T00:00:54+00:00,2025-01-20T00:00:54.404Z,2650225,Edinburgh
Sunny intervals and a moderate breeze,3,5,41,58,36,75,2025-01-28,22,Low chance of precipitation,1002,8,46,14:00,1,Good,3,Sunny Intervals,A moderate breeze from the south west,SW,SW,South Westerly,24,15,2025-01-20T00:00:54+00:00,2025-01-20T00:00:54.404Z,2650225,Edinburgh
Sunny and a moderate breeze,1,5,40,55,34,75,2025-01-28,22,Low chance of precipitation,1002,8,46,15:00,1,Good,1,Sunny,A moderate breeze from the south west,SW,SW,South Westerly,23,14,2025-01-20T00:00:54+00:00,2025-01-20T00:00:54.404Z,2650225,Edinburgh
Light rain showers and a moderate breeze,10,4,39,53,33,78,2025-01-28,26,Low chance of precipitation,1002,7,44,16:00,1,Good,10,Light Rain Showers,A moderate breeze from the south south west,SSW,SSW,South South Westerly,22,14,2025-01-20T00:00:54+00:00,2025-01-20T00:00:54.404Z,2650225,Edinburgh
Light rain showers and a moderate breeze,9,3,38,49,31,81,2025-01-28,26,Low chance of precipitation,1003,6,43,17:00,1,Good,9,Light Rain Showers,A moderate breeze from the south south west,SSW,SSW,South South Westerly,21,13,2025-01-20T00:00:54+00:00,2025-01-20T00:00:54.404Z,2650225,Edinburgh
Light rain showers and a moderate breeze,9,3,37,44,28,83,2025-01-28,49,Chance of precipitation,1003,6,43,18:00,1,Moderate,9,Light Rain Showers,A moderate breeze from the south south west,SSW,SSW,South South Westerly,21,13,2025-01-20T00:00:54+00:00,2025-01-20T00:00:54.404Z,2650225,Edinburgh
Light cloud and a moderate breeze,36,3,37,38,24,84,2025-01-28,26,Low chance of precipitation,1003,6,42,19:00,1,Good,7,Light Cloud,A moderate breeze from the south south west,SSW,SSW,South South Westerly,21,13,2025-01-20T00:00:54+00:00,2025-01-20T00:00:54.404Z,2650225,Edinburgh
Light rain showers and a moderate breeze,9,3,37,31,19,84,2025-01-28,43,Chance of precipitation,1003,6,43,20:00,1,Good,9,Light Rain Showers,A moderate breeze from the south south west,SSW,SSW,South South Westerly,20,13,2025-01-20T00:00:54+00:00,2025-01-20T00:00:54.404Z,2650225,Edinburgh
Light rain showers and a gentle breeze,9,3,37,26,16,85,2025-01-28,43,Chance of precipitation,1004,6,43,21:00,1,Good,9,Light Rain Showers,A gentle breeze from the south south west,SSW,SSW,South South Westerly,20,12,2025-01-20T00:00:54+00:00,2025-01-20T00:00:54.404Z,2650225,Edinburgh
Light rain and a moderate breeze,39,3,37,22,14,85,2025-01-28,35,Chance of precipitation,1003,6,42,22:00,1,Good,12,Light Rain,A moderate breeze from the south south west,SSW,SSW,South South Westerly,20,13,2025-01-20T00:00:54+00:00,2025-01-20T00:00:54.404Z,2650225,Edinburgh
Light rain and a gentle breeze,39,3,37,22,14,85,2025-01-28,41,Chance of precipitation,1003,6,43,23:00,1,Good,12,Light Rain,A gentle breeze from the south south west,SSW,SSW,South South Westerly,19,12,2025-01-20T00:00:54+00:00,2025-01-20T00:00:54.404Z,2650225,Edinburgh
Light rain and a gentle breeze,39,3,37,23,14,85,2025-01-29,35,Chance of precipitation,1003,6,43,00:00,1,Good,12,Light Rain,A gentle breeze from the south south west,SSW,SSW,South South Westerly,19,12,2025-01-20T00:00:54+00:00,2025-01-20T00:00:54.404Z,2650225,Edinburgh
Light rain and a gentle breeze,39,3,37,24,15,85,2025-01-29,37,Chance of precipitation,1003,6,43,01:00,1,Good,12,Light Rain,A gentle breeze from the south south west,SSW,SSW,South South Westerly,20,12,2025-01-20T00:00:54+00:00,2025-01-20T00:00:54.404Z,2650225,Edinburgh
Light rain and a gentle breeze,39,3,37,30,19,87,2025-01-29,70,Chance of precipitation,1003,6,43,02:00,1,Good,12,Light Rain,A gentle breeze from the south west,SW,SW,South Westerly,20,12,2025-01-20T00:00:54+00:00,2025-01-20T00:00:54.404Z,2650225,Edinburgh
Light rain and a moderate breeze,39,3,37,39,24,87,2025-01-29,37,Chance of precipitation,1003,6,43,03:00,1,Good,12,Light Rain,A moderate breeze from the south west,SW,SW,South Westerly,20,13,2025-01-20T00:00:54+00:00,2025-01-20T00:00:54.404Z,2650225,Edinburgh
Light rain and a moderate breeze,39,2,36,49,31,87,2025-01-29,30,Low chance of precipitation,1004,6,42,04:00,1,Good,12,Light Rain,A moderate breeze from the south west,SW,SW,South Westerly,22,14,2025-01-20T00:00:54+00:00,2025-01-20T00:00:54.404Z,2650225,Edinburgh
A clear sky and a moderate breeze,0,3,37,58,36,86,2025-01-29,30,Low chance of precipitation,1004,6,43,05:00,1,Good,0,Clear Sky,A moderate breeze from the south west,SW,SW,South Westerly,22,14,2025-01-20T00:00:54+00:00,2025-01-20T00:00:54.404Z,2650225,Edinburgh
A clear sky and a moderate breeze,0,3,36,59,37,86,2025-01-29,30,Low chance of precipitation,1005,6,43,06:00,1,Good,0,Clear Sky,A moderate breeze from the south west,SW,SW,South Westerly,23,14,2025-01-20T00:00:54+00:00,2025-01-20T00:00:54.404Z,2650225,Edinburgh
A clear sky and a moderate breeze,0,3,37,60,37,85,2025-01-29,17,Low chance of precipitation,1005,6,43,07:00,1,Good,0,Clear Sky,A moderate breeze from the south west,SW,SW,South Westerly,24,15,2025-01-20T00:00:54+00:00,2025-01-20T00:00:54.404Z,2650225,Edinburgh
A clear sky and a moderate breeze,0,3,37,61,38,85,2025-01-29,17,Low chance of precipitation,1006,6,43,08:00,1,Good,0,Clear Sky,A moderate breeze from the south west,SW,SW,South Westerly,24,15,2025-01-20T00:00:54+00:00,2025-01-20T00:00:54.404Z,2650225,Edinburgh
Sunny and a moderate breeze,1,3,37,62,39,84,2025-01-29,17,Low chance of precipitation,1007,6,43,09:00,1,Good,1,Sunny,A moderate breeze from the south west,SW,SW,South Westerly,25,16,2025-01-20T00:00:54+00:00,2025-01-20T00:00:54.404Z,2650225,Edinburgh
Gusty winds and sunny,1,3,37,64,40,83,2025-01-29,32,Chance of precipitation,1007,7,44,10:00,1,Good,1,Sunny,Gusty winds from the south west,SW,SW,South Westerly,26,16,2025-01-20T00:00:54+00:00,2025-01-20T00:00:54.404Z,2650225,Edinburgh
Gusty winds and sunny intervals,3,4,39,66,41,82,2025-01-29,32,Chance of precipitation,1008,7,45,11:00,1,Good,3,Sunny Intervals,Gusty winds from the south west,SW,SW,South Westerly,26,16,2025-01-20T00:00:54+00:00,2025-01-20T00:00:54.404Z,2650225,Edinburgh
Gusty winds and drizzle,11,4,40,65,41,81,2025-01-29,32,Chance of precipitation,1009,7,45,12:00,1,Good,11,Drizzle,Gusty winds from the south west,SW,SW,South Westerly,27,17,2025-01-20T00:00:54+00:00,2025-01-20T00:00:54.404Z,2650225,Edinburgh
Gusty winds and sunny intervals,3,5,41,65,40,79,2025-01-29,31,Chance of precipitation,1009,8,46,13:00,1,Good,3,Sunny Intervals,Gusty winds from the south west,SW,SW,South Westerly,28,17,2025-01-20T00:00:54+00:00,2025-01-20T00:00:54.404Z,2650225,Edinburgh
Gusty winds and sunny intervals,3,5,42,64,40,78,2025-01-29,20,Low chance of precipitation,1009,8,47,14:00,1,Good,3,Sunny Intervals,Gusty winds from the south west,SW,SW,South Westerly,27,17,2025-01-20T00:00:54+00:00,2025-01-20T00:00:54.404Z,2650225,Edinburgh
Gusty winds and sunny intervals,3,5,42,65,41,78,2025-01-29,31,Chance of precipitation,1009,8,47,15:00,1,Good,3,Sunny Intervals,Gusty winds from the south west,SW,SW,South Westerly,26,16,2025-01-20T00:00:54+00:00,2025-01-20T00:00:54.404Z,2650225,Edinburgh
Gusty winds and light rain,12,5,41,65,40,80,2025-01-29,34,Chance of precipitation,1010,8,46,16:00,1,Good,12,Light Rain,Gusty winds from the south west,SW,SW,South Westerly,26,16,2025-01-20T00:00:54+00:00,2025-01-20T00:00:54.404Z,2650225,Edinburgh
Gusty winds and partly cloudy,2,4,40,65,40,82,2025-01-29,34,Chance of precipitation,1010,7,45,17:00,1,Good,2,Partly Cloudy,Gusty winds from the south west,SW,SW,South Westerly,25,16,2025-01-20T00:00:54+00:00,2025-01-20T00:00:54.404Z,2650225,Edinburgh
A clear sky and a moderate breeze,0,4,39,62,38,82,2025-01-29,34,Chance of precipitation,1010,7,45,18:00,1,Good,0,Clear Sky,A moderate breeze from the south west,SW,SW,South Westerly,26,16,2025-01-20T00:00:54+00:00,2025-01-20T00:00:54.404Z,2650225,Edinburgh
Partly cloudy and a moderate breeze,2,4,39,57,36,83,2025-01-29,34,Chance of precipitation,1010,7,44,19:00,1,Good,2,Partly Cloudy,A moderate breeze from the south west,SW,SW,South Westerly,25,15,2025-01-20T00:00:54+00:00,2025-01-20T00:00:54.404Z,2650225,Edinburgh
Drizzle and a moderate breeze,38,3,38,53,33,82,2025-01-29,34,Chance of precipitation,1010,7,44,20:00,1,Good,11,Drizzle,A moderate breeze from the south west,SW,SW,South Westerly,24,15,2025-01-20T00:00:54+00:00,2025-01-20T00:00:54.404Z,2650225,Edinburgh
Drizzle and a moderate breeze,38,3,38,58,36,82,2025-01-29,34,Chance of precipitation,1010,7,44,21:00,1,Good,11,Drizzle,A moderate breeze from the south west,SW,SW,South Westerly,24,15,2025-01-20T00:00:54+00:00,2025-01-20T00:00:54.404Z,2650225,Edinburgh
Partly cloudy and a moderate breeze,2,3,38,62,38,82,2025-01-29,26,Low chance of precipitation,1010,7,44,22:00,1,Good,2,Partly Cloudy,A moderate breeze from the south west,SW,SW,South Westerly,25,15,2025-01-20T00:00:54+00:00,2025-01-20T00:00:54.404Z,2650225,Edinburgh
Gusty winds and partly cloudy,2,3,37,65,41,82,2025-01-29,26,Low chance of precipitation,1009,7,44,23:00,1,Good,2,Partly Cloudy,Gusty winds from the south west,SW,SW,South Westerly,25,16,2025-01-20T00:00:54+00:00,2025-01-20T00:00:54.404Z,2650225,Edinburgh
Gusty winds and light cloud,36,3,37,67,42,82,2025-01-30,26,Low chance of precipitation,1009,6,43,00:00,1,Good,7,Light Cloud,Gusty winds from the south west,SW,SW,South Westerly,26,16,2025-01-20T00:00:54+00:00,2025-01-20T00:00:54.404Z,2650225,Edinburgh
Gusty winds and rain,39,3,38,68,43,82,2025-01-30,39,Chance of precipitation,1008,7,44,01:00,1,Good,12,Light Rain,Gusty winds from the south west,SW,SW,South Westerly,27,17,2025-01-20T00:00:54+00:00,2025-01-20T00:00:54.404Z,2650225,Edinburgh
Gusty winds and rain,39,3,37,70,43,83,2025-01-30,39,Chance of precipitation,1006,7,44,02:00,1,Good,12,Light Rain,Gusty winds from the south west,SW,SW,South Westerly,27,17,2025-01-20T00:00:54+00:00,2025-01-20T00:00:54.404Z,2650225,Edinburgh
Gusty winds and rain,39,3,37,71,44,83,2025-01-30,39,Chance of precipitation,1005,7,44,03:00,1,Good,12,Light Rain,Gusty winds from the south west,SW,SW,South Westerly,27,17,2025-01-20T00:00:54+00:00,2025-01-20T00:00:54.404Z,2650225,Edinburgh
Gusty winds and rain,39,3,38,71,44,84,2025-01-30,34,Chance of precipitation,1005,7,44,04:00,1,Good,12,Light Rain,Gusty winds from the south west,SW,SW,South Westerly,28,18,2025-01-20T00:00:54+00:00,2025-01-20T00:00:54.404Z,2650225,Edinburgh
Gusty winds and rain,39,4,39,70,44,84,2025-01-30,37,Chance of precipitation,1004,7,45,05:00,1,Good,12,Light Rain,Gusty winds from the south west,SW,SW,South Westerly,28,18,2025-01-20T00:00:54+00:00,2025-01-20T00:00:54.404Z,2650225,Edinburgh
Gusty winds and rain,39,4,39,71,44,85,2025-01-30,37,Chance of precipitation,1004,7,45,06:00,1,Good,12,Light Rain,Gusty winds from the south west,SW,SW,South Westerly,28,17,2025-01-20T00:00:54+00:00,2025-01-20T00:00:54.404Z,2650225,Edinburgh
Gusty winds and rain,39,4,40,72,45,84,2025-01-30,57,Chance of precipitation,1004,7,45,07:00,1,Good,12,Light Rain,Gusty winds from the south west,SW,SW,South Westerly,28,18,2025-01-20T00:00:54+00:00,2025-01-20T00:00:54.404Z,2650225,Edinburgh
Gusty winds and rain,39,4,40,74,46,83,2025-01-30,57,Chance of precipitation,1004,7,45,08:00,1,Good,12,Light Rain,Gusty winds from the south west,SW,SW,South Westerly,29,18,2025-01-20T00:00:54+00:00,2025-01-20T00:00:54.404Z,2650225,Edinburgh
Gusty winds and rain,12,5,40,71,44,82,2025-01-30,57,Chance of precipitation,1004,8,46,09:00,1,Moderate,12,Light Rain,Gusty winds from the south west,SW,SW,South Westerly,29,18,2025-01-20T00:00:54+00:00,2025-01-20T00:00:54.404Z,2650225,Edinburgh
Gusty winds and rain,12,5,40,66,41,82,2025-01-30,56,Chance of precipitation,1005,8,46,10:00,1,Moderate,12,Light Rain,Gusty winds from the south west,SW,SW,South Westerly,29,18,2025-01-20T00:00:54+00:00,2025-01-20T00:00:54.404Z,2650225,Edinburgh
Light rain and a moderate breeze,12,5,41,61,38,80,2025-01-30,56,Chance of precipitation,1006,8,46,11:00,1,Moderate,12,Light Rain,A moderate breeze from the south west,SW,SW,South Westerly,28,17,2025-01-20T00:00:54+00:00,2025-01-20T00:00:54.404Z,2650225,Edinburgh
Light rain and a moderate breeze,12,5,42,62,38,79,2025-01-30,56,Chance of precipitation,1007,8,47,12:00,1,Good,12,Light Rain,A moderate breeze from the south west,SW,SW,South Westerly,27,17,2025-01-20T00:00:54+00:00,2025-01-20T00:00:54.404Z,2650225,Edinburgh
Light rain and a moderate breeze,12,5,42,62,39,78,2025-01-30,41,Chance of precipitation,1007,8,47,13:00,1,Good,12,Light Rain,A moderate breeze from the south west,SW,SW,South Westerly,27,17,2025-01-20T00:00:54+00:00,2025-01-20T00:00:54.404Z,2650225,Edinburgh
Light rain and a moderate breeze,12,5,42,63,39,76,2025-01-30,41,Chance of precipitation,1007,8,47,14:00,1,Good,12,Light Rain,A moderate breeze from the south west,SW,SW,South Westerly,26,16,2025-01-20T00:00:54+00:00,2025-01-20T00:00:54.404Z,2650225,Edinburgh
Light rain and a moderate breeze,12,5,41,62,38,76,2025-01-30,41,Chance of precipitation,1008,8,46,15:00,1,Good,12,Light Rain,A moderate breeze from the south west,SW,SW,South Westerly,25,16,2025-01-20T00:00:54+00:00,2025-01-20T00:00:54.404Z,2650225,Edinburgh
Sunny intervals and a moderate breeze,3,5,40,62,39,77,2025-01-30,0,Precipitation is not expected,1008,7,45,16:00,1,Good,3,Sunny Intervals,A moderate breeze from the south west,SW,SW,South Westerly,24,15,2025-01-20T00:00:54+00:00,2025-01-20T00:00:54.404Z,2650225,Edinburgh
Partly cloudy and a moderate breeze,2,3,38,62,38,79,2025-01-30,0,Precipitation is not expected,1009,7,44,17:00,1,Good,2,Partly Cloudy,A moderate breeze from the south west,SW,SW,South Westerly,24,15,2025-01-20T00:00:54+00:00,2025-01-20T00:00:54.404Z,2650225,Edinburgh
Partly cloudy and a moderate breeze,2,3,38,61,38,81,2025-01-30,0,Precipitation is not expected,1009,7,44,18:00,1,Good,2,Partly Cloudy,A moderate breeze from the south west,SW,SW,South Westerly,24,15,2025-01-20T00:00:54+00:00,2025-01-20T00:00:54.404Z,2650225,Edinburgh
Partly cloudy and a moderate breeze,2,3,37,62,38,82,2025-01-30,0,Precipitation is not expected,1010,6,43,19:00,1,Good,2,Partly Cloudy,A moderate breeze from the south west,SW,SW,South Westerly,23,15,2025-01-20T00:00:54+00:00,2025-01-20T00:00:54.404Z,2650225,Edinburgh
Partly cloudy and a moderate breeze,2,3,37,61,38,81,2025-01-30,0,Precipitation is not expected,1010,6,43,20:00,1,Good,2,Partly Cloudy,A moderate breeze from the south west,SW,SW,South Westerly,24,15,2025-01-20T00:00:54+00:00,2025-01-20T00:00:54.404Z,2650225,Edinburgh
Partly cloudy and a moderate breeze,2,2,36,59,37,82,2025-01-30,0,Precipitation is not expected,1011,6,43,21:00,1,Good,2,Partly Cloudy,A moderate breeze from the south west,SW,SW,South Westerly,23,15,2025-01-20T00:00:54+00:00,2025-01-20T00:00:54.404Z,2650225,Edinburgh
A clear sky and a moderate breeze,0,2,36,56,35,82,2025-01-30,0,Precipitation is not expected,1011,6,43,22:00,1,Good,0,Clear Sky,A moderate breeze from the south west,SW,SW,South Westerly,24,15,2025-01-20T00:00:54+00:00,2025-01-20T00:00:54.404Z,2650225,Edinburgh
A clear sky and a moderate breeze,0,3,37,53,33,82,2025-01-30,0,Precipitation is not expected,1012,6,43,23:00,1,Good,0,Clear Sky,A moderate breeze from the south west,SW,SW,South Westerly,24,15,2025-01-20T00:00:54+00:00,2025-01-20T00:00:54.404Z,2650225,Edinburgh
A clear sky and a moderate breeze,0,3,37,50,31,82,2025-01-31,0,Precipitation is not expected,1012,6,43,00:00,1,Good,0,Clear Sky,A moderate breeze from the south west,SW,SW,South Westerly,23,15,2025-01-20T00:00:54+00:00,2025-01-20T00:00:54.404Z,2650225,Edinburgh
A clear sky and a moderate breeze,0,3,37,48,30,82,2025-01-31,17,Low chance of precipitation,1012,6,43,01:00,1,Good,0,Clear Sky,A moderate breeze from the south west,SW,SW,South Westerly,24,15,2025-01-20T00:00:54+00:00,2025-01-20T00:00:54.404Z,2650225,Edinburgh
A clear sky and a moderate breeze,0,3,36,45,28,83,2025-01-31,17,Low chance of precipitation,1012,6,43,02:00,1,Good,0,Clear Sky,A moderate breeze from the south west,SW,SW,South Westerly,24,15,2025-01-20T00:00:54+00:00,2025-01-20T00:00:54.404Z,2650225,Edinburgh
A clear sky and a moderate breeze,0,3,37,41,25,84,2025-01-31,17,Low chance of precipitation,1012,6,43,03:00,1,Good,0,Clear Sky,A moderate breeze from the south west,SW,SW,South Westerly,24,15,2025-01-20T00:00:54+00:00,2025-01-20T00:00:54.404Z,2650225,Edinburgh
A clear sky and a moderate breeze,0,2,36,36,23,84,2025-01-31,17,Low chance of precipitation,1012,6,43,04:00,1,Good,0,Clear Sky,A moderate breeze from the south west,SW,SW,South Westerly,24,15,2025-01-20T00:00:54+00:00,2025-01-20T00:00:54.404Z,2650225,Edinburgh
Partly cloudy and a moderate breeze,2,3,37,32,20,84,2025-01-31,17,Low chance of precipitation,1012,6,43,05:00,1,Good,2,Partly Cloudy,A moderate breeze from the south west,SW,SW,South Westerly,24,15,2025-01-20T00:00:54+00:00,2025-01-20T00:00:54.404Z,2650225,Edinburgh
Partly cloudy and a moderate breeze,2,3,37,28,17,84,2025-01-31,17,Low chance of precipitation,1012,6,43,06:00,1,Good,2,Partly Cloudy,A moderate breeze from the south west,SW,SW,South Westerly,23,15,2025-01-20T00:00:54+00:00,2025-01-20T00:00:54.404Z,2650225,Edinburgh
Partly cloudy and a moderate breeze,2,3,37,26,16,84,2025-01-31,0,Precipitation is not expected,1012,6,43,07:00,1,Good,2,Partly Cloudy,A moderate breeze from the south west,SW,SW,South Westerly,23,14,2025-01-20T00:00:54+00:00,2025-01-20T00:00:54.404Z,2650225,Edinburgh
Partly cloudy and a moderate breeze,2,3,37,26,16,85,2025-01-31,0,Precipitation is not expected,1013,6,43,08:00,1,Good,2,Partly Cloudy,A moderate breeze from the south west,SW,SW,South Westerly,22,14,2025-01-20T00:00:54+00:00,2025-01-20T00:00:54.404Z,2650225,Edinburgh
Sunny intervals and a moderate breeze,3,3,37,26,16,84,2025-01-31,0,Precipitation is not expected,1013,6,43,09:00,1,Good,3,Sunny Intervals,A moderate breeze from the south west,SW,SW,South Westerly,22,14,2025-01-20T00:00:54+00:00,2025-01-20T00:00:54.404Z,2650225,Edinburgh
Sunny intervals and a moderate breeze,3,3,38,26,16,83,2025-01-31,0,Precipitation is not expected,1013,7,44,10:00,1,Good,3,Sunny Intervals,A moderate breeze from the south west,SW,SW,South Westerly,23,14,2025-01-20T00:00:54+00:00,2025-01-20T00:00:54.404Z,2650225,Edinburgh
Sunny intervals and a moderate breeze,3,4,40,27,17,80,2025-01-31,0,Precipitation is not expected,1013,7,45,11:00,1,Good,3,Sunny Intervals,A moderate breeze from the south west,SW,SW,South Westerly,23,14,2025-01-20T00:00:54+00:00,2025-01-20T00:00:54.404Z,2650225,Edinburgh
Sunny intervals and a moderate breeze,3,5,41,27,17,78,2025-01-31,0,Precipitation is not expected,1013,8,46,12:00,1,Good,3,Sunny Intervals,A moderate breeze from the south west,SW,SW,South Westerly,23,14,2025-01-20T00:00:54+00:00,2025-01-20T00:00:54.404Z,2650225,Edinburgh
Sunny intervals and a moderate breeze,3,5,42,26,16,77,2025-01-31,0,Precipitation is not expected,1013,8,47,13:00,1,Good,3,Sunny Intervals,A moderate breeze from the west south west,WSW,WSW,West South Westerly,23,15,2025-01-20T00:00:54+00:00,2025-01-20T00:00:54.404Z,2650225,Edinburgh
Sunny intervals and a moderate breeze,3,6,42,24,15,76,2025-01-31,0,Precipitation is not expected,1013,8,47,14:00,1,Good,3,Sunny Intervals,A moderate breeze from the west south west,WSW,WSW,West South Westerly,22,14,2025-01-20T00:00:54+00:00,2025-01-20T00:00:54.404Z,2650225,Edinburgh
Sunny intervals and a moderate breeze,3,5,42,22,14,77,2025-01-31,0,Precipitation is not expected,1013,8,46,15:00,1,Good,3,Sunny Intervals,A moderate breeze from the south west,SW,SW,South Westerly,21,13,2025-01-20T00:00:54+00:00,2025-01-20T00:00:54.404Z,2650225,Edinburgh
Sunny intervals and a gentle breeze,3,5,41,22,14,79,2025-01-31,0,Precipitation is not expected,1013,7,45,16:00,1,Good,3,Sunny Intervals,A gentle breeze from the west south west,WSW,WSW,West South Westerly,19,12,2025-01-20T00:00:54+00:00,2025-01-20T00:00:54.404Z,2650225,Edinburgh
Partly cloudy and a gentle breeze,2,4,39,21,13,81,2025-01-31,0,Precipitation is not expected,1013,7,44,17:00,1,Good,2,Partly Cloudy,A gentle breeze from the south west,SW,SW,South Westerly,19,12,2025-01-20T00:00:54+00:00,2025-01-20T00:00:54.404Z,2650225,Edinburgh
Partly cloudy and a gentle breeze,2,3,38,21,13,83,2025-01-31,0,Precipitation is not expected,1013,6,43,18:00,1,Good,2,Partly Cloudy,A gentle breeze from the south west,SW,SW,South Westerly,18,11,2025-01-20T00:00:54+00:00,2025-01-20T00:00:54.404Z,2650225,Edinburgh
Partly cloudy and a gentle breeze,2,3,38,22,14,84,2025-01-31,0,Precipitation is not expected,1013,6,43,19:00,1,Good,2,Partly Cloudy,A gentle breeze from the south west,SW,SW,South Westerly,18,11,2025-01-20T00:00:54+00:00,2025-01-20T00:00:54.404Z,2650225,Edinburgh
Partly cloudy and a gentle breeze,2,3,37,22,14,84,2025-01-31,0,Precipitation is not expected,1014,6,43,20:00,1,Good,2,Partly Cloudy,A gentle breeze from the south west,SW,SW,South Westerly,19,12,2025-01-20T00:00:54+00:00,2025-01-20T00:00:54.404Z,2650225,Edinburgh
Light cloud and a gentle breeze,36,3,37,24,15,84,2025-01-31,0,Precipitation is not expected,1014,6,42,21:00,1,Good,7,Light Cloud,A gentle breeze from the south west,SW,SW,South Westerly,19,12,2025-01-20T00:00:54+00:00,2025-01-20T00:00:54.404Z,2650225,Edinburgh
Partly cloudy and a moderate breeze,2,3,37,26,16,84,2025-01-31,0,Precipitation is not expected,1014,6,43,22:00,1,Good,2,Partly Cloudy,A moderate breeze from the west south west,WSW,WSW,West South Westerly,21,13,2025-01-20T00:00:54+00:00,2025-01-20T00:00:54.404Z,2650225,Edinburgh
Partly cloudy and a moderate breeze,2,3,37,33,21,83,2025-01-31,0,Precipitation is not expected,1014,6,43,23:00,1,Good,2,Partly Cloudy,A moderate breeze from the south west,SW,SW,South Westerly,22,14,2025-01-20T00:00:54+00:00,2025-01-20T00:00:54.404Z,2650225,Edinburgh
Partly cloudy and a moderate breeze,2,3,37,31,19,83,2025-02-01,0,Precipitation is not expected,1015,6,43,00:00,1,Good,2,Partly Cloudy,A moderate breeze from the south west,SW,SW,South Westerly,23,14,2025-01-20T00:00:54+00:00,2025-01-20T00:00:54.404Z,2650225,Edinburgh
Drizzle and a moderate breeze,38,3,38,29,18,83,2025-02-01,33,Chance of precipitation,1015,6,43,01:00,1,Good,11,Drizzle,A moderate breeze from the south west,SW,SW,South Westerly,23,14,2025-01-20T00:00:54+00:00,2025-01-20T00:00:54.404Z,2650225,Edinburgh
Partly cloudy and a moderate breeze,2,3,37,27,17,85,2025-02-01,18,Low chance of precipitation,1015,6,43,02:00,1,Good,2,Partly Cloudy,A moderate breeze from the south west,SW,SW,South Westerly,23,15,2025-01-20T00:00:54+00:00,2025-01-20T00:00:54.404Z,2650225,Edinburgh
Partly cloudy and a moderate breeze,2,3,37,27,17,85,2025-02-01,16,Low chance of precipitation,1015,6,43,03:00,1,Good,2,Partly Cloudy,A moderate breeze from the south west,SW,SW,South Westerly,23,15,2025-01-20T00:00:54+00:00,2025-01-20T00:00:54.404Z,2650225,Edinburgh
Partly cloudy and a moderate breeze,2,3,37,27,17,86,2025-02-01,36,Chance of precipitation,1015,6,43,04:00,1,Good,2,Partly Cloudy,A moderate breeze from the south west,SW,SW,South Westerly,24,15,2025-01-20T00:00:54+00:00,2025-01-20T00:00:54.404Z,2650225,Edinburgh
A clear sky and a moderate breeze,0,3,37,27,17,86,2025-02-01,36,Chance of precipitation,1015,6,43,05:00,1,Good,0,Clear Sky,A moderate breeze from the south west,SW,SW,South Westerly,24,15,2025-01-20T00:00:54+00:00,2025-01-20T00:00:54.404Z,2650225,Edinburgh
A clear sky and a moderate breeze,0,3,38,26,16,86,2025-02-01,36,Chance of precipitation,1015,6,43,06:00,1,Good,0,Clear Sky,A moderate breeze from the south west,SW,SW,South Westerly,23,14,2025-01-20T00:00:54+00:00,2025-01-20T00:00:54.404Z,2650225,Edinburgh
A clear sky and a moderate breeze,0,3,38,26,16,85,2025-02-01,26,Low chance of precipitation,1015,7,44,07:00,1,Good,0,Clear Sky,A moderate breeze from the south west,SW,SW,South Westerly,23,14,2025-01-20T00:00:54+00:00,2025-01-20T00:00:54.404Z,2650225,Edinburgh
A clear sky and a moderate breeze,0,3,38,27,17,85,2025-02-01,26,Low chance of precipitation,1016,7,44,08:00,1,Good,0,Clear Sky,A moderate breeze from the south west,SW,SW,South Westerly,23,14,2025-01-20T00:00:54+00:00,2025-01-20T00:00:54.404Z,2650225,Edinburgh
Sunny and a moderate breeze,1,4,39,27,17,84,2025-02-01,26,Low chance of precipitation,1016,7,44,09:00,1,Good,1,Sunny,A moderate breeze from the south west,SW,SW,South Westerly,23,15,2025-01-20T00:00:54+00:00,2025-01-20T00:00:54.404Z,2650225,Edinburgh
Sunny and a moderate breeze,1,4,40,28,18,82,2025-02-01,26,Low chance of precipitation,1016,7,45,10:00,1,Good,1,Sunny,A moderate breeze from the south west,SW,SW,South Westerly,24,15,2025-01-20T00:00:54+00:00,2025-01-20T00:00:54.404Z,2650225,Edinburgh
Sunny and a moderate breeze,1,5,41,29,18,79,2025-02-01,26,Low chance of precipitation,1016,8,46,11:00,1,Good,1,Sunny,A moderate breeze from the south west,SW,SW,South Westerly,24,15,2025-01-20T00:00:54+00:00,2025-01-20T00:00:54.404Z,2650225,Edinburgh
Sunny and a moderate breeze,1,6,42,29,18,77,2025-02-01,26,Low chance of precipitation,1017,9,47,12:00,1,Good,1,Sunny,A moderate breeze from the south west,SW,SW,South Westerly,25,16,2025-01-20T00:00:54+00:00,2025-01-20T00:00:54.404Z,2650225,Edinburgh
Sunny and a moderate breeze,1,6,43,27,17,75,2025-02-01,18,Low chance of precipitation,1017,9,47,13:00,1,Good,1,Sunny,A moderate breeze from the south west,SW,SW,South Westerly,25,15,2025-01-20T00:00:54+00:00,2025-01-20T00:00:54.404Z,2650225,Edinburgh
Sunny and a moderate breeze,1,6,43,27,17,74,2025-02-01,18,Low chance of precipitation,1017,9,48,14:00,1,Good,1,Sunny,A moderate breeze from the south west,SW,SW,South Westerly,24,15,2025-01-20T00:00:54+00:00,2025-01-20T00:00:54.404Z,2650225,Edinburgh
Sunny and a moderate breeze,1,5,42,26,16,75,2025-02-01,18,Low chance of precipitation,1016,8,47,15:00,1,Good,1,Sunny,A moderate breeze from the south west,SW,SW,South Westerly,22,14,2025-01-20T00:00:54+00:00,2025-01-20T00:00:54.404Z,2650225,Edinburgh
Sunny and a moderate breeze,1,5,41,24,15,76,2025-02-01,0,Precipitation is not expected,1016,8,46,16:00,1,Good,1,Sunny,A moderate breeze from the south west,SW,SW,South Westerly,21,13,2025-01-20T00:00:54+00:00,2025-01-20T00:00:54.404Z,2650225,Edinburgh
Partly cloudy and a moderate breeze,2,4,39,23,14,78,2025-02-01,0,Precipitation is not expected,1016,7,45,17:00,1,Good,2,Partly Cloudy,A moderate breeze from the south west,SW,SW,South Westerly,20,13,2025-01-20T00:00:54+00:00,2025-01-20T00:00:54.404Z,2650225,Edinburgh
Partly cloudy and a gentle breeze,2,4,39,24,15,80,2025-02-01,0,Precipitation is not expected,1016,7,44,18:00,1,Good,2,Partly Cloudy,A gentle breeze from the south west,SW,SW,South Westerly,20,12,2025-01-20T00:00:54+00:00,2025-01-20T00:00:54.404Z,2650225,Edinburgh
Partly cloudy and a moderate breeze,2,3,38,25,15,81,2025-02-01,0,Precipitation is not expected,1016,6,43,19:00,1,Good,2,Partly Cloudy,A moderate breeze from the south west,SW,SW,South Westerly,20,13,2025-01-20T00:00:54+00:00,2025-01-20T00:00:54.404Z,2650225,Edinburgh
Partly cloudy and a moderate breeze,2,3,37,26,16,82,2025-02-01,0,Precipitation is not expected,1016,6,43,20:00,1,Good,2,Partly Cloudy,A moderate breeze from the south west,SW,SW,South Westerly,21,13,2025-01-20T00:00:54+00:00,2025-01-20T00:00:54.404Z,2650225,Edinburgh
Partly cloudy and a moderate breeze,2,3,37,27,17,83,2025-02-01,0,Precipitation is not expected,1016,6,43,21:00,1,Good,2,Partly Cloudy,A moderate breeze from the south west,SW,SW,South Westerly,22,14,2025-01-20T00:00:54+00:00,2025-01-20T00:00:54.404Z,2650225,Edinburgh
Partly cloudy and a moderate breeze,2,2,36,29,18,84,2025-02-01,0,Precipitation is not expected,1016,6,43,22:00,1,Good,2,Partly Cloudy,A moderate breeze from the south west,SW,SW,South Westerly,23,14,2025-01-20T00:00:54+00:00,2025-01-20T00:00:54.404Z,2650225,Edinburgh
Partly cloudy and a moderate breeze,2,3,37,31,19,84,2025-02-01,0,Precipitation is not expected,1016,6,43,23:00,1,Good,2,Partly Cloudy,A moderate breeze from the south west,SW,SW,South Westerly,23,14,2025-01-20T00:00:54+00:00,2025-01-20T00:00:54.404Z,2650225,Edinburgh
Partly cloudy and a moderate breeze,2,3,37,29,18,84,2025-02-02,0,Precipitation is not expected,1016,6,43,00:00,1,Good,2,Partly Cloudy,A moderate breeze from the south west,SW,SW,South Westerly,24,15,2025-01-20T00:00:54+00:00,2025-01-20T00:00:54.404Z,2650225,Edinburgh
Partly cloudy and a moderate breeze,2,3,37,27,17,84,2025-02-02,23,Low chance of precipitation,1015,6,43,01:00,1,Good,2,Partly Cloudy,A moderate breeze from the south west,SW,SW,South Westerly,24,15,2025-01-20T00:00:54+00:00,2025-01-20T00:00:54.404Z,2650225,Edinburgh
Partly cloudy and a moderate breeze,2,3,38,27,17,85,2025-02-02,23,Low chance of precipitation,1015,6,43,02:00,1,Good,2,Partly Cloudy,A moderate breeze from the south west,SW,SW,South Westerly,23,15,2025-01-20T00:00:54+00:00,2025-01-20T00:00:54.404Z,2650225,Edinburgh
Light cloud and a moderate breeze,36,3,38,28,17,86,2025-02-02,23,Low chance of precipitation,1014,6,43,03:00,1,Good,7,Light Cloud,A moderate breeze from the south west,SW,SW,South Westerly,23,15,2025-01-20T00:00:54+00:00,2025-01-20T00:00:54.404Z,2650225,Edinburgh
Light cloud and a moderate breeze,36,3,37,31,19,86,2025-02-02,0,Precipitation is not expected,1014,6,43,04:00,1,Good,7,Light Cloud,A moderate breeze from the south west,SW,SW,South Westerly,24,15,2025-01-20T00:00:54+00:00,2025-01-20T00:00:54.404Z,2650225,Edinburgh
Partly cloudy and a moderate breeze,2,3,37,34,21,86,2025-02-02,0,Precipitation is not expected,1013,6,43,05:00,1,Good,2,Partly Cloudy,A moderate breeze from the south west,SW,SW,South Westerly,24,15,2025-01-20T00:00:54+00:00,2025-01-20T00:00:54.404Z,2650225,Edinburgh
