enhancedWeatherDescription,extendedWeatherType,feelsLikeTemperatureC,feelsLikeTemperatureF,gustSpeedKph,gustSpeedMph,humidity,localDate,precipitationProbabilityInPercent,precipitationProbabilityText,pressure,temperatureC,temperatureF,timeslot,timeslotLength,visibility,weatherType,weatherTypeText,windDescription,windDirection,windDirectionAbbreviation,windDirectionFull,windSpeedKph,windSpeedMph,issueDate,lastUpdated,location_id,location_name
Sunny intervals and a gentle breeze,3,13,54,31,19,83,2024-04-12,0,Precipitation is not expected,1029,13,55,10:00,1,Good,3,Sunny Intervals,A gentle breeze from the south west,SW,SW,South Westerly,13,8,2024-04-11T22:41:00+01:00,2024-04-12T09:02:21.287+01:00,2653822,Cardiff
Sunny intervals and a gentle breeze,3,14,57,30,19,81,2024-04-12,0,Precipitation is not expected,1029,14,57,11:00,1,Good,3,Sunny Intervals,A gentle breeze from the south west,SW,SW,South Westerly,13,8,2024-04-11T22:41:00+01:00,2024-04-12T09:02:21.287+01:00,2653822,Cardiff
Sunny intervals and a gentle breeze,3,15,59,29,18,78,2024-04-12,0,Precipitation is not expected,1028,15,58,12:00,1,Good,3,Sunny Intervals,A gentle breeze from the south west,SW,SW,South Westerly,14,9,2024-04-11T22:41:00+01:00,2024-04-12T09:02:21.287+01:00,2653822,Cardiff
Sunny intervals and a gentle breeze,3,17,62,31,19,74,2024-04-12,0,Precipitation is not expected,1028,16,61,13:00,1,Good,3,Sunny Intervals,A gentle breeze from the south west,SW,SW,South Westerly,14,9,2024-04-11T22:41:00+01:00,2024-04-12T09:02:21.287+01:00,2653822,Cardiff
Sunny and a gentle breeze,1,17,63,31,19,73,2024-04-12,0,Precipitation is not expected,1028,16,61,14:00,1,Good,1,Sunny,A gentle breeze from the west south west,WSW,WSW,West South Westerly,14,9,2024-04-11T22:41:00+01:00,2024-04-12T09:02:21.287+01:00,2653822,Cardiff
Sunny and a gentle breeze,1,18,64,32,20,73,2024-04-12,0,Precipitation is not expected,1027,17,62,15:00,1,Good,1,Sunny,A gentle breeze from the west south west,WSW,WSW,West South Westerly,16,10,2024-04-11T22:41:00+01:00,2024-04-12T09:02:21.287+01:00,2653822,Cardiff
Sunny and a gentle breeze,1,18,64,32,20,73,2024-04-12,0,Precipitation is not expected,1026,17,62,16:00,1,Good,1,Sunny,A gentle breeze from the west south west,WSW,WSW,West South Westerly,16,10,2024-04-11T22:41:00+01:00,2024-04-12T09:02:21.287+01:00,2653822,Cardiff
Sunny and a gentle breeze,1,16,61,32,20,77,2024-04-12,0,Precipitation is not expected,1026,16,60,17:00,1,Good,1,Sunny,A gentle breeze from the west south west,WSW,WSW,West South Westerly,17,10,2024-04-11T22:41:00+01:00,2024-04-12T09:02:21.287+01:00,2653822,Cardiff
Sunny and a gentle breeze,1,15,59,32,20,79,2024-04-12,0,Precipitation is not expected,1026,15,59,18:00,1,Good,1,Sunny,A gentle breeze from the west,W,W,Westerly,17,11,2024-04-11T22:41:00+01:00,2024-04-12T09:02:21.287+01:00,2653822,Cardiff
Sunny intervals and a gentle breeze,3,14,57,31,19,83,2024-04-12,0,Precipitation is not expected,1026,14,57,19:00,1,Good,3,Sunny Intervals,A gentle breeze from the west,W,W,Westerly,17,10,2024-04-11T22:41:00+01:00,2024-04-12T09:02:21.287+01:00,2653822,Cardiff
Sunny intervals and a gentle breeze,3,12,54,30,19,86,2024-04-12,0,Precipitation is not expected,1026,13,55,20:00,1,Good,3,Sunny Intervals,A gentle breeze from the west,W,W,Westerly,16,10,2024-04-11T22:41:00+01:00,2024-04-12T09:02:21.287+01:00,2653822,Cardiff
Partly cloudy and a gentle breeze,2,12,53,29,18,87,2024-04-12,0,Precipitation is not expected,1026,12,54,21:00,1,Good,2,Partly Cloudy,A gentle breeze from the west,W,W,Westerly,15,9,2024-04-11T22:41:00+01:00,2024-04-12T09:02:21.287+01:00,2653822,Cardiff
Partly cloudy and a gentle breeze,2,11,52,27,17,90,2024-04-12,0,Precipitation is not expected,1026,12,53,22:00,1,Good,2,Partly Cloudy,A gentle breeze from the west,W,W,Westerly,15,9,2024-04-11T22:41:00+01:00,2024-04-12T09:02:21.287+01:00,2653822,Cardiff
Partly cloudy and a gentle breeze,2,11,51,25,16,93,2024-04-12,0,Precipitation is not expected,1026,11,52,23:00,1,Good,2,Partly Cloudy,A gentle breeze from the west,W,W,Westerly,13,8,2024-04-11T22:41:00+01:00,2024-04-12T09:02:21.287+01:00,2653822,Cardiff
Partly cloudy and light winds,2,11,51,23,15,93,2024-04-13,0,Precipitation is not expected,1026,11,52,00:00,1,Good,2,Partly Cloudy,Light winds from the west,W,W,Westerly,12,7,2024-04-11T22:41:00+01:00,2024-04-12T09:02:21.287+01:00,2653822,Cardiff
Partly cloudy and light winds,2,10,51,21,13,94,2024-04-13,0,Precipitation is not expected,1026,11,51,01:00,1,Good,2,Partly Cloudy,Light winds from the west,W,W,Westerly,10,6,2024-04-11T22:41:00+01:00,2024-04-12T09:02:21.287+01:00,2653822,Cardiff
Partly cloudy and light winds,2,10,50,18,11,94,2024-04-13,0,Precipitation is not expected,1025,10,51,02:00,1,Moderate,2,Partly Cloudy,Light winds from the west,W,W,Westerly,8,5,2024-04-11T22:41:00+01:00,2024-04-12T09:02:21.287+01:00,2653822,Cardiff
Partly cloudy and light winds,2,10,50,14,9,95,2024-04-13,0,Precipitation is not expected,1025,10,50,03:00,1,Moderate,2,Partly Cloudy,Light winds from the west,W,W,Westerly,8,5,2024-04-11T22:41:00+01:00,2024-04-12T09:02:21.287+01:00,2653822,Cardiff
Partly cloudy and light winds,2,10,50,14,9,95,2024-04-13,0,Precipitation is not expected,1025,10,50,04:00,1,Moderate,2,Partly Cloudy,Light winds from the west south west,WSW,WSW,West South Westerly,6,4,2024-04-11T22:41:00+01:00,2024-04-12T09:02:21.287+01:00,2653822,Cardiff
Partly cloudy and light winds,2,10,50,13,8,96,2024-04-13,0,Precipitation is not expected,1024,10,49,05:00,1,Moderate,2,Partly Cloudy,Light winds from the west south west,WSW,WSW,West South Westerly,5,3,2024-04-11T22:41:00+01:00,2024-04-12T09:02:21.287+01:00,2653822,Cardiff
Partly cloudy and light winds,2,10,49,12,8,95,2024-04-13,0,Precipitation is not expected,1024,9,49,06:00,1,Good,2,Partly Cloudy,Light winds from the west south west,WSW,WSW,West South Westerly,5,3,2024-04-11T22:41:00+01:00,2024-04-12T09:02:21.287+01:00,2653822,Cardiff
Sunny intervals and light winds,3,9,49,14,9,95,2024-04-13,0,Precipitation is not expected,1024,9,49,07:00,1,Good,3,Sunny Intervals,Light winds from the south west,SW,SW,South Westerly,5,3,2024-04-11T22:41:00+01:00,2024-04-12T09:02:21.287+01:00,2653822,Cardiff
Sunny intervals and light winds,3,10,50,18,11,91,2024-04-13,0,Precipitation is not expected,1024,10,50,08:00,1,Good,3,Sunny Intervals,Light winds from the south west,SW,SW,South Westerly,6,4,2024-04-11T22:41:00+01:00,2024-04-12T09:02:21.287+01:00,2653822,Cardiff
Sunny intervals and light winds,3,11,51,21,13,87,2024-04-13,0,Precipitation is not expected,1023,11,52,09:00,1,Good,3,Sunny Intervals,Light winds from the south west,SW,SW,South Westerly,8,5,2024-04-11T22:41:00+01:00,2024-04-12T09:02:21.287+01:00,2653822,Cardiff
Sunny intervals and light winds,3,12,53,24,15,83,2024-04-13,0,Precipitation is not expected,1023,12,54,10:00,1,Good,3,Sunny Intervals,Light winds from the south west,SW,SW,South Westerly,10,6,2024-04-11T22:41:00+01:00,2024-04-12T09:02:21.287+01:00,2653822,Cardiff
Sunny intervals and light winds,3,13,55,33,21,80,2024-04-13,0,Precipitation is not expected,1022,13,55,11:00,1,Good,3,Sunny Intervals,Light winds from the south west,SW,SW,South Westerly,11,7,2024-04-11T22:41:00+01:00,2024-04-12T09:02:21.287+01:00,2653822,Cardiff
Sunny intervals and a gentle breeze,3,14,57,39,24,77,2024-04-13,0,Precipitation is not expected,1022,14,57,12:00,1,Good,3,Sunny Intervals,A gentle breeze from the west south west,WSW,WSW,West South Westerly,15,9,2024-04-11T22:41:00+01:00,2024-04-12T09:02:21.287+01:00,2653822,Cardiff
Sunny intervals and a gentle breeze,3,15,58,44,27,76,2024-04-13,0,Precipitation is not expected,1022,15,58,13:00,1,Good,3,Sunny Intervals,A gentle breeze from the west south west,WSW,WSW,West South Westerly,18,11,2024-04-11T22:41:00+01:00,2024-04-12T09:02:21.287+01:00,2653822,Cardiff
Light cloud and a moderate breeze,7,14,57,47,29,79,2024-04-13,0,Precipitation is not expected,1021,14,57,14:00,1,Good,7,Light Cloud,A moderate breeze from the west south west,WSW,WSW,West South Westerly,21,13,2024-04-11T22:41:00+01:00,2024-04-12T09:02:21.287+01:00,2653822,Cardiff
Light cloud and a moderate breeze,7,13,56,50,31,81,2024-04-13,0,Precipitation is not expected,1021,14,57,15:00,1,Good,7,Light Cloud,A moderate breeze from the west south west,WSW,WSW,West South Westerly,24,15,2024-04-11T22:41:00+01:00,2024-04-12T09:02:21.287+01:00,2653822,Cardiff
Light cloud and a moderate breeze,7,13,55,50,31,82,2024-04-13,26,Low chance of precipitation,1020,13,56,16:00,1,Good,7,Light Cloud,A moderate breeze from the west,W,W,Westerly,26,16,2024-04-11T22:41:00+01:00,2024-04-12T09:02:21.287+01:00,2653822,Cardiff
Sunny intervals and a moderate breeze,3,12,54,51,32,81,2024-04-13,0,Precipitation is not expected,1020,13,55,17:00,1,Good,3,Sunny Intervals,A moderate breeze from the west,W,W,Westerly,26,16,2024-04-11T22:41:00+01:00,2024-04-12T09:02:21.287+01:00,2653822,Cardiff
Sunny intervals and a moderate breeze,3,11,52,49,31,79,2024-04-13,0,Precipitation is not expected,1020,12,54,18:00,1,Good,3,Sunny Intervals,A moderate breeze from the west,W,W,Westerly,26,16,2024-04-11T22:41:00+01:00,2024-04-12T09:02:21.287+01:00,2653822,Cardiff
Sunny intervals and a moderate breeze,3,11,51,43,27,82,2024-04-13,0,Precipitation is not expected,1021,12,53,19:00,1,Good,3,Sunny Intervals,A moderate breeze from the west,W,W,Westerly,24,15,2024-04-11T22:41:00+01:00,2024-04-12T09:02:21.287+01:00,2653822,Cardiff
Sunny intervals and a moderate breeze,3,10,49,36,23,82,2024-04-13,0,Precipitation is not expected,1022,11,52,20:00,1,Good,3,Sunny Intervals,A moderate breeze from the west,W,W,Westerly,22,14,2024-04-11T22:41:00+01:00,2024-04-12T09:02:21.287+01:00,2653822,Cardiff
Partly cloudy and a gentle breeze,2,9,49,32,20,83,2024-04-13,0,Precipitation is not expected,1023,11,51,21:00,1,Good,2,Partly Cloudy,A gentle breeze from the west,W,W,Westerly,18,11,2024-04-11T22:41:00+01:00,2024-04-12T09:02:21.287+01:00,2653822,Cardiff
Partly cloudy and a gentle breeze,2,9,47,27,17,83,2024-04-13,0,Precipitation is not expected,1024,10,50,22:00,1,Good,2,Partly Cloudy,A gentle breeze from the west,W,W,Westerly,15,9,2024-04-11T22:41:00+01:00,2024-04-12T09:02:21.287+01:00,2653822,Cardiff
A clear sky and a gentle breeze,0,8,46,23,14,83,2024-04-13,0,Precipitation is not expected,1024,9,48,23:00,1,Good,0,Clear Sky,A gentle breeze from the west,W,W,Westerly,13,8,2024-04-11T22:41:00+01:00,2024-04-12T09:02:21.287+01:00,2653822,Cardiff
A clear sky and light winds,0,7,45,19,12,83,2024-04-14,0,Precipitation is not expected,1024,9,47,00:00,1,Good,0,Clear Sky,Light winds from the west,W,W,Westerly,11,7,2024-04-11T22:41:00+01:00,2024-04-12T09:02:21.287+01:00,2653822,Cardiff
A clear sky and light winds,0,6,43,24,15,83,2024-04-14,0,Precipitation is not expected,1025,8,46,01:00,1,Good,0,Clear Sky,Light winds from the west north west,WNW,WNW,West North Westerly,9,6,2024-04-11T22:41:00+01:00,2024-04-12T09:02:21.287+01:00,2653822,Cardiff
A clear sky and light winds,0,6,43,25,16,80,2024-04-14,0,Precipitation is not expected,1024,8,46,02:00,1,Good,0,Clear Sky,Light winds from the west north west,WNW,WNW,West North Westerly,12,7,2024-04-11T22:41:00+01:00,2024-04-12T09:02:21.287+01:00,2653822,Cardiff
A clear sky and light winds,0,5,42,23,15,81,2024-04-14,0,Precipitation is not expected,1024,7,45,03:00,1,Good,0,Clear Sky,Light winds from the west north west,WNW,WNW,West North Westerly,11,7,2024-04-11T22:41:00+01:00,2024-04-12T09:02:21.287+01:00,2653822,Cardiff
A clear sky and light winds,0,5,41,22,14,81,2024-04-14,0,Precipitation is not expected,1024,7,44,04:00,1,Good,0,Clear Sky,Light winds from the west north west,WNW,WNW,West North Westerly,9,6,2024-04-11T22:41:00+01:00,2024-04-12T09:02:21.287+01:00,2653822,Cardiff
A clear sky and light winds,0,5,41,19,12,83,2024-04-14,0,Precipitation is not expected,1025,7,44,05:00,1,Good,0,Clear Sky,Light winds from the west north west,WNW,WNW,West North Westerly,9,6,2024-04-11T22:41:00+01:00,2024-04-12T09:02:21.287+01:00,2653822,Cardiff
A clear sky and light winds,0,5,41,18,11,83,2024-04-14,0,Precipitation is not expected,1025,6,43,06:00,1,Good,0,Clear Sky,Light winds from the west north west,WNW,WNW,West North Westerly,8,5,2024-04-11T22:41:00+01:00,2024-04-12T09:02:21.287+01:00,2653822,Cardiff
Sunny and light winds,1,6,43,20,13,84,2024-04-14,0,Precipitation is not expected,1025,6,43,07:00,1,Good,1,Sunny,Light winds from the west north west,WNW,WNW,West North Westerly,7,4,2024-04-11T22:41:00+01:00,2024-04-12T09:02:21.287+01:00,2653822,Cardiff
Sunny intervals and light winds,3,6,43,24,15,81,2024-04-14,0,Precipitation is not expected,1025,7,45,08:00,1,Good,3,Sunny Intervals,Light winds from the west,W,W,Westerly,8,5,2024-04-11T22:41:00+01:00,2024-04-12T09:02:21.287+01:00,2653822,Cardiff
Sunny intervals and light winds,3,7,45,27,17,75,2024-04-14,0,Precipitation is not expected,1025,9,47,09:00,1,Good,3,Sunny Intervals,Light winds from the west,W,W,Westerly,10,6,2024-04-11T22:41:00+01:00,2024-04-12T09:02:21.287+01:00,2653822,Cardiff
Sunny intervals and a gentle breeze,3,8,47,29,18,70,2024-04-14,0,Precipitation is not expected,1025,10,50,10:00,1,Good,3,Sunny Intervals,A gentle breeze from the west,W,W,Westerly,12,8,2024-04-11T22:41:00+01:00,2024-04-12T09:02:21.287+01:00,2653822,Cardiff
Sunny intervals and a gentle breeze,3,9,48,30,19,67,2024-04-14,0,Precipitation is not expected,1025,10,51,11:00,1,Good,3,Sunny Intervals,A gentle breeze from the west,W,W,Westerly,14,9,2024-04-11T22:41:00+01:00,2024-04-12T09:02:21.287+01:00,2653822,Cardiff
Sunny intervals and a gentle breeze,3,9,49,32,20,64,2024-04-14,0,Precipitation is not expected,1025,11,52,12:00,1,Good,3,Sunny Intervals,A gentle breeze from the west,W,W,Westerly,17,11,2024-04-11T22:41:00+01:00,2024-04-12T09:02:21.287+01:00,2653822,Cardiff
Sunny intervals and a gentle breeze,3,10,50,35,22,61,2024-04-14,0,Precipitation is not expected,1025,11,53,13:00,1,Good,3,Sunny Intervals,A gentle breeze from the west,W,W,Westerly,19,12,2024-04-11T22:41:00+01:00,2024-04-12T09:02:21.287+01:00,2653822,Cardiff
Sunny intervals and a gentle breeze,3,9,49,38,24,61,2024-04-14,0,Precipitation is not expected,1024,11,52,14:00,1,Good,3,Sunny Intervals,A gentle breeze from the west,W,W,Westerly,20,12,2024-04-11T22:41:00+01:00,2024-04-12T09:02:21.287+01:00,2653822,Cardiff
Sunny intervals and a moderate breeze,3,9,49,40,25,60,2024-04-14,0,Precipitation is not expected,1024,11,53,15:00,1,Good,3,Sunny Intervals,A moderate breeze from the west,W,W,Westerly,21,13,2024-04-11T22:41:00+01:00,2024-04-12T09:02:21.287+01:00,2653822,Cardiff
Sunny intervals and a moderate breeze,3,9,49,42,26,61,2024-04-14,0,Precipitation is not expected,1023,11,52,16:00,1,Good,3,Sunny Intervals,A moderate breeze from the west,W,W,Westerly,23,14,2024-04-11T22:41:00+01:00,2024-04-12T09:02:21.287+01:00,2653822,Cardiff
Sunny intervals and a moderate breeze,3,9,48,43,27,64,2024-04-14,0,Precipitation is not expected,1022,11,52,17:00,1,Good,3,Sunny Intervals,A moderate breeze from the west,W,W,Westerly,23,14,2024-04-11T22:41:00+01:00,2024-04-12T09:02:21.287+01:00,2653822,Cardiff
Sunny intervals and a moderate breeze,3,8,47,44,28,67,2024-04-14,0,Precipitation is not expected,1022,10,51,18:00,1,Good,3,Sunny Intervals,A moderate breeze from the west,W,W,Westerly,23,14,2024-04-11T22:41:00+01:00,2024-04-12T09:02:21.287+01:00,2653822,Cardiff
Sunny intervals and a moderate breeze,3,8,46,44,28,70,2024-04-14,0,Precipitation is not expected,1021,10,50,19:00,1,Good,3,Sunny Intervals,A moderate breeze from the west,W,W,Westerly,22,14,2024-04-11T22:41:00+01:00,2024-04-12T09:02:21.287+01:00,2653822,Cardiff
Sunny intervals and a moderate breeze,3,7,45,44,28,73,2024-04-14,0,Precipitation is not expected,1021,9,49,20:00,1,Good,3,Sunny Intervals,A moderate breeze from the west,W,W,Westerly,21,13,2024-04-11T22:41:00+01:00,2024-04-12T09:02:21.287+01:00,2653822,Cardiff
Partly cloudy and a moderate breeze,2,7,44,44,28,75,2024-04-14,0,Precipitation is not expected,1021,9,48,21:00,1,Good,2,Partly Cloudy,A moderate breeze from the west,W,W,Westerly,21,13,2024-04-11T22:41:00+01:00,2024-04-12T09:02:21.287+01:00,2653822,Cardiff
Partly cloudy and a moderate breeze,2,6,44,48,30,78,2024-04-14,0,Precipitation is not expected,1021,9,48,22:00,1,Good,2,Partly Cloudy,A moderate breeze from the west,W,W,Westerly,21,13,2024-04-11T22:41:00+01:00,2024-04-12T09:02:21.287+01:00,2653822,Cardiff
Partly cloudy and a moderate breeze,2,7,44,52,32,79,2024-04-14,10,Low chance of precipitation,1020,9,48,23:00,1,Good,2,Partly Cloudy,A moderate breeze from the west south west,WSW,WSW,West South Westerly,22,14,2024-04-11T22:41:00+01:00,2024-04-12T09:02:21.287+01:00,2653822,Cardiff
Light cloud and a moderate breeze,36,7,44,55,34,80,2024-04-15,18,Low chance of precipitation,1019,9,48,00:00,1,Good,7,Light Cloud,A moderate breeze from the west south west,WSW,WSW,West South Westerly,24,15,2024-04-11T22:41:00+01:00,2024-04-12T09:02:21.287+01:00,2653822,Cardiff
Light cloud and a moderate breeze,36,7,44,58,36,81,2024-04-15,21,Low chance of precipitation,1018,9,48,01:00,1,Good,7,Light Cloud,A moderate breeze from the west south west,WSW,WSW,West South Westerly,26,16,2024-04-11T22:41:00+01:00,2024-04-12T09:02:21.287+01:00,2653822,Cardiff
Light rain showers and a moderate breeze,9,6,43,62,38,83,2024-04-15,62,Chance of precipitation,1017,9,48,02:00,1,Good,9,Light Rain Showers,A moderate breeze from the west south west,WSW,WSW,West South Westerly,27,17,2024-04-11T22:41:00+01:00,2024-04-12T09:02:21.287+01:00,2653822,Cardiff
Gusty winds and light rain showers,9,6,44,65,40,85,2024-04-15,70,Chance of precipitation,1016,9,48,03:00,1,Good,9,Light Rain Showers,Gusty winds from the west south west,WSW,WSW,West South Westerly,29,18,2024-04-11T22:41:00+01:00,2024-04-12T09:02:21.287+01:00,2653822,Cardiff
Gusty winds and light rain showers,9,6,43,67,41,86,2024-04-15,70,Chance of precipitation,1015,9,48,04:00,1,Good,9,Light Rain Showers,Gusty winds from the west,W,W,Westerly,29,18,2024-04-11T22:41:00+01:00,2024-04-12T09:02:21.287+01:00,2653822,Cardiff
Gusty winds and rain,39,7,44,68,43,85,2024-04-15,70,Chance of precipitation,1015,9,48,05:00,1,Good,12,Light Rain,Gusty winds from the west,W,W,Westerly,31,19,2024-04-11T22:41:00+01:00,2024-04-12T09:02:21.287+01:00,2653822,Cardiff
Gusty winds and rain,39,6,43,70,43,85,2024-04-15,70,Chance of precipitation,1014,9,48,06:00,1,Good,12,Light Rain,Gusty winds from the west,W,W,Westerly,32,20,2024-04-11T22:41:00+01:00,2024-04-12T09:02:21.287+01:00,2653822,Cardiff
Gusty winds and rain,12,6,43,71,44,85,2024-04-15,70,Chance of precipitation,1014,9,48,07:00,1,Good,12,Light Rain,Gusty winds from the west,W,W,Westerly,32,20,2024-04-11T22:41:00+01:00,2024-04-12T09:02:21.287+01:00,2653822,Cardiff
Gusty winds and light rain showers,10,7,44,71,44,83,2024-04-15,66,Chance of precipitation,1013,9,49,08:00,1,Good,10,Light Rain Showers,Gusty winds from the west,W,W,Westerly,33,21,2024-04-11T22:41:00+01:00,2024-04-12T09:02:21.287+01:00,2653822,Cardiff
Gusty winds and light rain showers,10,7,45,72,45,80,2024-04-15,43,Chance of precipitation,1013,10,50,09:00,1,Good,10,Light Rain Showers,Gusty winds from the west,W,W,Westerly,34,21,2024-04-11T22:41:00+01:00,2024-04-12T09:02:21.287+01:00,2653822,Cardiff
Gusty winds and light rain showers,10,8,46,71,44,77,2024-04-15,36,Chance of precipitation,1013,10,50,10:00,1,Good,10,Light Rain Showers,Gusty winds from the west,W,W,Westerly,35,22,2024-04-11T22:41:00+01:00,2024-04-12T09:02:21.287+01:00,2653822,Cardiff
Gusty winds and sunny intervals,3,8,46,70,43,73,2024-04-15,19,Low chance of precipitation,1014,11,51,11:00,1,Good,3,Sunny Intervals,Gusty winds from the west,W,W,Westerly,35,22,2024-04-11T22:41:00+01:00,2024-04-12T09:02:21.287+01:00,2653822,Cardiff
Gusty winds and sunny intervals,3,8,47,68,43,68,2024-04-15,19,Low chance of precipitation,1014,11,52,12:00,1,Good,3,Sunny Intervals,Gusty winds from the west,W,W,Westerly,36,23,2024-04-11T22:41:00+01:00,2024-04-12T09:02:21.287+01:00,2653822,Cardiff
Gusty winds and light cloud,7,9,48,67,41,63,2024-04-15,20,Low chance of precipitation,1014,11,52,13:00,1,Good,7,Light Cloud,Gusty winds from the west north west,WNW,WNW,West North Westerly,36,23,2024-04-11T22:41:00+01:00,2024-04-12T09:02:21.287+01:00,2653822,Cardiff
Gusty winds and light rain showers,10,9,48,65,41,62,2024-04-15,30,Low chance of precipitation,1015,11,52,14:00,1,Good,10,Light Rain Showers,Gusty winds from the west north west,WNW,WNW,West North Westerly,35,22,2024-04-11T22:41:00+01:00,2024-04-12T09:02:21.287+01:00,2653822,Cardiff
Gusty winds and light rain showers,10,9,48,64,40,61,2024-04-15,33,Chance of precipitation,1015,11,53,15:00,1,Good,10,Light Rain Showers,Gusty winds from the west north west,WNW,WNW,West North Westerly,35,22,2024-04-11T22:41:00+01:00,2024-04-12T09:02:21.287+01:00,2653822,Cardiff
Light rain showers and a fresh breeze,10,9,48,61,38,60,2024-04-15,35,Chance of precipitation,1015,11,53,16:00,1,Good,10,Light Rain Showers,A fresh breeze from the west north west,WNW,WNW,West North Westerly,35,22,2024-04-11T22:41:00+01:00,2024-04-12T09:02:21.287+01:00,2653822,Cardiff
Light rain showers and a fresh breeze,10,9,48,59,37,61,2024-04-15,42,Chance of precipitation,1016,11,52,17:00,1,Good,10,Light Rain Showers,A fresh breeze from the west north west,WNW,WNW,West North Westerly,32,20,2024-04-11T22:41:00+01:00,2024-04-12T09:02:21.287+01:00,2653822,Cardiff
Light rain showers and a moderate breeze,10,8,47,56,35,63,2024-04-15,55,Chance of precipitation,1016,11,51,18:00,1,Good,10,Light Rain Showers,A moderate breeze from the west north west,WNW,WNW,West North Westerly,29,18,2024-04-11T22:41:00+01:00,2024-04-12T09:02:21.287+01:00,2653822,Cardiff
Light rain showers and a moderate breeze,10,7,45,55,34,66,2024-04-15,57,Chance of precipitation,1016,10,50,19:00,1,Good,10,Light Rain Showers,A moderate breeze from the west north west,WNW,WNW,West North Westerly,27,17,2024-04-11T22:41:00+01:00,2024-04-12T09:02:21.287+01:00,2653822,Cardiff
Sunny intervals and a moderate breeze,3,7,44,53,33,68,2024-04-15,0,Precipitation is not expected,1017,9,49,20:00,1,Good,3,Sunny Intervals,A moderate breeze from the west north west,WNW,WNW,West North Westerly,24,15,2024-04-11T22:41:00+01:00,2024-04-12T09:02:21.287+01:00,2653822,Cardiff
Partly cloudy and a moderate breeze,2,6,43,52,32,69,2024-04-15,0,Precipitation is not expected,1018,9,47,21:00,1,Good,2,Partly Cloudy,A moderate breeze from the west north west,WNW,WNW,West North Westerly,22,14,2024-04-11T22:41:00+01:00,2024-04-12T09:02:21.287+01:00,2653822,Cardiff
Partly cloudy and a moderate breeze,2,5,42,49,31,71,2024-04-15,0,Precipitation is not expected,1018,8,47,22:00,1,Good,2,Partly Cloudy,A moderate breeze from the west north west,WNW,WNW,West North Westerly,22,14,2024-04-11T22:41:00+01:00,2024-04-12T09:02:21.287+01:00,2653822,Cardiff
Partly cloudy and a moderate breeze,2,5,41,47,29,72,2024-04-15,0,Precipitation is not expected,1019,8,46,23:00,1,Good,2,Partly Cloudy,A moderate breeze from the west north west,WNW,WNW,West North Westerly,22,14,2024-04-11T22:41:00+01:00,2024-04-12T09:02:21.287+01:00,2653822,Cardiff
Partly cloudy and a moderate breeze,2,5,40,44,27,72,2024-04-16,6,Low chance of precipitation,1019,7,45,00:00,1,Good,2,Partly Cloudy,A moderate breeze from the west north west,WNW,WNW,West North Westerly,22,14,2024-04-11T22:41:00+01:00,2024-04-12T09:02:21.287+01:00,2653822,Cardiff
Partly cloudy and a moderate breeze,2,4,39,44,27,73,2024-04-16,0,Precipitation is not expected,1019,7,45,01:00,1,Good,2,Partly Cloudy,A moderate breeze from the west north west,WNW,WNW,West North Westerly,21,13,2024-04-11T22:41:00+01:00,2024-04-12T09:02:21.287+01:00,2653822,Cardiff
Partly cloudy and a moderate breeze,2,4,38,44,27,74,2024-04-16,0,Precipitation is not expected,1020,7,44,02:00,1,Good,2,Partly Cloudy,A moderate breeze from the west north west,WNW,WNW,West North Westerly,21,13,2024-04-11T22:41:00+01:00,2024-04-12T09:02:21.287+01:00,2653822,Cardiff
Partly cloudy and a moderate breeze,2,3,38,44,27,76,2024-04-16,0,Precipitation is not expected,1020,7,44,03:00,1,Good,2,Partly Cloudy,A moderate breeze from the west north west,WNW,WNW,West North Westerly,21,13,2024-04-11T22:41:00+01:00,2024-04-12T09:02:21.287+01:00,2653822,Cardiff
Partly cloudy and a moderate breeze,2,3,38,43,27,77,2024-04-16,0,Precipitation is not expected,1020,6,43,04:00,1,Good,2,Partly Cloudy,A moderate breeze from the west north west,WNW,WNW,West North Westerly,21,13,2024-04-11T22:41:00+01:00,2024-04-12T09:02:21.287+01:00,2653822,Cardiff
Partly cloudy and a moderate breeze,2,3,38,42,26,77,2024-04-16,0,Precipitation is not expected,1020,7,44,05:00,1,Good,2,Partly Cloudy,A moderate breeze from the west north west,WNW,WNW,West North Westerly,21,13,2024-04-11T22:41:00+01:00,2024-04-12T09:02:21.287+01:00,2653822,Cardiff
Partly cloudy and a gentle breeze,2,4,38,41,25,77,2024-04-16,0,Precipitation is not expected,1021,7,44,06:00,1,Good,2,Partly Cloudy,A gentle breeze from the west north west,WNW,WNW,West North Westerly,20,12,2024-04-11T22:41:00+01:00,2024-04-12T09:02:21.287+01:00,2653822,Cardiff
Sunny intervals and a gentle breeze,3,4,39,42,26,78,2024-04-16,0,Precipitation is not expected,1021,7,44,07:00,1,Good,3,Sunny Intervals,A gentle breeze from the west north west,WNW,WNW,West North Westerly,19,12,2024-04-11T22:41:00+01:00,2024-04-12T09:02:21.287+01:00,2653822,Cardiff
Sunny intervals and a moderate breeze,3,5,41,42,26,76,2024-04-16,0,Precipitation is not expected,1021,7,45,08:00,1,Good,3,Sunny Intervals,A moderate breeze from the north west,NW,NW,North Westerly,20,13,2024-04-11T22:41:00+01:00,2024-04-12T09:02:21.287+01:00,2653822,Cardiff
Sunny intervals and a moderate breeze,3,6,43,43,27,73,2024-04-16,0,Precipitation is not expected,1022,9,47,09:00,1,Good,3,Sunny Intervals,A moderate breeze from the north west,NW,NW,North Westerly,21,13,2024-04-11T22:41:00+01:00,2024-04-12T09:02:21.287+01:00,2653822,Cardiff
Light cloud and a moderate breeze,7,7,45,42,26,70,2024-04-16,0,Precipitation is not expected,1022,10,49,10:00,1,Good,7,Light Cloud,A moderate breeze from the north west,NW,NW,North Westerly,23,14,2024-04-11T22:41:00+01:00,2024-04-12T09:02:21.287+01:00,2653822,Cardiff
Light cloud and a moderate breeze,7,8,47,40,25,67,2024-04-16,0,Precipitation is not expected,1022,11,51,11:00,1,Good,7,Light Cloud,A moderate breeze from the north west,NW,NW,North Westerly,23,14,2024-04-11T22:41:00+01:00,2024-04-12T09:02:21.287+01:00,2653822,Cardiff
Light cloud and a moderate breeze,7,9,49,38,24,64,2024-04-16,6,Low chance of precipitation,1022,11,52,12:00,1,Good,7,Light Cloud,A moderate breeze from the north west,NW,NW,North Westerly,23,15,2024-04-11T22:41:00+01:00,2024-04-12T09:02:21.287+01:00,2653822,Cardiff
Light cloud and a moderate breeze,7,10,50,37,23,61,2024-04-16,9,Low chance of precipitation,1022,12,53,13:00,1,Good,7,Light Cloud,A moderate breeze from the north west,NW,NW,North Westerly,23,15,2024-04-11T22:41:00+01:00,2024-04-12T09:02:21.287+01:00,2653822,Cardiff
Light cloud and a moderate breeze,7,10,51,36,22,60,2024-04-16,0,Precipitation is not expected,1022,12,54,14:00,1,Good,7,Light Cloud,A moderate breeze from the north west,NW,NW,North Westerly,23,14,2024-04-11T22:41:00+01:00,2024-04-12T09:02:21.287+01:00,2653822,Cardiff
Sunny intervals and a moderate breeze,3,11,52,35,22,59,2024-04-16,0,Precipitation is not expected,1022,13,55,15:00,1,Good,3,Sunny Intervals,A moderate breeze from the north west,NW,NW,North Westerly,23,14,2024-04-11T22:41:00+01:00,2024-04-12T09:02:21.287+01:00,2653822,Cardiff
Sunny intervals and a moderate breeze,3,11,52,34,21,58,2024-04-16,0,Precipitation is not expected,1022,13,55,16:00,1,Good,3,Sunny Intervals,A moderate breeze from the north west,NW,NW,North Westerly,23,15,2024-04-11T22:41:00+01:00,2024-04-12T09:02:21.287+01:00,2653822,Cardiff
Sunny intervals and a moderate breeze,3,11,51,34,21,59,2024-04-16,0,Precipitation is not expected,1022,12,54,17:00,1,Good,3,Sunny Intervals,A moderate breeze from the north west,NW,NW,North Westerly,22,14,2024-04-11T22:41:00+01:00,2024-04-12T09:02:21.287+01:00,2653822,Cardiff
Sunny and a gentle breeze,1,10,50,33,21,61,2024-04-16,0,Precipitation is not expected,1022,12,53,18:00,1,Good,1,Sunny,A gentle breeze from the north west,NW,NW,North Westerly,19,12,2024-04-11T22:41:00+01:00,2024-04-12T09:02:21.287+01:00,2653822,Cardiff
Sunny and a gentle breeze,1,9,49,30,19,63,2024-04-16,0,Precipitation is not expected,1023,11,52,19:00,1,Good,1,Sunny,A gentle breeze from the north west,NW,NW,North Westerly,17,11,2024-04-11T22:41:00+01:00,2024-04-12T09:02:21.287+01:00,2653822,Cardiff
Sunny and a gentle breeze,1,8,47,26,16,67,2024-04-16,0,Precipitation is not expected,1023,10,50,20:00,1,Good,1,Sunny,A gentle breeze from the north west,NW,NW,North Westerly,14,9,2024-04-11T22:41:00+01:00,2024-04-12T09:02:21.287+01:00,2653822,Cardiff
A clear sky and a gentle breeze,0,7,45,23,14,71,2024-04-16,0,Precipitation is not expected,1024,9,49,21:00,1,Good,0,Clear Sky,A gentle breeze from the north west,NW,NW,North Westerly,13,8,2024-04-11T22:41:00+01:00,2024-04-12T09:02:21.287+01:00,2653822,Cardiff
A clear sky and light winds,0,6,43,21,13,77,2024-04-16,0,Precipitation is not expected,1024,8,46,22:00,1,Good,0,Clear Sky,Light winds from the north west,NW,NW,North Westerly,12,7,2024-04-11T22:41:00+01:00,2024-04-12T09:02:21.287+01:00,2653822,Cardiff
A clear sky and light winds,0,6,43,18,11,79,2024-04-16,0,Precipitation is not expected,1024,8,46,23:00,1,Good,0,Clear Sky,Light winds from the north west,NW,NW,North Westerly,10,6,2024-04-11T22:41:00+01:00,2024-04-12T09:02:21.287+01:00,2653822,Cardiff
A clear sky and light winds,0,6,43,16,10,81,2024-04-17,0,Precipitation is not expected,1024,7,45,00:00,1,Good,0,Clear Sky,Light winds from the north west,NW,NW,North Westerly,10,6,2024-04-11T22:41:00+01:00,2024-04-12T09:02:21.287+01:00,2653822,Cardiff
Partly cloudy and light winds,2,5,42,17,11,83,2024-04-17,0,Precipitation is not expected,1024,7,45,01:00,1,Good,2,Partly Cloudy,Light winds from the north west,NW,NW,North Westerly,9,5,2024-04-11T22:41:00+01:00,2024-04-12T09:02:21.287+01:00,2653822,Cardiff
A clear sky and light winds,0,5,41,18,11,83,2024-04-17,0,Precipitation is not expected,1024,7,45,02:00,1,Good,0,Clear Sky,Light winds from the north west,NW,NW,North Westerly,10,6,2024-04-11T22:41:00+01:00,2024-04-12T09:02:21.287+01:00,2653822,Cardiff
A clear sky and light winds,0,5,41,19,12,84,2024-04-17,0,Precipitation is not expected,1024,7,44,03:00,1,Good,0,Clear Sky,Light winds from the north west,NW,NW,North Westerly,11,7,2024-04-11T22:41:00+01:00,2024-04-12T09:02:21.287+01:00,2653822,Cardiff
A clear sky and light winds,0,5,41,19,12,85,2024-04-17,0,Precipitation is not expected,1023,7,44,04:00,1,Good,0,Clear Sky,Light winds from the west north west,WNW,WNW,West North Westerly,11,7,2024-04-11T22:41:00+01:00,2024-04-12T09:02:21.287+01:00,2653822,Cardiff
A clear sky and light winds,0,5,40,19,12,82,2024-04-17,0,Precipitation is not expected,1024,7,44,05:00,1,Good,0,Clear Sky,Light winds from the north west,NW,NW,North Westerly,12,7,2024-04-11T22:41:00+01:00,2024-04-12T09:02:21.287+01:00,2653822,Cardiff
A clear sky and light winds,0,4,40,20,12,83,2024-04-17,0,Precipitation is not expected,1024,7,44,06:00,1,Good,0,Clear Sky,Light winds from the north west,NW,NW,North Westerly,12,7,2024-04-11T22:41:00+01:00,2024-04-12T09:02:21.287+01:00,2653822,Cardiff
Sunny intervals and light winds,3,4,40,21,13,85,2024-04-17,0,Precipitation is not expected,1024,6,43,07:00,1,Good,3,Sunny Intervals,Light winds from the north west,NW,NW,North Westerly,11,7,2024-04-11T22:41:00+01:00,2024-04-12T09:02:21.287+01:00,2653822,Cardiff
Sunny intervals and light winds,3,5,42,22,14,79,2024-04-17,0,Precipitation is not expected,1024,7,45,08:00,1,Good,3,Sunny Intervals,Light winds from the north west,NW,NW,North Westerly,10,6,2024-04-11T22:41:00+01:00,2024-04-12T09:02:21.287+01:00,2653822,Cardiff
Sunny intervals and light winds,3,7,44,23,14,75,2024-04-17,0,Precipitation is not expected,1024,8,47,09:00,1,Good,3,Sunny Intervals,Light winds from the north north west,NNW,NNW,North North Westerly,12,7,2024-04-11T22:41:00+01:00,2024-04-12T09:02:21.287+01:00,2653822,Cardiff
Sunny intervals and a gentle breeze,3,8,46,23,15,71,2024-04-17,0,Precipitation is not expected,1024,9,49,10:00,1,Good,3,Sunny Intervals,A gentle breeze from the north west,NW,NW,North Westerly,13,8,2024-04-11T22:41:00+01:00,2024-04-12T09:02:21.287+01:00,2653822,Cardiff
Light cloud and a gentle breeze,7,9,48,24,15,67,2024-04-17,12,Low chance of precipitation,1024,10,51,11:00,1,Good,7,Light Cloud,A gentle breeze from the north north west,NNW,NNW,North North Westerly,13,8,2024-04-11T22:41:00+01:00,2024-04-12T09:02:21.287+01:00,2653822,Cardiff
Light cloud and a gentle breeze,7,10,49,24,15,64,2024-04-17,12,Low chance of precipitation,1024,11,52,12:00,1,Good,7,Light Cloud,A gentle breeze from the north west,NW,NW,North Westerly,14,9,2024-04-11T22:41:00+01:00,2024-04-12T09:02:21.287+01:00,2653822,Cardiff
Light cloud and a gentle breeze,7,11,51,26,16,60,2024-04-17,12,Low chance of precipitation,1024,12,53,13:00,1,Good,7,Light Cloud,A gentle breeze from the north west,NW,NW,North Westerly,14,9,2024-04-11T22:41:00+01:00,2024-04-12T09:02:21.287+01:00,2653822,Cardiff
Light cloud and a gentle breeze,7,11,52,27,17,60,2024-04-17,0,Precipitation is not expected,1024,12,54,14:00,1,Good,7,Light Cloud,A gentle breeze from the north west,NW,NW,North Westerly,16,10,2024-04-11T22:41:00+01:00,2024-04-12T09:02:21.287+01:00,2653822,Cardiff
Sunny intervals and a gentle breeze,3,11,52,29,18,59,2024-04-17,0,Precipitation is not expected,1023,13,55,15:00,1,Good,3,Sunny Intervals,A gentle breeze from the north west,NW,NW,North Westerly,17,11,2024-04-11T22:41:00+01:00,2024-04-12T09:02:21.287+01:00,2653822,Cardiff
Sunny intervals and a gentle breeze,3,11,52,29,18,58,2024-04-17,0,Precipitation is not expected,1023,13,55,16:00,1,Good,3,Sunny Intervals,A gentle breeze from the west north west,WNW,WNW,West North Westerly,18,11,2024-04-11T22:41:00+01:00,2024-04-12T09:02:21.287+01:00,2653822,Cardiff
Sunny intervals and a gentle breeze,3,11,52,29,18,60,2024-04-17,0,Precipitation is not expected,1023,12,54,17:00,1,Good,3,Sunny Intervals,A gentle breeze from the west north west,WNW,WNW,West North Westerly,18,11,2024-04-11T22:41:00+01:00,2024-04-12T09:02:21.287+01:00,2653822,Cardiff
Sunny intervals and a gentle breeze,3,10,51,29,18,64,2024-04-17,0,Precipitation is not expected,1023,12,53,18:00,1,Good,3,Sunny Intervals,A gentle breeze from the west north west,WNW,WNW,West North Westerly,17,11,2024-04-11T22:41:00+01:00,2024-04-12T09:02:21.287+01:00,2653822,Cardiff
Sunny intervals and a gentle breeze,3,10,49,27,17,68,2024-04-17,0,Precipitation is not expected,1023,11,52,19:00,1,Good,3,Sunny Intervals,A gentle breeze from the west north west,WNW,WNW,West North Westerly,15,9,2024-04-11T22:41:00+01:00,2024-04-12T09:02:21.287+01:00,2653822,Cardiff
Sunny intervals and a gentle breeze,3,9,48,25,16,72,2024-04-17,0,Precipitation is not expected,1023,10,50,20:00,1,Good,3,Sunny Intervals,A gentle breeze from the west north west,WNW,WNW,West North Westerly,13,8,2024-04-11T22:41:00+01:00,2024-04-12T09:02:21.287+01:00,2653822,Cardiff
Partly cloudy and a gentle breeze,2,8,46,23,14,76,2024-04-17,0,Precipitation is not expected,1023,9,49,21:00,1,Good,2,Partly Cloudy,A gentle breeze from the west north west,WNW,WNW,West North Westerly,13,8,2024-04-11T22:41:00+01:00,2024-04-12T09:02:21.287+01:00,2653822,Cardiff
Partly cloudy and light winds,2,7,45,23,14,80,2024-04-17,0,Precipitation is not expected,1024,9,47,22:00,1,Good,2,Partly Cloudy,Light winds from the west north west,WNW,WNW,West North Westerly,12,7,2024-04-11T22:41:00+01:00,2024-04-12T09:02:21.287+01:00,2653822,Cardiff
Partly cloudy and light winds,2,7,44,23,14,83,2024-04-17,23,Low chance of precipitation,1023,8,47,23:00,1,Good,2,Partly Cloudy,Light winds from the west north west,WNW,WNW,West North Westerly,11,7,2024-04-11T22:41:00+01:00,2024-04-12T09:02:21.287+01:00,2653822,Cardiff
Partly cloudy and light winds,2,6,43,23,14,86,2024-04-18,23,Low chance of precipitation,1023,8,46,00:00,1,Good,2,Partly Cloudy,Light winds from the west north west,WNW,WNW,West North Westerly,11,7,2024-04-11T22:41:00+01:00,2024-04-12T09:02:21.287+01:00,2653822,Cardiff
Partly cloudy and light winds,2,6,43,23,14,88,2024-04-18,23,Low chance of precipitation,1023,7,45,01:00,1,Good,2,Partly Cloudy,Light winds from the west north west,WNW,WNW,West North Westerly,10,6,2024-04-11T22:41:00+01:00,2024-04-12T09:02:21.287+01:00,2653822,Cardiff
Partly cloudy and light winds,2,6,42,23,14,88,2024-04-18,0,Precipitation is not expected,1023,7,45,02:00,1,Good,2,Partly Cloudy,Light winds from the west north west,WNW,WNW,West North Westerly,10,6,2024-04-11T22:41:00+01:00,2024-04-12T09:02:21.287+01:00,2653822,Cardiff
Partly cloudy and light winds,2,6,43,22,14,88,2024-04-18,0,Precipitation is not expected,1023,7,45,03:00,1,Good,2,Partly Cloudy,Light winds from the west north west,WNW,WNW,West North Westerly,10,6,2024-04-11T22:41:00+01:00,2024-04-12T09:02:21.287+01:00,2653822,Cardiff
Partly cloudy and light winds,2,6,43,23,15,88,2024-04-18,0,Precipitation is not expected,1022,7,45,04:00,1,Good,2,Partly Cloudy,Light winds from the west north west,WNW,WNW,West North Westerly,10,6,2024-04-11T22:41:00+01:00,2024-04-12T09:02:21.287+01:00,2653822,Cardiff
Partly cloudy and light winds,2,6,43,24,15,87,2024-04-18,0,Precipitation is not expected,1022,8,46,05:00,1,Good,2,Partly Cloudy,Light winds from the west north west,WNW,WNW,West North Westerly,10,6,2024-04-11T22:41:00+01:00,2024-04-12T09:02:21.287+01:00,2653822,Cardiff
Partly cloudy and light winds,2,6,43,23,15,88,2024-04-18,0,Precipitation is not expected,1022,8,46,06:00,1,Good,2,Partly Cloudy,Light winds from the west north west,WNW,WNW,West North Westerly,10,6,2024-04-11T22:41:00+01:00,2024-04-12T09:02:21.287+01:00,2653822,Cardiff
Sunny intervals and light winds,3,7,44,26,16,89,2024-04-18,0,Precipitation is not expected,1022,8,46,07:00,1,Good,3,Sunny Intervals,Light winds from the west north west,WNW,WNW,West North Westerly,9,6,2024-04-11T22:41:00+01:00,2024-04-12T09:02:21.287+01:00,2653822,Cardiff
Sunny intervals and light winds,3,7,45,28,18,85,2024-04-18,23,Low chance of precipitation,1022,9,47,08:00,1,Good,3,Sunny Intervals,Light winds from the west north west,WNW,WNW,West North Westerly,10,6,2024-04-11T22:41:00+01:00,2024-04-12T09:02:21.287+01:00,2653822,Cardiff
Light cloud and light winds,7,8,47,30,19,82,2024-04-18,23,Low chance of precipitation,1022,9,49,09:00,1,Good,7,Light Cloud,Light winds from the north west,NW,NW,North Westerly,11,7,2024-04-11T22:41:00+01:00,2024-04-12T09:02:21.287+01:00,2653822,Cardiff
Light cloud and a gentle breeze,7,9,49,30,19,77,2024-04-18,23,Low chance of precipitation,1023,11,51,10:00,1,Good,7,Light Cloud,A gentle breeze from the north west,NW,NW,North Westerly,13,8,2024-04-11T22:41:00+01:00,2024-04-12T09:02:21.287+01:00,2653822,Cardiff
Light cloud and a gentle breeze,7,10,50,30,19,74,2024-04-18,0,Precipitation is not expected,1022,11,52,11:00,1,Good,7,Light Cloud,A gentle breeze from the north west,NW,NW,North Westerly,13,8,2024-04-11T22:41:00+01:00,2024-04-12T09:02:21.287+01:00,2653822,Cardiff
Light cloud and a gentle breeze,7,11,52,29,18,70,2024-04-18,0,Precipitation is not expected,1022,12,53,12:00,1,Good,7,Light Cloud,A gentle breeze from the west north west,WNW,WNW,West North Westerly,14,9,2024-04-11T22:41:00+01:00,2024-04-12T09:02:21.287+01:00,2653822,Cardiff
Thick cloud and a gentle breeze,8,12,53,26,16,66,2024-04-18,0,Precipitation is not expected,1022,13,55,13:00,1,Good,8,Thick Cloud,A gentle breeze from the north west,NW,NW,North Westerly,14,9,2024-04-11T22:41:00+01:00,2024-04-12T09:02:21.287+01:00,2653822,Cardiff
Light cloud and a gentle breeze,7,12,54,24,15,65,2024-04-18,28,Low chance of precipitation,1022,13,55,14:00,1,Good,7,Light Cloud,A gentle breeze from the north west,NW,NW,North Westerly,14,9,2024-04-11T22:41:00+01:00,2024-04-12T09:02:21.287+01:00,2653822,Cardiff
Light cloud and a gentle breeze,7,12,54,24,15,65,2024-04-18,26,Low chance of precipitation,1022,13,56,15:00,1,Good,7,Light Cloud,A gentle breeze from the north west,NW,NW,North Westerly,14,9,2024-04-11T22:41:00+01:00,2024-04-12T09:02:21.287+01:00,2653822,Cardiff
Light cloud and a gentle breeze,7,12,54,22,14,64,2024-04-18,25,Low chance of precipitation,1022,13,56,16:00,1,Good,7,Light Cloud,A gentle breeze from the north west,NW,NW,North Westerly,16,10,2024-04-11T22:41:00+01:00,2024-04-12T09:02:21.287+01:00,2653822,Cardiff
Sunny intervals and a gentle breeze,3,12,54,20,13,66,2024-04-18,19,Low chance of precipitation,1022,13,55,17:00,1,Good,3,Sunny Intervals,A gentle breeze from the north west,NW,NW,North Westerly,15,9,2024-04-11T22:41:00+01:00,2024-04-12T09:02:21.287+01:00,2653822,Cardiff
Sunny intervals and a gentle breeze,3,11,53,18,11,68,2024-04-18,19,Low chance of precipitation,1022,12,54,18:00,1,Good,3,Sunny Intervals,A gentle breeze from the north north west,NNW,NNW,North North Westerly,14,9,2024-04-11T22:41:00+01:00,2024-04-12T09:02:21.287+01:00,2653822,Cardiff
Sunny intervals and a gentle breeze,3,11,52,17,10,72,2024-04-18,19,Low chance of precipitation,1022,12,53,19:00,1,Good,3,Sunny Intervals,A gentle breeze from the north north west,NNW,NNW,North North Westerly,13,8,2024-04-11T22:41:00+01:00,2024-04-12T09:02:21.287+01:00,2653822,Cardiff
Sunny intervals and light winds,3,10,50,15,9,74,2024-04-18,0,Precipitation is not expected,1022,11,52,20:00,1,Good,3,Sunny Intervals,Light winds from the north north west,NNW,NNW,North North Westerly,11,7,2024-04-11T22:41:00+01:00,2024-04-12T09:02:21.287+01:00,2653822,Cardiff
A clear sky and light winds,0,9,48,13,8,78,2024-04-18,0,Precipitation is not expected,1023,10,50,21:00,1,Good,0,Clear Sky,Light winds from the north,N,N,Northerly,10,6,2024-04-11T22:41:00+01:00,2024-04-12T09:02:21.287+01:00,2653822,Cardiff
A clear sky and light winds,0,8,46,16,10,81,2024-04-18,0,Precipitation is not expected,1023,9,48,22:00,1,Good,0,Clear Sky,Light winds from the north,N,N,Northerly,9,6,2024-04-11T22:41:00+01:00,2024-04-12T09:02:21.287+01:00,2653822,Cardiff
A clear sky and light winds,0,7,46,18,11,83,2024-04-18,0,Precipitation is not expected,1023,9,47,23:00,1,Good,0,Clear Sky,Light winds from the north,N,N,Northerly,8,5,2024-04-11T22:41:00+01:00,2024-04-12T09:02:21.287+01:00,2653822,Cardiff
A clear sky and light winds,0,7,45,19,12,84,2024-04-19,0,Precipitation is not expected,1024,8,47,00:00,1,Good,0,Clear Sky,Light winds from the north,N,N,Northerly,8,5,2024-04-11T22:41:00+01:00,2024-04-12T09:02:21.287+01:00,2653822,Cardiff
A clear sky and light winds,0,7,44,18,11,86,2024-04-19,0,Precipitation is not expected,1024,8,46,01:00,1,Good,0,Clear Sky,Light winds from the north,N,N,Northerly,8,5,2024-04-11T22:41:00+01:00,2024-04-12T09:02:21.287+01:00,2653822,Cardiff
A clear sky and light winds,0,6,43,17,11,87,2024-04-19,0,Precipitation is not expected,1024,7,45,02:00,1,Good,0,Clear Sky,Light winds from the north,N,N,Northerly,8,5,2024-04-11T22:41:00+01:00,2024-04-12T09:02:21.287+01:00,2653822,Cardiff
A clear sky and light winds,0,7,44,16,10,88,2024-04-19,0,Precipitation is not expected,1023,7,45,03:00,1,Good,0,Clear Sky,Light winds from the north,N,N,Northerly,7,5,2024-04-11T22:41:00+01:00,2024-04-12T09:02:21.287+01:00,2653822,Cardiff
A clear sky and light winds,0,7,44,17,11,88,2024-04-19,0,Precipitation is not expected,1023,7,44,04:00,1,Good,0,Clear Sky,Light winds from the north north west,NNW,NNW,North North Westerly,7,4,2024-04-11T22:41:00+01:00,2024-04-12T09:02:21.287+01:00,2653822,Cardiff
A clear sky and light winds,0,7,44,16,10,89,2024-04-19,0,Precipitation is not expected,1023,7,45,05:00,1,Good,0,Clear Sky,Light winds from the north north west,NNW,NNW,North North Westerly,7,5,2024-04-11T22:41:00+01:00,2024-04-12T09:02:21.287+01:00,2653822,Cardiff
A clear sky and light winds,0,7,44,14,9,89,2024-04-19,0,Precipitation is not expected,1024,7,44,06:00,1,Good,0,Clear Sky,Light winds from the north north west,NNW,NNW,North North Westerly,7,4,2024-04-11T22:41:00+01:00,2024-04-12T09:02:21.287+01:00,2653822,Cardiff
Sunny and light winds,1,7,44,14,9,89,2024-04-19,0,Precipitation is not expected,1024,7,44,07:00,1,Good,1,Sunny,Light winds from the north north west,NNW,NNW,North North Westerly,7,4,2024-04-11T22:41:00+01:00,2024-04-12T09:02:21.287+01:00,2653822,Cardiff
Sunny and light winds,1,8,46,14,9,85,2024-04-19,0,Precipitation is not expected,1024,8,46,08:00,1,Good,1,Sunny,Light winds from the north north west,NNW,NNW,North North Westerly,7,4,2024-04-11T22:41:00+01:00,2024-04-12T09:02:21.287+01:00,2653822,Cardiff
Sunny and light winds,1,9,48,14,9,82,2024-04-19,0,Precipitation is not expected,1024,9,48,09:00,1,Good,1,Sunny,Light winds from the north west,NW,NW,North Westerly,7,4,2024-04-11T22:41:00+01:00,2024-04-12T09:02:21.287+01:00,2653822,Cardiff
Sunny intervals and light winds,3,10,50,15,9,78,2024-04-19,0,Precipitation is not expected,1024,10,50,10:00,1,Good,3,Sunny Intervals,Light winds from the north west,NW,NW,North Westerly,7,5,2024-04-11T22:41:00+01:00,2024-04-12T09:02:21.287+01:00,2653822,Cardiff
Sunny intervals and light winds,3,11,51,15,9,74,2024-04-19,0,Precipitation is not expected,1024,11,52,11:00,1,Good,3,Sunny Intervals,Light winds from the north west,NW,NW,North Westerly,8,5,2024-04-11T22:41:00+01:00,2024-04-12T09:02:21.287+01:00,2653822,Cardiff
Sunny intervals and light winds,3,11,53,16,10,70,2024-04-19,0,Precipitation is not expected,1024,12,54,12:00,1,Good,3,Sunny Intervals,Light winds from the west,W,W,Westerly,8,5,2024-04-11T22:41:00+01:00,2024-04-12T09:02:21.287+01:00,2653822,Cardiff
Light cloud and light winds,7,13,55,16,10,65,2024-04-19,0,Precipitation is not expected,1024,13,55,13:00,1,Good,7,Light Cloud,Light winds from the west,W,W,Westerly,8,5,2024-04-11T22:41:00+01:00,2024-04-12T09:02:21.287+01:00,2653822,Cardiff
Light cloud and light winds,7,13,55,16,10,64,2024-04-19,0,Precipitation is not expected,1023,13,56,14:00,1,Good,7,Light Cloud,Light winds from the west,W,W,Westerly,8,5,2024-04-11T22:41:00+01:00,2024-04-12T09:02:21.287+01:00,2653822,Cardiff
Light cloud and light winds,7,13,55,15,9,64,2024-04-19,0,Precipitation is not expected,1023,13,56,15:00,1,Good,7,Light Cloud,Light winds from the west,W,W,Westerly,9,6,2024-04-11T22:41:00+01:00,2024-04-12T09:02:21.287+01:00,2653822,Cardiff
Light cloud and light winds,7,13,56,14,9,63,2024-04-19,0,Precipitation is not expected,1023,13,56,16:00,1,Good,7,Light Cloud,Light winds from the west,W,W,Westerly,10,6,2024-04-11T22:41:00+01:00,2024-04-12T09:02:21.287+01:00,2653822,Cardiff
Sunny intervals and light winds,3,13,55,14,9,64,2024-04-19,0,Precipitation is not expected,1023,13,56,17:00,1,Good,3,Sunny Intervals,Light winds from the west,W,W,Westerly,10,6,2024-04-11T22:41:00+01:00,2024-04-12T09:02:21.287+01:00,2653822,Cardiff
Sunny intervals and light winds,3,13,55,14,9,67,2024-04-19,0,Precipitation is not expected,1023,13,55,18:00,1,Good,3,Sunny Intervals,Light winds from the west,W,W,Westerly,9,6,2024-04-11T22:41:00+01:00,2024-04-12T09:02:21.287+01:00,2653822,Cardiff
Sunny intervals and light winds,3,12,54,14,9,70,2024-04-19,0,Precipitation is not expected,1023,12,54,19:00,1,Good,3,Sunny Intervals,Light winds from the west north west,WNW,WNW,West North Westerly,8,5,2024-04-11T22:41:00+01:00,2024-04-12T09:02:21.287+01:00,2653822,Cardiff
Sunny intervals and light winds,3,12,53,15,9,74,2024-04-19,0,Precipitation is not expected,1023,12,53,20:00,1,Good,3,Sunny Intervals,Light winds from the west north west,WNW,WNW,West North Westerly,7,5,2024-04-11T22:41:00+01:00,2024-04-12T09:02:21.287+01:00,2653822,Cardiff
Partly cloudy and light winds,2,11,51,15,9,77,2024-04-19,0,Precipitation is not expected,1023,11,51,21:00,1,Good,2,Partly Cloudy,Light winds from the north north west,NNW,NNW,North North Westerly,7,4,2024-04-11T22:41:00+01:00,2024-04-12T09:02:21.287+01:00,2653822,Cardiff
Partly cloudy and light winds,2,10,50,15,9,82,2024-04-19,0,Precipitation is not expected,1023,10,50,22:00,1,Good,2,Partly Cloudy,Light winds from the north north west,NNW,NNW,North North Westerly,7,4,2024-04-11T22:41:00+01:00,2024-04-12T09:02:21.287+01:00,2653822,Cardiff
Partly cloudy and light winds,2,9,49,15,9,84,2024-04-19,0,Precipitation is not expected,1024,9,49,23:00,1,Good,2,Partly Cloudy,Light winds from the north north west,NNW,NNW,North North Westerly,6,4,2024-04-11T22:41:00+01:00,2024-04-12T09:02:21.287+01:00,2653822,Cardiff
Partly cloudy and light winds,2,9,48,14,9,87,2024-04-20,0,Precipitation is not expected,1024,9,48,00:00,1,Good,2,Partly Cloudy,Light winds from the north north west,NNW,NNW,North North Westerly,6,4,2024-04-11T22:41:00+01:00,2024-04-12T09:02:21.287+01:00,2653822,Cardiff
Partly cloudy and light winds,2,8,47,14,9,89,2024-04-20,0,Precipitation is not expected,1024,8,47,01:00,1,Good,2,Partly Cloudy,Light winds from the north north west,NNW,NNW,North North Westerly,5,3,2024-04-11T22:41:00+01:00,2024-04-12T09:02:21.287+01:00,2653822,Cardiff
Partly cloudy and light winds,2,8,46,13,8,90,2024-04-20,0,Precipitation is not expected,1024,8,46,02:00,1,Good,2,Partly Cloudy,Light winds from the north,N,N,Northerly,5,3,2024-04-11T22:41:00+01:00,2024-04-12T09:02:21.287+01:00,2653822,Cardiff
Partly cloudy and light winds,2,8,46,14,9,89,2024-04-20,0,Precipitation is not expected,1024,8,46,03:00,1,Good,2,Partly Cloudy,Light winds from the north north west,NNW,NNW,North North Westerly,5,3,2024-04-11T22:41:00+01:00,2024-04-12T09:02:21.287+01:00,2653822,Cardiff
A clear sky and light winds,0,7,45,15,9,89,2024-04-20,0,Precipitation is not expected,1024,7,45,04:00,1,Good,0,Clear Sky,Light winds from the north,N,N,Northerly,5,3,2024-04-11T22:41:00+01:00,2024-04-12T09:02:21.287+01:00,2653822,Cardiff
A clear sky and light winds,0,7,45,16,10,89,2024-04-20,0,Precipitation is not expected,1024,7,45,05:00,1,Good,0,Clear Sky,Light winds from the north west,NW,NW,North Westerly,6,4,2024-04-11T22:41:00+01:00,2024-04-12T09:02:21.287+01:00,2653822,Cardiff
A clear sky and light winds,0,7,45,16,10,88,2024-04-20,0,Precipitation is not expected,1024,7,45,06:00,1,Good,0,Clear Sky,Light winds from the north west,NW,NW,North Westerly,6,4,2024-04-12T09:02:21+01:00,2024-04-12T09:02:21.287+01:00,2653822,Cardiff
Sunny and light winds,1,7,45,16,10,88,2024-04-20,0,Precipitation is not expected,1024,7,45,07:00,1,Good,1,Sunny,Light winds from the north west,NW,NW,North Westerly,6,4,2024-04-12T09:02:21+01:00,2024-04-12T09:02:21.287+01:00,2653822,Cardiff
Sunny and light winds,1,8,47,17,11,85,2024-04-20,0,Precipitation is not expected,1024,8,47,08:00,1,Good,1,Sunny,Light winds from the north west,NW,NW,North Westerly,7,4,2024-04-12T09:02:21+01:00,2024-04-12T09:02:21.287+01:00,2653822,Cardiff
Sunny and light winds,1,9,49,17,11,82,2024-04-20,0,Precipitation is not expected,1024,9,49,09:00,1,Good,1,Sunny,Light winds from the north north west,NNW,NNW,North North Westerly,7,4,2024-04-12T09:02:21+01:00,2024-04-12T09:02:21.287+01:00,2653822,Cardiff
Sunny intervals and light winds,3,10,51,17,11,78,2024-04-20,0,Precipitation is not expected,1024,10,51,10:00,1,Good,3,Sunny Intervals,Light winds from the north west,NW,NW,North Westerly,7,4,2024-04-12T09:02:21+01:00,2024-04-12T09:02:21.287+01:00,2653822,Cardiff
Sunny intervals and light winds,3,11,53,18,11,75,2024-04-20,0,Precipitation is not expected,1024,11,53,11:00,1,Good,3,Sunny Intervals,Light winds from the east south east,ESE,ESE,East South Easterly,7,4,2024-04-12T09:02:21+01:00,2024-04-12T09:02:21.287+01:00,2653822,Cardiff
Sunny intervals and light winds,3,12,54,18,11,70,2024-04-20,0,Precipitation is not expected,1024,12,54,12:00,1,Good,3,Sunny Intervals,Light winds from the south west,SW,SW,South Westerly,8,5,2024-04-12T09:02:21+01:00,2024-04-12T09:02:21.287+01:00,2653822,Cardiff
Sunny intervals and light winds,3,13,56,16,10,66,2024-04-20,0,Precipitation is not expected,1024,13,56,13:00,1,Good,3,Sunny Intervals,Light winds from the south south east,SSE,SSE,South South Easterly,7,5,2024-04-12T09:02:21+01:00,2024-04-12T09:02:21.287+01:00,2653822,Cardiff
Sunny intervals and light winds,3,13,56,17,10,65,2024-04-20,0,Precipitation is not expected,1024,13,56,14:00,1,Good,3,Sunny Intervals,Light winds from the south,S,S,Southerly,7,4,2024-04-12T09:02:21+01:00,2024-04-12T09:02:21.287+01:00,2653822,Cardiff
Light cloud and light winds,7,14,57,16,10,64,2024-04-20,0,Precipitation is not expected,1023,14,57,15:00,1,Good,7,Light Cloud,Light winds from the south south west,SSW,SSW,South South Westerly,7,4,2024-04-12T09:02:21+01:00,2024-04-12T09:02:21.287+01:00,2653822,Cardiff
Sunny intervals and light winds,3,14,57,15,9,63,2024-04-20,0,Precipitation is not expected,1023,14,57,16:00,1,Good,3,Sunny Intervals,Light winds from the west south west,WSW,WSW,West South Westerly,7,4,2024-04-12T09:02:21+01:00,2024-04-12T09:02:21.287+01:00,2653822,Cardiff
Sunny intervals and light winds,3,14,57,14,9,65,2024-04-20,0,Precipitation is not expected,1023,14,57,17:00,1,Good,3,Sunny Intervals,Light winds from the west south west,WSW,WSW,West South Westerly,6,4,2024-04-12T09:02:21+01:00,2024-04-12T09:02:21.287+01:00,2653822,Cardiff
Sunny intervals and light winds,3,13,56,17,11,68,2024-04-20,0,Precipitation is not expected,1023,13,56,18:00,1,Good,3,Sunny Intervals,Light winds from the west south west,WSW,WSW,West South Westerly,5,3,2024-04-12T09:02:21+01:00,2024-04-12T09:02:21.287+01:00,2653822,Cardiff
Sunny intervals and light winds,3,13,55,12,7,72,2024-04-20,0,Precipitation is not expected,1023,13,55,19:00,1,Good,3,Sunny Intervals,Light winds from the west south west,WSW,WSW,West South Westerly,7,4,2024-04-12T09:02:21+01:00,2024-04-12T09:02:21.287+01:00,2653822,Cardiff
Sunny and light winds,1,12,53,12,8,75,2024-04-20,0,Precipitation is not expected,1023,12,53,20:00,1,Good,1,Sunny,Light winds from the west south west,WSW,WSW,West South Westerly,5,3,2024-04-12T09:02:21+01:00,2024-04-12T09:02:21.287+01:00,2653822,Cardiff
A clear sky and light winds,0,11,52,11,7,79,2024-04-20,0,Precipitation is not expected,1023,11,52,21:00,1,Good,0,Clear Sky,Light winds from the west south west,WSW,WSW,West South Westerly,5,3,2024-04-12T09:02:21+01:00,2024-04-12T09:02:21.287+01:00,2653822,Cardiff
A clear sky and light winds,0,10,50,11,7,83,2024-04-20,0,Precipitation is not expected,1023,10,50,22:00,1,Good,0,Clear Sky,Light winds from the west south west,WSW,WSW,West South Westerly,5,3,2024-04-12T09:02:21+01:00,2024-04-12T09:02:21.287+01:00,2653822,Cardiff
A clear sky and light winds,0,9,49,11,7,85,2024-04-20,0,Precipitation is not expected,1024,9,49,23:00,1,Good,0,Clear Sky,Light winds from the west north west,WNW,WNW,West North Westerly,5,3,2024-04-12T09:02:21+01:00,2024-04-12T09:02:21.287+01:00,2653822,Cardiff
A clear sky and light winds,0,9,48,10,6,86,2024-04-21,0,Precipitation is not expected,1024,9,48,00:00,1,Good,0,Clear Sky,Light winds from the east,E,E,Easterly,5,3,2024-04-12T09:02:21+01:00,2024-04-12T09:02:21.287+01:00,2653822,Cardiff
A clear sky and light winds,0,9,47,10,6,88,2024-04-21,0,Precipitation is not expected,1024,9,47,01:00,1,Good,0,Clear Sky,Light winds from the north east,NE,NE,North Easterly,5,3,2024-04-12T09:02:21+01:00,2024-04-12T09:02:21.287+01:00,2653822,Cardiff
A clear sky and light winds,0,7,45,10,6,89,2024-04-21,0,Precipitation is not expected,1023,8,47,02:00,1,Good,0,Clear Sky,Light winds from the north west,NW,NW,North Westerly,8,5,2024-04-12T09:02:21+01:00,2024-04-12T09:02:21.287+01:00,2653822,Cardiff
A clear sky and light winds,0,7,45,10,6,89,2024-04-21,0,Precipitation is not expected,1023,8,47,03:00,1,Good,0,Clear Sky,Light winds from the west north west,WNW,WNW,West North Westerly,8,5,2024-04-12T09:02:21+01:00,2024-04-12T09:02:21.287+01:00,2653822,Cardiff
A clear sky and light winds,0,7,44,11,7,89,2024-04-21,0,Precipitation is not expected,1023,8,46,04:00,1,Good,0,Clear Sky,Light winds from the west north west,WNW,WNW,West North Westerly,8,5,2024-04-12T09:02:21+01:00,2024-04-12T09:02:21.287+01:00,2653822,Cardiff
A clear sky and light winds,0,7,44,11,7,88,2024-04-21,0,Precipitation is not expected,1023,8,46,05:00,1,Good,0,Clear Sky,Light winds from the west north west,WNW,WNW,West North Westerly,8,5,2024-04-12T09:02:21+01:00,2024-04-12T09:02:21.287+01:00,2653822,Cardiff
A clear sky and light winds,0,7,44,12,7,88,2024-04-21,0,Precipitation is not expected,1023,8,46,06:00,1,Good,0,Clear Sky,Light winds from the west north west,WNW,WNW,West North Westerly,8,5,2024-04-12T09:02:21+01:00,2024-04-12T09:02:21.287+01:00,2653822,Cardiff
Sunny and light winds,1,8,46,12,7,88,2024-04-21,0,Precipitation is not expected,1023,8,46,07:00,1,Good,1,Sunny,Light winds from the north west,NW,NW,North Westerly,7,5,2024-04-12T09:02:21+01:00,2024-04-12T09:02:21.287+01:00,2653822,Cardiff
Sunny and light winds,1,8,46,12,8,87,2024-04-21,3,Low chance of precipitation,1023,9,47,08:00,1,Good,1,Sunny,Light winds from the west,W,W,Westerly,8,5,2024-04-12T09:02:21+01:00,2024-04-12T09:02:21.287+01:00,2653822,Cardiff
Sunny and light winds,1,9,48,13,8,84,2024-04-21,4,Low chance of precipitation,1023,10,49,09:00,1,Good,1,Sunny,Light winds from the west south west,WSW,WSW,West South Westerly,8,5,2024-04-12T09:02:21+01:00,2024-04-12T09:02:21.287+01:00,2653822,Cardiff
Sunny and light winds,1,11,51,12,7,80,2024-04-21,3,Low chance of precipitation,1023,11,51,10:00,1,Good,1,Sunny,Light winds from the west south west,WSW,WSW,West South Westerly,7,4,2024-04-12T09:02:21+01:00,2024-04-12T09:02:21.287+01:00,2653822,Cardiff
Sunny and light winds,1,12,53,12,7,76,2024-04-21,3,Low chance of precipitation,1023,12,53,11:00,1,Good,1,Sunny,Light winds from the south west,SW,SW,South Westerly,7,4,2024-04-12T09:02:21+01:00,2024-04-12T09:02:21.287+01:00,2653822,Cardiff
Sunny and light winds,1,13,55,11,7,71,2024-04-21,3,Low chance of precipitation,1023,13,55,12:00,1,Good,1,Sunny,Light winds from the south south west,SSW,SSW,South South Westerly,6,4,2024-04-12T09:02:21+01:00,2024-04-12T09:02:21.287+01:00,2653822,Cardiff
Sunny and light winds,1,13,56,11,7,67,2024-04-21,3,Low chance of precipitation,1023,13,56,13:00,1,Good,1,Sunny,Light winds from the south south west,SSW,SSW,South South Westerly,6,4,2024-04-12T09:02:21+01:00,2024-04-12T09:02:21.287+01:00,2653822,Cardiff
Sunny and light winds,1,14,57,11,7,66,2024-04-21,0,Precipitation is not expected,1023,14,57,14:00,1,Good,1,Sunny,Light winds from the south west,SW,SW,South Westerly,6,4,2024-04-12T09:02:21+01:00,2024-04-12T09:02:21.287+01:00,2653822,Cardiff
Sunny and light winds,1,14,57,11,7,65,2024-04-21,0,Precipitation is not expected,1022,14,57,15:00,1,Good,1,Sunny,Light winds from the south west,SW,SW,South Westerly,7,4,2024-04-12T09:02:21+01:00,2024-04-12T09:02:21.287+01:00,2653822,Cardiff
Sunny and light winds,1,14,57,13,8,64,2024-04-21,0,Precipitation is not expected,1022,14,57,16:00,1,Good,1,Sunny,Light winds from the south west,SW,SW,South Westerly,7,4,2024-04-12T09:02:21+01:00,2024-04-12T09:02:21.287+01:00,2653822,Cardiff
Sunny and light winds,1,14,57,14,9,66,2024-04-21,0,Precipitation is not expected,1022,14,57,17:00,1,Good,1,Sunny,Light winds from the south west,SW,SW,South Westerly,7,5,2024-04-12T09:02:21+01:00,2024-04-12T09:02:21.287+01:00,2653822,Cardiff
Sunny and light winds,1,13,56,16,10,68,2024-04-21,0,Precipitation is not expected,1022,13,56,18:00,1,Good,1,Sunny,Light winds from the south west,SW,SW,South Westerly,8,5,2024-04-12T09:02:21+01:00,2024-04-12T09:02:21.287+01:00,2653822,Cardiff
Sunny and light winds,1,13,55,13,8,72,2024-04-21,0,Precipitation is not expected,1022,13,55,19:00,1,Good,1,Sunny,Light winds from the south west,SW,SW,South Westerly,8,5,2024-04-12T09:02:21+01:00,2024-04-12T09:02:21.287+01:00,2653822,Cardiff
Sunny and light winds,1,12,53,10,6,75,2024-04-21,0,Precipitation is not expected,1022,12,54,20:00,1,Good,1,Sunny,Light winds from the west south west,WSW,WSW,West South Westerly,8,5,2024-04-12T09:02:21+01:00,2024-04-12T09:02:21.287+01:00,2653822,Cardiff
A clear sky and light winds,0,11,52,8,5,77,2024-04-21,0,Precipitation is not expected,1022,11,52,21:00,1,Good,0,Clear Sky,Light winds from the south west,SW,SW,South Westerly,7,5,2024-04-12T09:02:21+01:00,2024-04-12T09:02:21.287+01:00,2653822,Cardiff
A clear sky and light winds,0,11,51,8,5,80,2024-04-21,0,Precipitation is not expected,1022,11,51,22:00,1,Good,0,Clear Sky,Light winds from the west south west,WSW,WSW,West South Westerly,7,5,2024-04-12T09:02:21+01:00,2024-04-12T09:02:21.287+01:00,2653822,Cardiff
A clear sky and light winds,0,10,50,8,5,82,2024-04-21,0,Precipitation is not expected,1022,10,50,23:00,1,Good,0,Clear Sky,Light winds from the west south west,WSW,WSW,West South Westerly,7,4,2024-04-12T09:02:21+01:00,2024-04-12T09:02:21.287+01:00,2653822,Cardiff
A clear sky and light winds,0,10,49,7,5,83,2024-04-22,0,Precipitation is not expected,1023,10,49,00:00,1,Good,0,Clear Sky,Light winds from the south west,SW,SW,South Westerly,7,4,2024-04-12T09:02:21+01:00,2024-04-12T09:02:21.287+01:00,2653822,Cardiff
A clear sky and light winds,0,9,49,7,5,85,2024-04-22,0,Precipitation is not expected,1023,9,49,01:00,1,Good,0,Clear Sky,Light winds from the south south west,SSW,SSW,South South Westerly,6,4,2024-04-12T09:02:21+01:00,2024-04-12T09:02:21.287+01:00,2653822,Cardiff
A clear sky and light winds,0,9,48,7,5,86,2024-04-22,0,Precipitation is not expected,1023,9,48,02:00,1,Good,0,Clear Sky,Light winds from the west north west,WNW,WNW,West North Westerly,6,4,2024-04-12T09:02:21+01:00,2024-04-12T09:02:21.287+01:00,2653822,Cardiff
A clear sky and light winds,0,9,48,7,5,86,2024-04-22,0,Precipitation is not expected,1023,9,48,03:00,1,Good,0,Clear Sky,Light winds from the west north west,WNW,WNW,West North Westerly,7,4,2024-04-12T09:02:21+01:00,2024-04-12T09:02:21.287+01:00,2653822,Cardiff
A clear sky and light winds,0,8,47,7,5,87,2024-04-22,0,Precipitation is not expected,1022,9,47,04:00,1,Good,0,Clear Sky,Light winds from the west north west,WNW,WNW,West North Westerly,6,4,2024-04-12T09:02:21+01:00,2024-04-12T09:02:21.287+01:00,2653822,Cardiff
A clear sky and light winds,0,9,47,8,5,86,2024-04-22,17,Low chance of precipitation,1022,9,47,05:00,1,Good,0,Clear Sky,Light winds from the west,W,W,Westerly,7,4,2024-04-12T09:02:21+01:00,2024-04-12T09:02:21.287+01:00,2653822,Cardiff
A clear sky and light winds,0,8,47,8,5,87,2024-04-22,17,Low chance of precipitation,1022,9,47,06:00,1,Good,0,Clear Sky,Light winds from the west,W,W,Westerly,7,4,2024-04-12T09:02:21+01:00,2024-04-12T09:02:21.287+01:00,2653822,Cardiff
Sunny and light winds,1,8,47,10,6,87,2024-04-22,17,Low chance of precipitation,1022,8,47,07:00,1,Good,1,Sunny,Light winds from the west south west,WSW,WSW,West South Westerly,7,4,2024-04-12T09:02:21+01:00,2024-04-12T09:02:21.287+01:00,2653822,Cardiff
Sunny and light winds,1,9,48,14,9,85,2024-04-22,26,Low chance of precipitation,1022,9,48,08:00,1,Good,1,Sunny,Light winds from the west south west,WSW,WSW,West South Westerly,7,4,2024-04-12T09:02:21+01:00,2024-04-12T09:02:21.287+01:00,2653822,Cardiff
Sunny and light winds,1,10,50,16,10,83,2024-04-22,26,Low chance of precipitation,1022,10,50,09:00,1,Good,1,Sunny,Light winds from the west,W,W,Westerly,6,4,2024-04-12T09:02:21+01:00,2024-04-12T09:02:21.287+01:00,2653822,Cardiff
Sunny intervals and light winds,3,11,51,16,10,81,2024-04-22,26,Low chance of precipitation,1022,11,51,10:00,1,Good,3,Sunny Intervals,Light winds from the west,W,W,Westerly,7,4,2024-04-12T09:02:21+01:00,2024-04-12T09:02:21.287+01:00,2653822,Cardiff
Light rain and light winds,12,12,53,16,10,77,2024-04-22,28,Low chance of precipitation,1022,12,53,11:00,1,Good,12,Light Rain,Light winds from the south south west,SSW,SSW,South South Westerly,7,4,2024-04-12T09:02:21+01:00,2024-04-12T09:02:21.287+01:00,2653822,Cardiff
Light rain and light winds,12,13,55,16,10,73,2024-04-22,28,Low chance of precipitation,1022,13,55,12:00,1,Good,12,Light Rain,Light winds from the south west,SW,SW,South Westerly,7,4,2024-04-12T09:02:21+01:00,2024-04-12T09:02:21.287+01:00,2653822,Cardiff
Light rain and light winds,12,13,56,16,10,69,2024-04-22,28,Low chance of precipitation,1022,13,56,13:00,1,Good,12,Light Rain,Light winds from the south south west,SSW,SSW,South South Westerly,6,4,2024-04-12T09:02:21+01:00,2024-04-12T09:02:21.287+01:00,2653822,Cardiff
Sunny intervals and light winds,3,14,57,16,10,68,2024-04-22,21,Low chance of precipitation,1022,14,57,14:00,1,Good,3,Sunny Intervals,Light winds from the south west,SW,SW,South Westerly,6,4,2024-04-12T09:02:21+01:00,2024-04-12T09:02:21.287+01:00,2653822,Cardiff
Sunny intervals and light winds,3,14,57,17,10,66,2024-04-22,21,Low chance of precipitation,1022,14,57,15:00,1,Good,3,Sunny Intervals,Light winds from the south west,SW,SW,South Westerly,7,4,2024-04-12T09:02:21+01:00,2024-04-12T09:02:21.287+01:00,2653822,Cardiff
Sunny intervals and light winds,3,14,57,17,11,65,2024-04-22,20,Low chance of precipitation,1021,14,57,16:00,1,Good,3,Sunny Intervals,Light winds from the south west,SW,SW,South Westerly,7,4,2024-04-12T09:02:21+01:00,2024-04-12T09:02:21.287+01:00,2653822,Cardiff
Sunny intervals and light winds,3,14,57,18,11,66,2024-04-22,22,Low chance of precipitation,1021,14,57,17:00,1,Good,3,Sunny Intervals,Light winds from the west south west,WSW,WSW,West South Westerly,7,5,2024-04-12T09:02:21+01:00,2024-04-12T09:02:21.287+01:00,2653822,Cardiff
Sunny intervals and light winds,3,13,56,18,11,69,2024-04-22,25,Low chance of precipitation,1021,13,56,18:00,1,Good,3,Sunny Intervals,Light winds from the west,W,W,Westerly,8,5,2024-04-12T09:02:21+01:00,2024-04-12T09:02:21.287+01:00,2653822,Cardiff
Sunny intervals and light winds,3,13,55,16,10,72,2024-04-22,29,Low chance of precipitation,1021,13,55,19:00,1,Good,3,Sunny Intervals,Light winds from the west south west,WSW,WSW,West South Westerly,8,5,2024-04-12T09:02:21+01:00,2024-04-12T09:02:21.287+01:00,2653822,Cardiff
Sunny intervals and light winds,3,12,54,13,8,75,2024-04-22,0,Precipitation is not expected,1021,12,54,20:00,1,Good,3,Sunny Intervals,Light winds from the west,W,W,Westerly,8,5,2024-04-12T09:02:21+01:00,2024-04-12T09:02:21.287+01:00,2653822,Cardiff
Partly cloudy and light winds,2,11,52,11,7,77,2024-04-22,0,Precipitation is not expected,1022,11,52,21:00,1,Good,2,Partly Cloudy,Light winds from the north north west,NNW,NNW,North North Westerly,8,5,2024-04-12T09:02:21+01:00,2024-04-12T09:02:21.287+01:00,2653822,Cardiff
A clear sky and light winds,0,10,50,11,7,80,2024-04-22,0,Precipitation is not expected,1022,11,51,22:00,1,Good,0,Clear Sky,Light winds from the north north west,NNW,NNW,North North Westerly,8,5,2024-04-12T09:02:21+01:00,2024-04-12T09:02:21.287+01:00,2653822,Cardiff
A clear sky and light winds,0,9,49,11,7,83,2024-04-22,0,Precipitation is not expected,1022,10,50,23:00,1,Good,0,Clear Sky,Light winds from the west north west,WNW,WNW,West North Westerly,8,5,2024-04-12T09:02:21+01:00,2024-04-12T09:02:21.287+01:00,2653822,Cardiff
A clear sky and light winds,0,9,48,10,6,84,2024-04-23,0,Precipitation is not expected,1022,9,49,00:00,1,Good,0,Clear Sky,Light winds from the west north west,WNW,WNW,West North Westerly,8,5,2024-04-12T09:02:21+01:00,2024-04-12T09:02:21.287+01:00,2653822,Cardiff
A clear sky and light winds,0,8,47,10,6,87,2024-04-23,0,Precipitation is not expected,1022,9,48,01:00,1,Good,0,Clear Sky,Light winds from the east north east,ENE,ENE,East North Easterly,8,5,2024-04-12T09:02:21+01:00,2024-04-12T09:02:21.287+01:00,2653822,Cardiff
A clear sky and light winds,0,8,46,10,6,88,2024-04-23,0,Precipitation is not expected,1022,9,47,02:00,1,Good,0,Clear Sky,Light winds from the north east,NE,NE,North Easterly,8,5,2024-04-12T09:02:21+01:00,2024-04-12T09:02:21.287+01:00,2653822,Cardiff
A clear sky and light winds,0,8,46,10,6,88,2024-04-23,0,Precipitation is not expected,1022,9,47,03:00,1,Good,0,Clear Sky,Light winds from the north west,NW,NW,North Westerly,8,5,2024-04-12T09:02:21+01:00,2024-04-12T09:02:21.287+01:00,2653822,Cardiff
A clear sky and light winds,0,7,45,12,7,89,2024-04-23,0,Precipitation is not expected,1022,8,47,04:00,1,Good,0,Clear Sky,Light winds from the north north east,NNE,NNE,North North Easterly,8,5,2024-04-12T09:02:21+01:00,2024-04-12T09:02:21.287+01:00,2653822,Cardiff
A clear sky and light winds,0,7,46,14,9,88,2024-04-23,0,Precipitation is not expected,1022,9,47,05:00,1,Good,0,Clear Sky,Light winds from the west north west,WNW,WNW,West North Westerly,9,6,2024-04-12T09:02:21+01:00,2024-04-12T09:02:21.287+01:00,2653822,Cardiff
Sunny and light winds,1,7,45,16,10,89,2024-04-23,0,Precipitation is not expected,1021,9,47,06:00,1,Good,1,Sunny,Light winds from the south south west,SSW,SSW,South South Westerly,9,6,2024-04-12T09:02:21+01:00,2024-04-12T09:02:21.287+01:00,2653822,Cardiff
Sunny and light winds,1,7,45,18,11,89,2024-04-23,0,Precipitation is not expected,1021,9,47,07:00,1,Good,1,Sunny,Light winds from the west,W,W,Westerly,9,6,2024-04-12T09:02:21+01:00,2024-04-12T09:02:21.287+01:00,2653822,Cardiff
Sunny and light winds,1,8,46,21,13,87,2024-04-23,0,Precipitation is not expected,1021,9,48,08:00,1,Good,1,Sunny,Light winds from the west north west,WNW,WNW,West North Westerly,10,6,2024-04-12T09:02:21+01:00,2024-04-12T09:02:21.287+01:00,2653822,Cardiff
Sunny intervals and light winds,3,9,48,23,15,83,2024-04-23,0,Precipitation is not expected,1021,10,50,09:00,1,Good,3,Sunny Intervals,Light winds from the north west,NW,NW,North Westerly,11,7,2024-04-12T09:02:21+01:00,2024-04-12T09:02:21.287+01:00,2653822,Cardiff
Light cloud and a gentle breeze,7,10,49,24,15,79,2024-04-23,0,Precipitation is not expected,1022,11,51,10:00,1,Good,7,Light Cloud,A gentle breeze from the north west,NW,NW,North Westerly,12,8,2024-04-12T09:02:21+01:00,2024-04-12T09:02:21.287+01:00,2653822,Cardiff
Light cloud and a gentle breeze,7,11,51,26,16,75,2024-04-23,0,Precipitation is not expected,1021,12,53,11:00,1,Good,7,Light Cloud,A gentle breeze from the north,N,N,Northerly,13,8,2024-04-12T09:02:21+01:00,2024-04-12T09:02:21.287+01:00,2653822,Cardiff
Thick cloud and a gentle breeze,8,12,53,27,17,70,2024-04-23,0,Precipitation is not expected,1021,12,54,12:00,1,Good,8,Thick Cloud,A gentle breeze from the north north west,NNW,NNW,North North Westerly,13,8,2024-04-12T09:02:21+01:00,2024-04-12T09:02:21.287+01:00,2653822,Cardiff
Thick cloud and a gentle breeze,8,13,55,27,17,66,2024-04-23,0,Precipitation is not expected,1021,13,56,13:00,1,Good,8,Thick Cloud,A gentle breeze from the west north west,WNW,WNW,West North Westerly,14,9,2024-04-12T09:02:21+01:00,2024-04-12T09:02:21.287+01:00,2653822,Cardiff
Light cloud and a gentle breeze,7,13,55,26,16,65,2024-04-23,0,Precipitation is not expected,1021,13,56,14:00,1,Good,7,Light Cloud,A gentle breeze from the west north west,WNW,WNW,West North Westerly,14,9,2024-04-12T09:02:21+01:00,2024-04-12T09:02:21.287+01:00,2653822,Cardiff
Light cloud and a gentle breeze,7,13,55,26,16,63,2024-04-23,0,Precipitation is not expected,1021,14,57,15:00,1,Good,7,Light Cloud,A gentle breeze from the west north west,WNW,WNW,West North Westerly,14,9,2024-04-12T09:02:21+01:00,2024-04-12T09:02:21.287+01:00,2653822,Cardiff
Sunny intervals and a gentle breeze,3,13,56,24,15,62,2024-04-23,0,Precipitation is not expected,1020,14,57,16:00,1,Good,3,Sunny Intervals,A gentle breeze from the west north west,WNW,WNW,West North Westerly,15,9,2024-04-12T09:02:21+01:00,2024-04-12T09:02:21.287+01:00,2653822,Cardiff
Sunny intervals and a gentle breeze,3,13,55,23,14,64,2024-04-23,0,Precipitation is not expected,1020,13,56,17:00,1,Good,3,Sunny Intervals,A gentle breeze from the north,N,N,Northerly,14,9,2024-04-12T09:02:21+01:00,2024-04-12T09:02:21.287+01:00,2653822,Cardiff
Sunny intervals and a gentle breeze,3,12,54,22,14,67,2024-04-23,0,Precipitation is not expected,1020,13,55,18:00,1,Good,3,Sunny Intervals,A gentle breeze from the north,N,N,Northerly,14,9,2024-04-12T09:02:21+01:00,2024-04-12T09:02:21.287+01:00,2653822,Cardiff
Sunny and a gentle breeze,1,12,53,18,11,71,2024-04-23,0,Precipitation is not expected,1020,12,54,19:00,1,Good,1,Sunny,A gentle breeze from the north north east,NNE,NNE,North North Easterly,13,8,2024-04-12T09:02:21+01:00,2024-04-12T09:02:21.287+01:00,2653822,Cardiff
Sunny and light winds,1,11,51,14,9,74,2024-04-23,0,Precipitation is not expected,1020,11,53,20:00,1,Good,1,Sunny,Light winds from the north north east,NNE,NNE,North North Easterly,12,7,2024-04-12T09:02:21+01:00,2024-04-12T09:02:21.287+01:00,2653822,Cardiff
A clear sky and light winds,0,10,49,13,8,77,2024-04-23,0,Precipitation is not expected,1020,11,51,21:00,1,Good,0,Clear Sky,Light winds from the north east,NE,NE,North Easterly,12,7,2024-04-12T09:02:21+01:00,2024-04-12T09:02:21.287+01:00,2653822,Cardiff
A clear sky and light winds,0,9,47,13,8,80,2024-04-23,0,Precipitation is not expected,1020,10,50,22:00,1,Good,0,Clear Sky,Light winds from the north north east,NNE,NNE,North North Easterly,12,7,2024-04-12T09:02:21+01:00,2024-04-12T09:02:21.287+01:00,2653822,Cardiff
A clear sky and light winds,0,8,46,13,8,82,2024-04-23,0,Precipitation is not expected,1020,9,49,23:00,1,Good,0,Clear Sky,Light winds from the north east,NE,NE,North Easterly,12,7,2024-04-12T09:02:21+01:00,2024-04-12T09:02:21.287+01:00,2653822,Cardiff
A clear sky and light winds,0,7,45,13,8,83,2024-04-24,0,Precipitation is not expected,1020,9,48,00:00,1,Good,0,Clear Sky,Light winds from the north east,NE,NE,North Easterly,12,7,2024-04-12T09:02:21+01:00,2024-04-12T09:02:21.287+01:00,2653822,Cardiff
A clear sky and light winds,0,7,44,13,8,85,2024-04-24,0,Precipitation is not expected,1020,8,47,01:00,1,Good,0,Clear Sky,Light winds from the north east,NE,NE,North Easterly,12,7,2024-04-12T09:02:21+01:00,2024-04-12T09:02:21.287+01:00,2653822,Cardiff
A clear sky and light winds,0,6,43,14,9,86,2024-04-24,0,Precipitation is not expected,1020,8,46,02:00,1,Good,0,Clear Sky,Light winds from the north east,NE,NE,North Easterly,12,7,2024-04-12T09:02:21+01:00,2024-04-12T09:02:21.287+01:00,2653822,Cardiff
A clear sky and light winds,0,6,43,13,8,85,2024-04-24,0,Precipitation is not expected,1020,8,46,03:00,1,Good,0,Clear Sky,Light winds from the north north east,NNE,NNE,North North Easterly,12,7,2024-04-12T09:02:21+01:00,2024-04-12T09:02:21.287+01:00,2653822,Cardiff
A clear sky and light winds,0,6,43,14,9,86,2024-04-24,0,Precipitation is not expected,1020,8,46,04:00,1,Good,0,Clear Sky,Light winds from the north north east,NNE,NNE,North North Easterly,12,7,2024-04-12T09:02:21+01:00,2024-04-12T09:02:21.287+01:00,2653822,Cardiff
A clear sky and a gentle breeze,0,6,42,14,9,86,2024-04-24,0,Precipitation is not expected,1019,8,46,05:00,1,Good,0,Clear Sky,A gentle breeze from the north,N,N,Northerly,12,8,2024-04-12T09:02:21+01:00,2024-04-12T09:02:21.287+01:00,2653822,Cardiff
Sunny and light winds,1,6,43,14,9,85,2024-04-24,0,Precipitation is not expected,1019,8,46,06:00,1,Good,1,Sunny,Light winds from the north,N,N,Northerly,12,7,2024-04-12T09:02:21+01:00,2024-04-12T09:02:21.287+01:00,2653822,Cardiff
Sunny intervals and light winds,3,6,43,14,9,85,2024-04-24,0,Precipitation is not expected,1019,8,46,07:00,1,Good,3,Sunny Intervals,Light winds from the north,N,N,Northerly,12,7,2024-04-12T09:02:21+01:00,2024-04-12T09:02:21.287+01:00,2653822,Cardiff
Sunny intervals and a gentle breeze,3,7,44,14,9,83,2024-04-24,0,Precipitation is not expected,1019,8,47,08:00,1,Good,3,Sunny Intervals,A gentle breeze from the north,N,N,Northerly,12,8,2024-04-12T09:02:21+01:00,2024-04-12T09:02:21.287+01:00,2653822,Cardiff
Sunny intervals and a gentle breeze,3,8,46,15,9,80,2024-04-24,0,Precipitation is not expected,1018,9,49,09:00,1,Good,3,Sunny Intervals,A gentle breeze from the north,N,N,Northerly,12,8,2024-04-12T09:02:21+01:00,2024-04-12T09:02:21.287+01:00,2653822,Cardiff
Light cloud and a gentle breeze,7,9,49,16,10,77,2024-04-24,0,Precipitation is not expected,1018,11,51,10:00,1,Good,7,Light Cloud,A gentle breeze from the north,N,N,Northerly,13,8,2024-04-12T09:02:21+01:00,2024-04-12T09:02:21.287+01:00,2653822,Cardiff
Light rain showers and a gentle breeze,10,10,51,16,10,74,2024-04-24,16,Low chance of precipitation,1018,11,52,11:00,1,Good,10,Light Rain Showers,A gentle breeze from the north,N,N,Northerly,14,9,2024-04-12T09:02:21+01:00,2024-04-12T09:02:21.287+01:00,2653822,Cardiff
Light rain showers and a gentle breeze,10,11,52,16,10,71,2024-04-24,16,Low chance of precipitation,1018,12,54,12:00,1,Good,10,Light Rain Showers,A gentle breeze from the north west,NW,NW,North Westerly,14,9,2024-04-12T09:02:21+01:00,2024-04-12T09:02:21.287+01:00,2653822,Cardiff
Light rain showers and a gentle breeze,10,12,54,17,11,68,2024-04-24,16,Low chance of precipitation,1017,13,55,13:00,1,Moderate,10,Light Rain Showers,A gentle breeze from the west north west,WNW,WNW,West North Westerly,14,9,2024-04-12T09:02:21+01:00,2024-04-12T09:02:21.287+01:00,2653822,Cardiff
Light rain showers and a gentle breeze,10,12,54,25,15,67,2024-04-24,29,Low chance of precipitation,1017,13,55,14:00,1,Moderate,10,Light Rain Showers,A gentle breeze from the north north east,NNE,NNE,North North Easterly,14,9,2024-04-12T09:02:21+01:00,2024-04-12T09:02:21.287+01:00,2653822,Cardiff
Light rain showers and a gentle breeze,10,13,55,33,20,66,2024-04-24,28,Low chance of precipitation,1017,13,56,15:00,1,Moderate,10,Light Rain Showers,A gentle breeze from the north,N,N,Northerly,15,9,2024-04-12T09:02:21+01:00,2024-04-12T09:02:21.287+01:00,2653822,Cardiff
Light rain showers and a gentle breeze,10,13,55,39,24,65,2024-04-24,28,Low chance of precipitation,1017,13,56,16:00,1,Good,10,Light Rain Showers,A gentle breeze from the north,N,N,Northerly,15,9,2024-04-12T09:02:21+01:00,2024-04-12T09:02:21.287+01:00,2653822,Cardiff
Light rain showers and a gentle breeze,10,12,54,39,24,67,2024-04-24,24,Low chance of precipitation,1017,13,56,17:00,1,Good,10,Light Rain Showers,A gentle breeze from the north north east,NNE,NNE,North North Easterly,16,10,2024-04-12T09:02:21+01:00,2024-04-12T09:02:21.287+01:00,2653822,Cardiff
Light rain showers and a gentle breeze,10,12,53,39,24,69,2024-04-24,27,Low chance of precipitation,1017,13,55,18:00,1,Good,10,Light Rain Showers,A gentle breeze from the north north east,NNE,NNE,North North Easterly,15,9,2024-04-12T09:02:21+01:00,2024-04-12T09:02:21.287+01:00,2653822,Cardiff
Light rain showers and a gentle breeze,10,11,52,37,23,72,2024-04-24,33,Chance of precipitation,1017,12,53,19:00,1,Good,10,Light Rain Showers,A gentle breeze from the north north east,NNE,NNE,North North Easterly,15,9,2024-04-12T09:02:21+01:00,2024-04-12T09:02:21.287+01:00,2653822,Cardiff
Sunny intervals and a gentle breeze,3,10,50,37,23,75,2024-04-24,17,Low chance of precipitation,1017,11,52,20:00,1,Good,3,Sunny Intervals,A gentle breeze from the north north east,NNE,NNE,North North Easterly,14,9,2024-04-12T09:02:21+01:00,2024-04-12T09:02:21.287+01:00,2653822,Cardiff
Partly cloudy and a gentle breeze,2,9,48,37,23,78,2024-04-24,15,Low chance of precipitation,1017,10,51,21:00,1,Good,2,Partly Cloudy,A gentle breeze from the north north east,NNE,NNE,North North Easterly,14,9,2024-04-12T09:02:21+01:00,2024-04-12T09:02:21.287+01:00,2653822,Cardiff
A clear sky and a gentle breeze,0,8,47,37,23,81,2024-04-24,15,Low chance of precipitation,1018,10,49,22:00,1,Good,0,Clear Sky,A gentle breeze from the north north east,NNE,NNE,North North Easterly,15,9,2024-04-12T09:02:21+01:00,2024-04-12T09:02:21.287+01:00,2653822,Cardiff
A clear sky and a gentle breeze,0,8,46,36,22,82,2024-04-24,12,Low chance of precipitation,1018,9,49,23:00,1,Good,0,Clear Sky,A gentle breeze from the north east,NE,NE,North Easterly,14,9,2024-04-12T09:02:21+01:00,2024-04-12T09:02:21.287+01:00,2653822,Cardiff
A clear sky and a gentle breeze,0,7,45,34,21,84,2024-04-25,12,Low chance of precipitation,1018,9,48,00:00,1,Good,0,Clear Sky,A gentle breeze from the north east,NE,NE,North Easterly,14,9,2024-04-12T09:02:21+01:00,2024-04-12T09:02:21.287+01:00,2653822,Cardiff
A clear sky and a gentle breeze,0,7,44,35,22,86,2024-04-25,12,Low chance of precipitation,1018,8,47,01:00,1,Good,0,Clear Sky,A gentle breeze from the north east,NE,NE,North Easterly,14,9,2024-04-12T09:02:21+01:00,2024-04-12T09:02:21.287+01:00,2653822,Cardiff
A clear sky and a gentle breeze,0,6,43,34,21,87,2024-04-25,0,Precipitation is not expected,1018,8,46,02:00,1,Good,0,Clear Sky,A gentle breeze from the north north east,NNE,NNE,North North Easterly,14,9,2024-04-12T09:02:21+01:00,2024-04-12T09:02:21.287+01:00,2653822,Cardiff
A clear sky and a gentle breeze,0,6,43,33,21,87,2024-04-25,0,Precipitation is not expected,1018,8,46,03:00,1,Good,0,Clear Sky,A gentle breeze from the north north east,NNE,NNE,North North Easterly,14,9,2024-04-12T09:02:21+01:00,2024-04-12T09:02:21.287+01:00,2653822,Cardiff
A clear sky and a gentle breeze,0,6,42,34,21,88,2024-04-25,0,Precipitation is not expected,1018,8,46,04:00,1,Good,0,Clear Sky,A gentle breeze from the north north east,NNE,NNE,North North Easterly,14,9,2024-04-12T09:02:21+01:00,2024-04-12T09:02:21.287+01:00,2653822,Cardiff
A clear sky and a gentle breeze,0,6,43,33,21,87,2024-04-25,0,Precipitation is not expected,1018,8,46,05:00,1,Good,0,Clear Sky,A gentle breeze from the north north east,NNE,NNE,North North Easterly,15,9,2024-04-12T09:02:21+01:00,2024-04-12T09:02:21.287+01:00,2653822,Cardiff
Sunny and a gentle breeze,1,6,42,33,21,86,2024-04-25,0,Precipitation is not expected,1018,8,46,06:00,1,Good,1,Sunny,A gentle breeze from the north north east,NNE,NNE,North North Easterly,15,9,2024-04-12T09:02:21+01:00,2024-04-12T09:02:21.287+01:00,2653822,Cardiff
Sunny and a gentle breeze,1,6,42,32,20,87,2024-04-25,0,Precipitation is not expected,1018,8,46,07:00,1,Good,1,Sunny,A gentle breeze from the north north east,NNE,NNE,North North Easterly,15,9,2024-04-12T09:02:21+01:00,2024-04-12T09:02:21.287+01:00,2653822,Cardiff
Sunny and a gentle breeze,1,6,44,31,19,85,2024-04-25,0,Precipitation is not expected,1018,8,47,08:00,1,Good,1,Sunny,A gentle breeze from the north north east,NNE,NNE,North North Easterly,15,9,2024-04-12T09:02:21+01:00,2024-04-12T09:02:21.287+01:00,2653822,Cardiff
Sunny intervals and a gentle breeze,3,8,46,29,18,82,2024-04-25,0,Precipitation is not expected,1018,9,49,09:00,1,Good,3,Sunny Intervals,A gentle breeze from the north north east,NNE,NNE,North North Easterly,15,9,2024-04-12T09:02:21+01:00,2024-04-12T09:02:21.287+01:00,2653822,Cardiff
Sunny intervals and a gentle breeze,3,9,48,29,18,79,2024-04-25,0,Precipitation is not expected,1019,10,50,10:00,1,Good,3,Sunny Intervals,A gentle breeze from the north north east,NNE,NNE,North North Easterly,15,9,2024-04-12T09:02:21+01:00,2024-04-12T09:02:21.287+01:00,2653822,Cardiff
Sunny intervals and a gentle breeze,3,10,50,28,18,75,2024-04-25,11,Low chance of precipitation,1019,11,52,11:00,1,Good,3,Sunny Intervals,A gentle breeze from the north east,NE,NE,North Easterly,15,9,2024-04-12T09:02:21+01:00,2024-04-12T09:02:21.287+01:00,2653822,Cardiff
Light cloud and a gentle breeze,7,11,51,27,17,71,2024-04-25,14,Low chance of precipitation,1019,12,53,12:00,1,Good,7,Light Cloud,A gentle breeze from the north north east,NNE,NNE,North North Easterly,16,10,2024-04-12T09:02:21+01:00,2024-04-12T09:02:21.287+01:00,2653822,Cardiff
Light cloud and a gentle breeze,7,12,53,28,18,67,2024-04-25,16,Low chance of precipitation,1019,13,55,13:00,1,Good,7,Light Cloud,A gentle breeze from the north north east,NNE,NNE,North North Easterly,15,9,2024-04-12T09:02:21+01:00,2024-04-12T09:02:21.287+01:00,2653822,Cardiff
Light rain showers and a gentle breeze,10,11,52,29,18,65,2024-04-25,41,Chance of precipitation,1019,12,54,14:00,1,Good,10,Light Rain Showers,A gentle breeze from the north north west,NNW,NNW,North North Westerly,15,9,2024-04-12T09:02:21+01:00,2024-04-12T09:02:21.287+01:00,2653822,Cardiff
Light rain showers and a gentle breeze,10,12,53,30,19,64,2024-04-25,41,Chance of precipitation,1018,13,55,15:00,1,Good,10,Light Rain Showers,A gentle breeze from the north north west,NNW,NNW,North North Westerly,15,9,2024-04-12T09:02:21+01:00,2024-04-12T09:02:21.287+01:00,2653822,Cardiff
Light rain showers and a gentle breeze,10,12,54,31,19,63,2024-04-25,41,Chance of precipitation,1018,13,55,16:00,1,Good,10,Light Rain Showers,A gentle breeze from the north west,NW,NW,North Westerly,15,9,2024-04-12T09:02:21+01:00,2024-04-12T09:02:21.287+01:00,2653822,Cardiff
Light rain showers and a gentle breeze,10,12,53,32,20,65,2024-04-25,32,Chance of precipitation,1018,13,55,17:00,1,Good,10,Light Rain Showers,A gentle breeze from the north north west,NNW,NNW,North North Westerly,14,9,2024-04-12T09:02:21+01:00,2024-04-12T09:02:21.287+01:00,2653822,Cardiff
Light rain showers and a gentle breeze,10,11,52,31,19,67,2024-04-25,28,Low chance of precipitation,1018,12,54,18:00,1,Good,10,Light Rain Showers,A gentle breeze from the north north west,NNW,NNW,North North Westerly,13,8,2024-04-12T09:02:21+01:00,2024-04-12T09:02:21.287+01:00,2653822,Cardiff
Sunny intervals and a gentle breeze,3,11,51,29,18,71,2024-04-25,27,Low chance of precipitation,1019,12,53,19:00,1,Good,3,Sunny Intervals,A gentle breeze from the north,N,N,Northerly,13,8,2024-04-12T09:02:21+01:00,2024-04-12T09:02:21.287+01:00,2653822,Cardiff
Sunny and light winds,1,10,50,29,18,74,2024-04-25,0,Precipitation is not expected,1019,11,51,20:00,1,Good,1,Sunny,Light winds from the north,N,N,Northerly,12,7,2024-04-12T09:02:21+01:00,2024-04-12T09:02:21.287+01:00,2653822,Cardiff
A clear sky and a gentle breeze,0,9,48,27,17,76,2024-04-25,0,Precipitation is not expected,1019,10,50,21:00,1,Good,0,Clear Sky,A gentle breeze from the north,N,N,Northerly,12,8,2024-04-12T09:02:21+01:00,2024-04-12T09:02:21.287+01:00,2653822,Cardiff
A clear sky and a gentle breeze,0,8,46,22,14,80,2024-04-25,0,Precipitation is not expected,1020,9,48,22:00,1,Good,0,Clear Sky,A gentle breeze from the north north east,NNE,NNE,North North Easterly,12,8,2024-04-12T09:02:21+01:00,2024-04-12T09:02:21.287+01:00,2653822,Cardiff
A clear sky and light winds,0,7,45,17,11,82,2024-04-25,0,Precipitation is not expected,1020,9,47,23:00,1,Good,0,Clear Sky,Light winds from the north east,NE,NE,North Easterly,12,7,2024-04-12T09:02:21+01:00,2024-04-12T09:02:21.287+01:00,2653822,Cardiff
A clear sky and light winds,0,6,43,13,8,84,2024-04-26,0,Precipitation is not expected,1020,8,46,00:00,1,Good,0,Clear Sky,Light winds from the north east,NE,NE,North Easterly,12,7,2024-04-12T09:02:21+01:00,2024-04-12T09:02:21.287+01:00,2653822,Cardiff
A clear sky and light winds,0,6,42,13,8,86,2024-04-26,0,Precipitation is not expected,1020,7,45,01:00,1,Good,0,Clear Sky,Light winds from the north,N,N,Northerly,11,7,2024-04-12T09:02:21+01:00,2024-04-12T09:02:21.287+01:00,2653822,Cardiff
A clear sky and light winds,0,4,40,12,8,87,2024-04-26,0,Precipitation is not expected,1020,6,43,02:00,1,Good,0,Clear Sky,Light winds from the north,N,N,Northerly,11,7,2024-04-12T09:02:21+01:00,2024-04-12T09:02:21.287+01:00,2653822,Cardiff
A clear sky and light winds,0,4,39,12,7,89,2024-04-26,0,Precipitation is not expected,1020,6,42,03:00,1,Good,0,Clear Sky,Light winds from the north,N,N,Northerly,10,6,2024-04-12T09:02:21+01:00,2024-04-12T09:02:21.287+01:00,2653822,Cardiff
A clear sky and light winds,0,4,39,12,7,89,2024-04-26,0,Precipitation is not expected,1020,6,42,04:00,1,Good,0,Clear Sky,Light winds from the north,N,N,Northerly,10,6,2024-04-12T09:02:21+01:00,2024-04-12T09:02:21.287+01:00,2653822,Cardiff
A clear sky and light winds,0,4,39,12,7,87,2024-04-26,0,Precipitation is not expected,1020,6,43,05:00,1,Good,0,Clear Sky,Light winds from the north,N,N,Northerly,10,6,2024-04-12T09:02:21+01:00,2024-04-12T09:02:21.287+01:00,2653822,Cardiff
