enhancedWeatherDescription,extendedWeatherType,feelsLikeTemperatureC,feelsLikeTemperatureF,gustSpeedKph,gustSpeedMph,humidity,localDate,precipitationProbabilityInPercent,precipitationProbabilityText,pressure,temperatureC,temperatureF,timeslot,timeslotLength,visibility,weatherType,weatherTypeText,windDescription,windDirection,windDirectionAbbreviation,windDirectionFull,windSpeedKph,windSpeedMph,issueDate,lastUpdated,location_id,location_name
Light cloud and a moderate breeze,7,-4,24,49,30,74,2024-01-09,0,Precipitation is not expected,1031,1,33,09:00,1,Good,7,Light Cloud,A moderate breeze from the north east,NE,NE,North Easterly,21,13,2024-01-08T21:42:00+00:00,2024-01-09T08:01:46.416Z,2653822,Cardiff
Light cloud and a moderate breeze,7,-4,24,50,31,74,2024-01-09,0,Precipitation is not expected,1032,1,34,10:00,1,Good,7,Light Cloud,A moderate breeze from the east north east,ENE,ENE,East North Easterly,23,14,2024-01-08T21:42:00+00:00,2024-01-09T08:01:46.416Z,2653822,Cardiff
Light cloud and a moderate breeze,7,-4,25,51,32,73,2024-01-09,0,Precipitation is not expected,1032,1,35,11:00,1,Good,7,Light Cloud,A moderate breeze from the east north east,ENE,ENE,East North Easterly,24,15,2024-01-08T21:42:00+00:00,2024-01-09T08:01:46.416Z,2653822,Cardiff
Light cloud and a moderate breeze,7,-3,26,51,32,71,2024-01-09,0,Precipitation is not expected,1031,2,35,12:00,1,Good,7,Light Cloud,A moderate breeze from the east north east,ENE,ENE,East North Easterly,25,15,2024-01-08T21:42:00+00:00,2024-01-09T08:01:46.416Z,2653822,Cardiff
Sunny intervals and a moderate breeze,3,-3,27,51,32,69,2024-01-09,0,Precipitation is not expected,1031,2,36,13:00,1,Good,3,Sunny Intervals,A moderate breeze from the east north east,ENE,ENE,East North Easterly,24,15,2024-01-08T21:42:00+00:00,2024-01-09T08:01:46.416Z,2653822,Cardiff
Sunny intervals and a moderate breeze,3,-3,27,50,31,67,2024-01-09,0,Precipitation is not expected,1030,2,36,14:00,1,Good,3,Sunny Intervals,A moderate breeze from the east north east,ENE,ENE,East North Easterly,24,15,2024-01-08T21:42:00+00:00,2024-01-09T08:01:46.416Z,2653822,Cardiff
Sunny and a moderate breeze,1,-3,27,50,31,67,2024-01-09,0,Precipitation is not expected,1030,2,36,15:00,1,Good,1,Sunny,A moderate breeze from the east north east,ENE,ENE,East North Easterly,23,14,2024-01-08T21:42:00+00:00,2024-01-09T08:01:46.416Z,2653822,Cardiff
Sunny intervals and a moderate breeze,3,-3,26,49,30,69,2024-01-09,0,Precipitation is not expected,1030,2,35,16:00,1,Good,3,Sunny Intervals,A moderate breeze from the east north east,ENE,ENE,East North Easterly,22,14,2024-01-08T21:42:00+00:00,2024-01-09T08:01:46.416Z,2653822,Cardiff
A clear sky and a moderate breeze,0,-4,25,50,31,71,2024-01-09,0,Precipitation is not expected,1030,1,34,17:00,1,Good,0,Clear Sky,A moderate breeze from the north east,NE,NE,North Easterly,21,13,2024-01-08T21:42:00+00:00,2024-01-09T08:01:46.416Z,2653822,Cardiff
A clear sky and a moderate breeze,0,-6,21,50,31,71,2024-01-09,0,Precipitation is not expected,1030,-1,31,18:00,1,Good,0,Clear Sky,A moderate breeze from the north east,NE,NE,North Easterly,22,14,2024-01-08T21:42:00+00:00,2024-01-09T08:01:46.416Z,2653822,Cardiff
A clear sky and a moderate breeze,0,-7,20,49,30,70,2024-01-09,0,Precipitation is not expected,1030,-1,30,19:00,1,Good,0,Clear Sky,A moderate breeze from the north east,NE,NE,North Easterly,23,15,2024-01-08T21:42:00+00:00,2024-01-09T08:01:46.416Z,2653822,Cardiff
A clear sky and a moderate breeze,0,-7,19,48,30,70,2024-01-09,0,Precipitation is not expected,1031,-1,30,20:00,1,Good,0,Clear Sky,A moderate breeze from the north east,NE,NE,North Easterly,23,15,2024-01-08T21:42:00+00:00,2024-01-09T08:01:46.416Z,2653822,Cardiff
A clear sky and a moderate breeze,0,-7,19,48,30,71,2024-01-09,0,Precipitation is not expected,1031,-1,30,21:00,1,Good,0,Clear Sky,A moderate breeze from the north east,NE,NE,North Easterly,23,14,2024-01-08T21:42:00+00:00,2024-01-09T08:01:46.416Z,2653822,Cardiff
A clear sky and a moderate breeze,0,-7,19,48,30,72,2024-01-09,0,Precipitation is not expected,1031,-1,29,22:00,1,Good,0,Clear Sky,A moderate breeze from the north east,NE,NE,North Easterly,22,14,2024-01-08T21:42:00+00:00,2024-01-09T08:01:46.416Z,2653822,Cardiff
A clear sky and a moderate breeze,0,-7,19,48,30,76,2024-01-09,0,Precipitation is not expected,1030,-1,29,23:00,1,Good,0,Clear Sky,A moderate breeze from the north east,NE,NE,North Easterly,23,14,2024-01-08T21:42:00+00:00,2024-01-09T08:01:46.416Z,2653822,Cardiff
A clear sky and a moderate breeze,0,-7,19,49,30,79,2024-01-10,0,Precipitation is not expected,1030,-1,29,00:00,1,Good,0,Clear Sky,A moderate breeze from the north east,NE,NE,North Easterly,22,14,2024-01-08T21:42:00+00:00,2024-01-09T08:01:46.416Z,2653822,Cardiff
A clear sky and a moderate breeze,0,-7,19,49,30,80,2024-01-10,0,Precipitation is not expected,1030,-1,30,01:00,1,Good,0,Clear Sky,A moderate breeze from the north east,NE,NE,North Easterly,22,14,2024-01-08T21:42:00+00:00,2024-01-09T08:01:46.416Z,2653822,Cardiff
A clear sky and a moderate breeze,0,-7,19,49,30,81,2024-01-10,0,Precipitation is not expected,1029,-1,29,02:00,1,Good,0,Clear Sky,A moderate breeze from the north east,NE,NE,North Easterly,22,14,2024-01-08T21:42:00+00:00,2024-01-09T08:01:46.416Z,2653822,Cardiff
A clear sky and a moderate breeze,0,-7,19,49,31,82,2024-01-10,0,Precipitation is not expected,1029,-1,29,03:00,1,Good,0,Clear Sky,A moderate breeze from the north east,NE,NE,North Easterly,22,14,2024-01-08T21:42:00+00:00,2024-01-09T08:01:46.416Z,2653822,Cardiff
A clear sky and a moderate breeze,0,-7,19,49,31,82,2024-01-10,0,Precipitation is not expected,1029,-1,29,04:00,1,Good,0,Clear Sky,A moderate breeze from the north east,NE,NE,North Easterly,22,14,2024-01-08T21:42:00+00:00,2024-01-09T08:01:46.416Z,2653822,Cardiff
A clear sky and a moderate breeze,0,-7,19,49,30,83,2024-01-10,0,Precipitation is not expected,1029,-1,30,05:00,1,Good,0,Clear Sky,A moderate breeze from the north east,NE,NE,North Easterly,22,14,2024-01-08T21:42:00+00:00,2024-01-09T08:01:46.416Z,2653822,Cardiff
A clear sky and a moderate breeze,0,-7,20,49,30,84,2024-01-10,0,Precipitation is not expected,1029,-1,30,06:00,1,Good,0,Clear Sky,A moderate breeze from the north east,NE,NE,North Easterly,22,14,2024-01-08T21:42:00+00:00,2024-01-09T08:01:46.416Z,2653822,Cardiff
A clear sky and a moderate breeze,0,-7,20,48,30,84,2024-01-10,0,Precipitation is not expected,1029,-1,30,07:00,1,Good,0,Clear Sky,A moderate breeze from the north east,NE,NE,North Easterly,21,13,2024-01-08T21:42:00+00:00,2024-01-09T08:01:46.416Z,2653822,Cardiff
A clear sky and a moderate breeze,0,-6,21,48,30,84,2024-01-10,0,Precipitation is not expected,1029,-1,31,08:00,1,Good,0,Clear Sky,A moderate breeze from the north east,NE,NE,North Easterly,21,13,2024-01-08T21:42:00+00:00,2024-01-09T08:01:46.416Z,2653822,Cardiff
Sunny and a moderate breeze,1,-4,25,49,30,83,2024-01-10,0,Precipitation is not expected,1030,1,34,09:00,1,Good,1,Sunny,A moderate breeze from the north east,NE,NE,North Easterly,21,13,2024-01-08T21:42:00+00:00,2024-01-09T08:01:46.416Z,2653822,Cardiff
Sunny and a moderate breeze,1,-3,27,48,30,81,2024-01-10,0,Precipitation is not expected,1030,2,36,10:00,1,Good,1,Sunny,A moderate breeze from the north east,NE,NE,North Easterly,22,14,2024-01-08T21:42:00+00:00,2024-01-09T08:01:46.416Z,2653822,Cardiff
Sunny and a moderate breeze,1,-1,30,48,30,78,2024-01-10,0,Precipitation is not expected,1030,3,38,11:00,1,Good,1,Sunny,A moderate breeze from the north east,NE,NE,North Easterly,22,14,2024-01-08T21:42:00+00:00,2024-01-09T08:01:46.416Z,2653822,Cardiff
Sunny intervals and a moderate breeze,3,0,31,48,30,75,2024-01-10,0,Precipitation is not expected,1030,4,39,12:00,1,Good,3,Sunny Intervals,A moderate breeze from the north east,NE,NE,North Easterly,22,14,2024-01-08T21:42:00+00:00,2024-01-09T08:01:46.416Z,2653822,Cardiff
Sunny intervals and a moderate breeze,3,0,33,47,29,73,2024-01-10,0,Precipitation is not expected,1029,4,40,13:00,1,Good,3,Sunny Intervals,A moderate breeze from the north east,NE,NE,North Easterly,22,14,2024-01-08T21:42:00+00:00,2024-01-09T08:01:46.416Z,2653822,Cardiff
Sunny intervals and a moderate breeze,3,1,33,45,28,73,2024-01-10,0,Precipitation is not expected,1029,5,40,14:00,1,Good,3,Sunny Intervals,A moderate breeze from the north east,NE,NE,North Easterly,21,13,2024-01-08T21:42:00+00:00,2024-01-09T08:01:46.416Z,2653822,Cardiff
Sunny intervals and a moderate breeze,3,1,33,43,27,74,2024-01-10,0,Precipitation is not expected,1029,4,40,15:00,1,Good,3,Sunny Intervals,A moderate breeze from the north east,NE,NE,North Easterly,21,13,2024-01-08T21:42:00+00:00,2024-01-09T08:01:46.416Z,2653822,Cardiff
Sunny intervals and a gentle breeze,3,0,33,40,25,78,2024-01-10,0,Precipitation is not expected,1029,4,39,16:00,1,Good,3,Sunny Intervals,A gentle breeze from the north east,NE,NE,North Easterly,20,12,2024-01-08T21:42:00+00:00,2024-01-09T08:01:46.416Z,2653822,Cardiff
Partly cloudy and a gentle breeze,2,0,32,37,23,82,2024-01-10,0,Precipitation is not expected,1030,4,39,17:00,1,Good,2,Partly Cloudy,A gentle breeze from the north east,NE,NE,North Easterly,18,11,2024-01-08T21:42:00+00:00,2024-01-09T08:01:46.416Z,2653822,Cardiff
Partly cloudy and a gentle breeze,2,-1,31,37,23,85,2024-01-10,0,Precipitation is not expected,1030,3,38,18:00,1,Good,2,Partly Cloudy,A gentle breeze from the north east,NE,NE,North Easterly,18,11,2024-01-08T21:42:00+00:00,2024-01-09T08:01:46.416Z,2653822,Cardiff
Partly cloudy and a gentle breeze,2,-1,31,37,23,86,2024-01-10,0,Precipitation is not expected,1030,3,38,19:00,1,Good,2,Partly Cloudy,A gentle breeze from the north east,NE,NE,North Easterly,19,12,2024-01-08T21:42:00+00:00,2024-01-09T08:01:46.416Z,2653822,Cardiff
Partly cloudy and a gentle breeze,2,-1,31,36,23,86,2024-01-10,0,Precipitation is not expected,1031,3,38,20:00,1,Good,2,Partly Cloudy,A gentle breeze from the north east,NE,NE,North Easterly,18,11,2024-01-08T21:42:00+00:00,2024-01-09T08:01:46.416Z,2653822,Cardiff
Partly cloudy and a gentle breeze,2,-1,31,36,22,87,2024-01-10,0,Precipitation is not expected,1031,3,38,21:00,1,Good,2,Partly Cloudy,A gentle breeze from the north east,NE,NE,North Easterly,18,11,2024-01-08T21:42:00+00:00,2024-01-09T08:01:46.416Z,2653822,Cardiff
Partly cloudy and a gentle breeze,2,-1,30,35,22,87,2024-01-10,0,Precipitation is not expected,1032,3,37,22:00,1,Good,2,Partly Cloudy,A gentle breeze from the north east,NE,NE,North Easterly,17,11,2024-01-08T21:42:00+00:00,2024-01-09T08:01:46.416Z,2653822,Cardiff
Partly cloudy and a gentle breeze,2,-1,30,35,22,88,2024-01-10,0,Precipitation is not expected,1032,3,37,23:00,1,Good,2,Partly Cloudy,A gentle breeze from the north east,NE,NE,North Easterly,18,11,2024-01-08T21:42:00+00:00,2024-01-09T08:01:46.416Z,2653822,Cardiff
A clear sky and a gentle breeze,0,-2,29,36,23,89,2024-01-11,0,Precipitation is not expected,1032,2,36,00:00,1,Good,0,Clear Sky,A gentle breeze from the north east,NE,NE,North Easterly,18,11,2024-01-08T21:42:00+00:00,2024-01-09T08:01:46.416Z,2653822,Cardiff
Partly cloudy and a gentle breeze,2,-2,29,36,23,91,2024-01-11,0,Precipitation is not expected,1033,2,36,01:00,1,Good,2,Partly Cloudy,A gentle breeze from the north east,NE,NE,North Easterly,17,10,2024-01-08T21:42:00+00:00,2024-01-09T08:01:46.416Z,2653822,Cardiff
Partly cloudy and a gentle breeze,2,-2,29,36,23,91,2024-01-11,0,Precipitation is not expected,1033,2,36,02:00,1,Good,2,Partly Cloudy,A gentle breeze from the north east,NE,NE,North Easterly,17,11,2024-01-08T21:42:00+00:00,2024-01-09T08:01:46.416Z,2653822,Cardiff
Partly cloudy and a gentle breeze,2,-2,28,36,22,92,2024-01-11,0,Precipitation is not expected,1034,2,35,03:00,1,Good,2,Partly Cloudy,A gentle breeze from the north east,NE,NE,North Easterly,17,11,2024-01-08T21:42:00+00:00,2024-01-09T08:01:46.416Z,2653822,Cardiff
Partly cloudy and a gentle breeze,2,-2,28,35,22,90,2024-01-11,0,Precipitation is not expected,1034,2,35,04:00,1,Good,2,Partly Cloudy,A gentle breeze from the north east,NE,NE,North Easterly,17,11,2024-01-08T21:42:00+00:00,2024-01-09T08:01:46.416Z,2653822,Cardiff
Partly cloudy and a gentle breeze,2,-2,28,34,21,91,2024-01-11,0,Precipitation is not expected,1034,2,35,05:00,1,Good,2,Partly Cloudy,A gentle breeze from the north east,NE,NE,North Easterly,17,11,2024-01-08T21:42:00+00:00,2024-01-09T08:01:46.416Z,2653822,Cardiff
Partly cloudy and a gentle breeze,2,-2,28,34,21,91,2024-01-11,0,Precipitation is not expected,1034,2,35,06:00,1,Good,2,Partly Cloudy,A gentle breeze from the north east,NE,NE,North Easterly,17,10,2024-01-08T21:42:00+00:00,2024-01-09T08:01:46.416Z,2653822,Cardiff
Partly cloudy and a gentle breeze,2,-2,28,35,22,90,2024-01-11,0,Precipitation is not expected,1035,2,35,07:00,1,Good,2,Partly Cloudy,A gentle breeze from the north east,NE,NE,North Easterly,16,10,2024-01-08T21:42:00+00:00,2024-01-09T08:01:46.416Z,2653822,Cardiff
A clear sky and a gentle breeze,0,-2,29,34,21,91,2024-01-11,0,Precipitation is not expected,1036,2,36,08:00,1,Good,0,Clear Sky,A gentle breeze from the north east,NE,NE,North Easterly,15,9,2024-01-08T21:42:00+00:00,2024-01-09T08:01:46.416Z,2653822,Cardiff
Sunny and a gentle breeze,1,-1,29,37,23,90,2024-01-11,0,Precipitation is not expected,1036,2,36,09:00,1,Good,1,Sunny,A gentle breeze from the north east,NE,NE,North Easterly,15,9,2024-01-08T21:42:00+00:00,2024-01-09T08:01:46.416Z,2653822,Cardiff
Sunny intervals and a gentle breeze,3,-1,31,39,24,87,2024-01-11,0,Precipitation is not expected,1037,3,38,10:00,1,Good,3,Sunny Intervals,A gentle breeze from the north east,NE,NE,North Easterly,17,10,2024-01-08T21:42:00+00:00,2024-01-09T08:01:46.416Z,2653822,Cardiff
Sunny intervals and a gentle breeze,3,1,33,42,26,85,2024-01-11,0,Precipitation is not expected,1037,4,40,11:00,1,Good,3,Sunny Intervals,A gentle breeze from the north east,NE,NE,North Easterly,17,11,2024-01-08T21:42:00+00:00,2024-01-09T08:01:46.416Z,2653822,Cardiff
Sunny intervals and a gentle breeze,3,2,35,40,25,82,2024-01-11,0,Precipitation is not expected,1037,5,41,12:00,1,Good,3,Sunny Intervals,A gentle breeze from the north east,NE,NE,North Easterly,19,12,2024-01-08T21:42:00+00:00,2024-01-09T08:01:46.416Z,2653822,Cardiff
Sunny intervals and a gentle breeze,3,2,36,39,24,80,2024-01-11,0,Precipitation is not expected,1037,6,42,13:00,1,Good,3,Sunny Intervals,A gentle breeze from the north east,NE,NE,North Easterly,18,11,2024-01-08T21:42:00+00:00,2024-01-09T08:01:46.416Z,2653822,Cardiff
Light cloud and a gentle breeze,7,3,37,37,23,79,2024-01-11,0,Precipitation is not expected,1037,6,42,14:00,1,Good,7,Light Cloud,A gentle breeze from the north east,NE,NE,North Easterly,17,11,2024-01-08T21:42:00+00:00,2024-01-09T08:01:46.416Z,2653822,Cardiff
Light cloud and a gentle breeze,7,3,37,35,22,79,2024-01-11,0,Precipitation is not expected,1037,6,42,15:00,1,Good,7,Light Cloud,A gentle breeze from the north east,NE,NE,North Easterly,16,10,2024-01-08T21:42:00+00:00,2024-01-09T08:01:46.416Z,2653822,Cardiff
Light cloud and a gentle breeze,7,3,37,31,19,81,2024-01-11,0,Precipitation is not expected,1037,5,42,16:00,1,Good,7,Light Cloud,A gentle breeze from the north east,NE,NE,North Easterly,15,9,2024-01-08T21:42:00+00:00,2024-01-09T08:01:46.416Z,2653822,Cardiff
Light cloud and a gentle breeze,36,3,37,29,18,82,2024-01-11,0,Precipitation is not expected,1037,5,41,17:00,1,Good,7,Light Cloud,A gentle breeze from the north east,NE,NE,North Easterly,13,8,2024-01-08T21:42:00+00:00,2024-01-09T08:01:46.416Z,2653822,Cardiff
Light cloud and a gentle breeze,36,2,36,29,18,83,2024-01-11,0,Precipitation is not expected,1037,5,41,18:00,1,Good,7,Light Cloud,A gentle breeze from the north east,NE,NE,North Easterly,13,8,2024-01-08T21:42:00+00:00,2024-01-09T08:01:46.416Z,2653822,Cardiff
Light cloud and a gentle breeze,36,2,36,27,17,85,2024-01-11,0,Precipitation is not expected,1038,5,41,19:00,1,Good,7,Light Cloud,A gentle breeze from the north east,NE,NE,North Easterly,13,8,2024-01-08T21:42:00+00:00,2024-01-09T08:01:46.416Z,2653822,Cardiff
Light cloud and a gentle breeze,36,2,35,26,16,85,2024-01-11,0,Precipitation is not expected,1038,5,40,20:00,1,Good,7,Light Cloud,A gentle breeze from the north east,NE,NE,North Easterly,12,8,2024-01-08T21:42:00+00:00,2024-01-09T08:01:46.416Z,2653822,Cardiff
Thick cloud and a gentle breeze,37,2,35,28,17,85,2024-01-11,0,Precipitation is not expected,1038,5,40,21:00,1,Good,8,Thick Cloud,A gentle breeze from the north east,NE,NE,North Easterly,12,8,2024-01-08T21:42:00+00:00,2024-01-09T08:01:46.416Z,2653822,Cardiff
Light cloud and light winds,36,2,36,28,18,85,2024-01-11,0,Precipitation is not expected,1038,5,41,22:00,1,Good,7,Light Cloud,Light winds from the north east,NE,NE,North Easterly,12,7,2024-01-08T21:42:00+00:00,2024-01-09T08:01:46.416Z,2653822,Cardiff
Light cloud and light winds,36,2,36,27,17,85,2024-01-11,0,Precipitation is not expected,1038,5,40,23:00,1,Good,7,Light Cloud,Light winds from the north east,NE,NE,North Easterly,12,7,2024-01-08T21:42:00+00:00,2024-01-09T08:01:46.416Z,2653822,Cardiff
Light cloud and light winds,36,2,36,27,17,86,2024-01-12,0,Precipitation is not expected,1038,5,40,00:00,1,Good,7,Light Cloud,Light winds from the north east,NE,NE,North Easterly,11,7,2024-01-08T21:42:00+00:00,2024-01-09T08:01:46.416Z,2653822,Cardiff
Light cloud and light winds,36,2,35,26,16,85,2024-01-12,0,Precipitation is not expected,1038,4,40,01:00,1,Good,7,Light Cloud,Light winds from the north east,NE,NE,North Easterly,11,7,2024-01-08T21:42:00+00:00,2024-01-09T08:01:46.416Z,2653822,Cardiff
Light cloud and light winds,36,2,35,24,15,86,2024-01-12,0,Precipitation is not expected,1037,4,40,02:00,1,Good,7,Light Cloud,Light winds from the north east,NE,NE,North Easterly,11,7,2024-01-08T21:42:00+00:00,2024-01-09T08:01:46.416Z,2653822,Cardiff
Light cloud and light winds,36,2,35,25,16,86,2024-01-12,0,Precipitation is not expected,1037,4,39,03:00,1,Good,7,Light Cloud,Light winds from the north east,NE,NE,North Easterly,11,7,2024-01-08T21:42:00+00:00,2024-01-09T08:01:46.416Z,2653822,Cardiff
Light cloud and light winds,36,1,34,26,16,86,2024-01-12,0,Precipitation is not expected,1037,4,39,04:00,1,Good,7,Light Cloud,Light winds from the north east,NE,NE,North Easterly,11,7,2024-01-08T21:42:00+00:00,2024-01-09T08:01:46.416Z,2653822,Cardiff
Light cloud and light winds,36,1,35,26,16,87,2024-01-12,0,Precipitation is not expected,1037,4,39,05:00,1,Good,7,Light Cloud,Light winds from the north east,NE,NE,North Easterly,10,6,2024-01-08T21:42:00+00:00,2024-01-09T08:01:46.416Z,2653822,Cardiff
Light cloud and light winds,36,1,35,25,15,86,2024-01-12,0,Precipitation is not expected,1037,4,39,06:00,1,Good,7,Light Cloud,Light winds from the north east,NE,NE,North Easterly,10,6,2024-01-08T21:42:00+00:00,2024-01-09T08:01:46.416Z,2653822,Cardiff
Light cloud and light winds,36,1,35,25,15,87,2024-01-12,0,Precipitation is not expected,1037,4,39,07:00,1,Good,7,Light Cloud,Light winds from the north east,NE,NE,North Easterly,10,6,2024-01-08T21:42:00+00:00,2024-01-09T08:01:46.416Z,2653822,Cardiff
Light cloud and light winds,36,1,35,24,15,87,2024-01-12,0,Precipitation is not expected,1037,4,39,08:00,1,Good,7,Light Cloud,Light winds from the north east,NE,NE,North Easterly,10,6,2024-01-08T21:42:00+00:00,2024-01-09T08:01:46.416Z,2653822,Cardiff
Light cloud and light winds,7,2,35,27,17,87,2024-01-12,0,Precipitation is not expected,1037,4,39,09:00,1,Good,7,Light Cloud,Light winds from the north east,NE,NE,North Easterly,10,6,2024-01-08T21:42:00+00:00,2024-01-09T08:01:46.416Z,2653822,Cardiff
Light cloud and light winds,7,2,36,29,18,85,2024-01-12,0,Precipitation is not expected,1037,5,40,10:00,1,Good,7,Light Cloud,Light winds from the north east,NE,NE,North Easterly,11,7,2024-01-08T21:42:00+00:00,2024-01-09T08:01:46.416Z,2653822,Cardiff
Light cloud and light winds,7,3,37,30,19,83,2024-01-12,0,Precipitation is not expected,1036,5,41,11:00,1,Good,7,Light Cloud,Light winds from the north east,NE,NE,North Easterly,11,7,2024-01-08T21:42:00+00:00,2024-01-09T08:01:46.416Z,2653822,Cardiff
Light cloud and light winds,7,3,37,29,18,79,2024-01-12,0,Precipitation is not expected,1036,5,42,12:00,1,Good,7,Light Cloud,Light winds from the north east,NE,NE,North Easterly,12,7,2024-01-08T21:42:00+00:00,2024-01-09T08:01:46.416Z,2653822,Cardiff
Light cloud and a gentle breeze,7,3,38,27,17,77,2024-01-12,0,Precipitation is not expected,1036,6,43,13:00,1,Good,7,Light Cloud,A gentle breeze from the north east,NE,NE,North Easterly,12,8,2024-01-08T21:42:00+00:00,2024-01-09T08:01:46.416Z,2653822,Cardiff
Light cloud and light winds,7,3,38,25,15,76,2024-01-12,0,Precipitation is not expected,1035,6,42,14:00,1,Good,7,Light Cloud,Light winds from the north east,NE,NE,North Easterly,11,7,2024-01-08T21:42:00+00:00,2024-01-09T08:01:46.416Z,2653822,Cardiff
Light cloud and light winds,7,3,38,21,13,77,2024-01-12,0,Precipitation is not expected,1035,5,42,15:00,1,Good,7,Light Cloud,Light winds from the north east,NE,NE,North Easterly,10,6,2024-01-08T21:42:00+00:00,2024-01-09T08:01:46.416Z,2653822,Cardiff
Light cloud and light winds,7,3,37,17,10,79,2024-01-12,0,Precipitation is not expected,1034,5,41,16:00,1,Good,7,Light Cloud,Light winds from the north east,NE,NE,North Easterly,8,5,2024-01-08T21:42:00+00:00,2024-01-09T08:01:46.416Z,2653822,Cardiff
Light cloud and light winds,36,4,39,14,9,82,2024-01-12,0,Precipitation is not expected,1034,4,40,17:00,1,Good,7,Light Cloud,Light winds from the north east,NE,NE,North Easterly,6,4,2024-01-08T21:42:00+00:00,2024-01-09T08:01:46.416Z,2653822,Cardiff
Light cloud and light winds,36,4,39,14,9,84,2024-01-12,0,Precipitation is not expected,1034,4,39,18:00,1,Good,7,Light Cloud,Light winds from the north east,NE,NE,North Easterly,5,3,2024-01-08T21:42:00+00:00,2024-01-09T08:01:46.416Z,2653822,Cardiff
Light cloud and light winds,36,3,38,12,8,85,2024-01-12,0,Precipitation is not expected,1034,4,39,19:00,1,Good,7,Light Cloud,Light winds from the north east,NE,NE,North Easterly,5,3,2024-01-08T21:42:00+00:00,2024-01-09T08:01:46.416Z,2653822,Cardiff
Light cloud and light winds,36,3,38,12,8,87,2024-01-12,0,Precipitation is not expected,1034,3,38,20:00,1,Good,7,Light Cloud,Light winds from the north east,NE,NE,North Easterly,5,3,2024-01-08T21:42:00+00:00,2024-01-09T08:01:46.416Z,2653822,Cardiff
Light cloud and light winds,36,3,37,11,7,89,2024-01-12,0,Precipitation is not expected,1034,3,37,21:00,1,Good,7,Light Cloud,Light winds from the north east,NE,NE,North Easterly,5,3,2024-01-08T21:42:00+00:00,2024-01-09T08:01:46.416Z,2653822,Cardiff
Light cloud and light winds,36,3,37,11,7,89,2024-01-12,0,Precipitation is not expected,1033,3,37,22:00,1,Good,7,Light Cloud,Light winds from the north east,NE,NE,North Easterly,4,3,2024-01-08T21:42:00+00:00,2024-01-09T08:01:46.416Z,2653822,Cardiff
Partly cloudy and light winds,2,2,36,10,6,92,2024-01-12,0,Precipitation is not expected,1033,2,36,23:00,1,Good,2,Partly Cloudy,Light winds from the north north east,NNE,NNE,North North Easterly,4,3,2024-01-08T21:42:00+00:00,2024-01-09T08:01:46.416Z,2653822,Cardiff
Partly cloudy and light winds,2,2,35,10,6,93,2024-01-13,0,Precipitation is not expected,1032,2,36,00:00,1,Good,2,Partly Cloudy,Light winds from the north north east,NNE,NNE,North North Easterly,4,2,2024-01-08T21:42:00+00:00,2024-01-09T08:01:46.416Z,2653822,Cardiff
Partly cloudy and light winds,2,2,35,10,6,93,2024-01-13,0,Precipitation is not expected,1032,2,35,01:00,1,Good,2,Partly Cloudy,Light winds from the north north east,NNE,NNE,North North Easterly,4,3,2024-01-08T21:42:00+00:00,2024-01-09T08:01:46.416Z,2653822,Cardiff
Light cloud and light winds,36,2,35,10,6,93,2024-01-13,0,Precipitation is not expected,1031,2,35,02:00,1,Good,7,Light Cloud,Light winds from the north,N,N,Northerly,4,3,2024-01-08T21:42:00+00:00,2024-01-09T08:01:46.416Z,2653822,Cardiff
Light cloud and light winds,36,2,35,11,7,93,2024-01-13,0,Precipitation is not expected,1031,2,35,03:00,1,Good,7,Light Cloud,Light winds from the north north west,NNW,NNW,North North Westerly,5,3,2024-01-08T21:42:00+00:00,2024-01-09T08:01:46.416Z,2653822,Cardiff
Partly cloudy and light winds,2,2,35,12,7,92,2024-01-13,0,Precipitation is not expected,1030,2,35,04:00,1,Good,2,Partly Cloudy,Light winds from the north,N,N,Northerly,5,3,2024-01-08T21:42:00+00:00,2024-01-09T08:01:46.416Z,2653822,Cardiff
Partly cloudy and light winds,2,2,35,13,8,93,2024-01-13,0,Precipitation is not expected,1030,2,35,05:00,1,Good,2,Partly Cloudy,Light winds from the north,N,N,Northerly,5,3,2024-01-08T21:42:00+00:00,2024-01-09T08:01:46.416Z,2653822,Cardiff
Partly cloudy and light winds,2,2,35,13,8,93,2024-01-13,0,Precipitation is not expected,1029,2,35,06:00,1,Good,2,Partly Cloudy,Light winds from the north north west,NNW,NNW,North North Westerly,5,3,2024-01-08T21:42:00+00:00,2024-01-09T08:01:46.416Z,2653822,Cardiff
Partly cloudy and light winds,2,2,35,13,8,93,2024-01-13,0,Precipitation is not expected,1029,2,36,07:00,1,Good,2,Partly Cloudy,Light winds from the north north west,NNW,NNW,North North Westerly,5,3,2024-01-08T21:42:00+00:00,2024-01-09T08:01:46.416Z,2653822,Cardiff
Partly cloudy and light winds,2,2,35,14,9,93,2024-01-13,0,Precipitation is not expected,1029,2,36,08:00,1,Good,2,Partly Cloudy,Light winds from the north west,NW,NW,North Westerly,5,3,2024-01-08T21:42:00+00:00,2024-01-09T08:01:46.416Z,2653822,Cardiff
Sunny intervals and light winds,3,2,36,15,9,92,2024-01-13,0,Precipitation is not expected,1028,2,36,09:00,1,Good,3,Sunny Intervals,Light winds from the north north west,NNW,NNW,North North Westerly,5,3,2024-01-08T21:42:00+00:00,2024-01-09T08:01:46.416Z,2653822,Cardiff
Sunny intervals and light winds,3,3,38,15,9,90,2024-01-13,0,Precipitation is not expected,1028,3,38,10:00,1,Good,3,Sunny Intervals,Light winds from the north west,NW,NW,North Westerly,6,4,2024-01-08T21:42:00+00:00,2024-01-09T08:01:46.416Z,2653822,Cardiff
Sunny intervals and light winds,3,4,39,14,9,87,2024-01-13,0,Precipitation is not expected,1028,4,40,11:00,1,Good,3,Sunny Intervals,Light winds from the north west,NW,NW,North Westerly,7,4,2024-01-08T21:42:00+00:00,2024-01-09T08:01:46.416Z,2653822,Cardiff
Sunny intervals and light winds,3,5,41,14,9,83,2024-01-13,0,Precipitation is not expected,1027,5,41,12:00,1,Good,3,Sunny Intervals,Light winds from the west north west,WNW,WNW,West North Westerly,7,4,2024-01-08T21:42:00+00:00,2024-01-09T08:01:46.416Z,2653822,Cardiff
Sunny intervals and light winds,3,5,42,14,9,82,2024-01-13,0,Precipitation is not expected,1027,6,42,13:00,1,Good,3,Sunny Intervals,Light winds from the west north west,WNW,WNW,West North Westerly,7,5,2024-01-08T21:42:00+00:00,2024-01-09T08:01:46.416Z,2653822,Cardiff
Sunny intervals and light winds,3,4,39,13,8,82,2024-01-13,0,Precipitation is not expected,1026,6,42,14:00,1,Good,3,Sunny Intervals,Light winds from the north west,NW,NW,North Westerly,8,5,2024-01-08T21:42:00+00:00,2024-01-09T08:01:46.416Z,2653822,Cardiff
Sunny intervals and light winds,3,4,39,13,8,82,2024-01-13,0,Precipitation is not expected,1025,6,42,15:00,1,Good,3,Sunny Intervals,Light winds from the west north west,WNW,WNW,West North Westerly,8,5,2024-01-08T21:42:00+00:00,2024-01-09T08:01:46.416Z,2653822,Cardiff
Sunny intervals and light winds,3,5,41,12,8,85,2024-01-13,0,Precipitation is not expected,1025,5,41,16:00,1,Good,3,Sunny Intervals,Light winds from the north west,NW,NW,North Westerly,7,5,2024-01-08T21:42:00+00:00,2024-01-09T08:01:46.416Z,2653822,Cardiff
Partly cloudy and light winds,2,5,40,12,7,87,2024-01-13,0,Precipitation is not expected,1025,5,41,17:00,1,Good,2,Partly Cloudy,Light winds from the north west,NW,NW,North Westerly,7,4,2024-01-08T21:42:00+00:00,2024-01-09T08:01:46.416Z,2653822,Cardiff
Partly cloudy and light winds,2,4,39,12,8,89,2024-01-13,0,Precipitation is not expected,1024,4,40,18:00,1,Good,2,Partly Cloudy,Light winds from the north west,NW,NW,North Westerly,7,4,2024-01-08T21:42:00+00:00,2024-01-09T08:01:46.416Z,2653822,Cardiff
Partly cloudy and light winds,2,4,39,12,8,90,2024-01-13,0,Precipitation is not expected,1024,4,40,19:00,1,Good,2,Partly Cloudy,Light winds from the west north west,WNW,WNW,West North Westerly,7,5,2024-01-08T21:42:00+00:00,2024-01-09T08:01:46.416Z,2653822,Cardiff
Partly cloudy and light winds,2,4,39,12,8,90,2024-01-13,0,Precipitation is not expected,1024,4,39,20:00,1,Good,2,Partly Cloudy,Light winds from the west north west,WNW,WNW,West North Westerly,7,4,2024-01-08T21:42:00+00:00,2024-01-09T08:01:46.416Z,2653822,Cardiff
Light cloud and light winds,36,4,39,12,7,91,2024-01-13,0,Precipitation is not expected,1023,4,39,21:00,1,Good,7,Light Cloud,Light winds from the west north west,WNW,WNW,West North Westerly,7,4,2024-01-08T21:42:00+00:00,2024-01-09T08:01:46.416Z,2653822,Cardiff
Light cloud and light winds,36,4,39,12,7,91,2024-01-13,0,Precipitation is not expected,1023,4,39,22:00,1,Good,7,Light Cloud,Light winds from the north west,NW,NW,North Westerly,7,4,2024-01-08T21:42:00+00:00,2024-01-09T08:01:46.416Z,2653822,Cardiff
Light cloud and light winds,36,4,39,11,7,91,2024-01-13,0,Precipitation is not expected,1022,4,39,23:00,1,Good,7,Light Cloud,Light winds from the west north west,WNW,WNW,West North Westerly,7,4,2024-01-08T21:42:00+00:00,2024-01-09T08:01:46.416Z,2653822,Cardiff
Partly cloudy and light winds,2,3,38,11,7,92,2024-01-14,0,Precipitation is not expected,1022,4,39,00:00,1,Good,2,Partly Cloudy,Light winds from the west north west,WNW,WNW,West North Westerly,7,4,2024-01-08T21:42:00+00:00,2024-01-09T08:01:46.416Z,2653822,Cardiff
Light cloud and light winds,36,2,36,12,7,92,2024-01-14,0,Precipitation is not expected,1021,4,39,01:00,1,Good,7,Light Cloud,Light winds from the west north west,WNW,WNW,West North Westerly,8,5,2024-01-08T21:42:00+00:00,2024-01-09T08:01:46.416Z,2653822,Cardiff
Light cloud and light winds,36,2,35,12,8,92,2024-01-14,0,Precipitation is not expected,1021,4,39,02:00,1,Good,7,Light Cloud,Light winds from the west north west,WNW,WNW,West North Westerly,8,5,2024-01-08T21:42:00+00:00,2024-01-09T08:01:46.416Z,2653822,Cardiff
Light cloud and light winds,36,2,35,13,8,93,2024-01-14,0,Precipitation is not expected,1020,4,39,03:00,1,Good,7,Light Cloud,Light winds from the west north west,WNW,WNW,West North Westerly,9,5,2024-01-08T21:42:00+00:00,2024-01-09T08:01:46.416Z,2653822,Cardiff
Light cloud and light winds,36,2,35,14,9,93,2024-01-14,0,Precipitation is not expected,1020,4,39,04:00,1,Good,7,Light Cloud,Light winds from the west north west,WNW,WNW,West North Westerly,9,5,2024-01-08T21:42:00+00:00,2024-01-09T08:01:46.416Z,2653822,Cardiff
Light cloud and light winds,36,2,35,14,9,93,2024-01-14,0,Precipitation is not expected,1019,4,39,05:00,1,Good,7,Light Cloud,Light winds from the west north west,WNW,WNW,West North Westerly,9,5,2024-01-08T21:42:00+00:00,2024-01-09T08:01:46.416Z,2653822,Cardiff
Light cloud and light winds,36,2,35,14,9,94,2024-01-14,0,Precipitation is not expected,1019,4,39,06:00,1,Good,7,Light Cloud,Light winds from the west north west,WNW,WNW,West North Westerly,9,5,2024-01-08T21:42:00+00:00,2024-01-09T08:01:46.416Z,2653822,Cardiff
Light cloud and light winds,36,2,36,14,9,92,2024-01-14,0,Precipitation is not expected,1018,4,40,07:00,1,Good,7,Light Cloud,Light winds from the west north west,WNW,WNW,West North Westerly,9,5,2024-01-08T21:42:00+00:00,2024-01-09T08:01:46.416Z,2653822,Cardiff
Light cloud and light winds,36,3,36,15,9,91,2024-01-14,0,Precipitation is not expected,1018,4,40,08:00,1,Good,7,Light Cloud,Light winds from the west north west,WNW,WNW,West North Westerly,8,5,2024-01-08T21:42:00+00:00,2024-01-09T08:01:46.416Z,2653822,Cardiff
Sunny intervals and light winds,3,3,37,16,10,89,2024-01-14,0,Precipitation is not expected,1018,5,41,09:00,1,Good,3,Sunny Intervals,Light winds from the north west,NW,NW,North Westerly,8,5,2024-01-08T21:42:00+00:00,2024-01-09T08:01:46.416Z,2653822,Cardiff
Sunny intervals and light winds,3,4,39,16,10,88,2024-01-14,0,Precipitation is not expected,1017,5,42,10:00,1,Good,3,Sunny Intervals,Light winds from the north west,NW,NW,North Westerly,9,5,2024-01-08T21:42:00+00:00,2024-01-09T08:01:46.416Z,2653822,Cardiff
Sunny intervals and light winds,3,4,40,17,11,86,2024-01-14,0,Precipitation is not expected,1017,6,43,11:00,1,Good,3,Sunny Intervals,Light winds from the north west,NW,NW,North Westerly,9,6,2024-01-08T21:42:00+00:00,2024-01-09T08:01:46.416Z,2653822,Cardiff
Sunny intervals and light winds,3,5,41,18,11,83,2024-01-14,0,Precipitation is not expected,1016,7,44,12:00,1,Good,3,Sunny Intervals,Light winds from the north west,NW,NW,North Westerly,9,5,2024-01-08T21:42:00+00:00,2024-01-09T08:01:46.416Z,2653822,Cardiff
Sunny intervals and light winds,3,5,41,19,12,82,2024-01-14,26,Low chance of precipitation,1016,7,45,13:00,1,Good,3,Sunny Intervals,Light winds from the west north west,WNW,WNW,West North Westerly,10,6,2024-01-08T21:42:00+00:00,2024-01-09T08:01:46.416Z,2653822,Cardiff
Sunny intervals and light winds,3,5,41,20,12,81,2024-01-14,26,Low chance of precipitation,1015,7,44,14:00,1,Good,3,Sunny Intervals,Light winds from the north west,NW,NW,North Westerly,11,7,2024-01-08T21:42:00+00:00,2024-01-09T08:01:46.416Z,2653822,Cardiff
Sunny intervals and light winds,3,4,40,19,12,82,2024-01-14,26,Low chance of precipitation,1014,6,43,15:00,1,Good,3,Sunny Intervals,Light winds from the north west,NW,NW,North Westerly,11,7,2024-01-08T21:42:00+00:00,2024-01-09T08:01:46.416Z,2653822,Cardiff
Light rain and light winds,12,4,39,17,11,84,2024-01-14,25,Low chance of precipitation,1014,6,42,16:00,1,Good,12,Light Rain,Light winds from the north west,NW,NW,North Westerly,10,6,2024-01-08T21:42:00+00:00,2024-01-09T08:01:46.416Z,2653822,Cardiff
Light rain and light winds,39,3,37,16,10,85,2024-01-14,25,Low chance of precipitation,1014,5,41,17:00,1,Good,12,Light Rain,Light winds from the north west,NW,NW,North Westerly,9,6,2024-01-08T21:42:00+00:00,2024-01-09T08:01:46.416Z,2653822,Cardiff
Light rain and light winds,39,3,36,15,9,87,2024-01-14,25,Low chance of precipitation,1014,5,40,18:00,1,Good,12,Light Rain,Light winds from the west north west,WNW,WNW,West North Westerly,9,6,2024-01-08T21:42:00+00:00,2024-01-09T08:01:46.416Z,2653822,Cardiff
Light rain and light winds,39,2,36,15,9,88,2024-01-14,21,Low chance of precipitation,1013,4,40,19:00,1,Good,12,Light Rain,Light winds from the west north west,WNW,WNW,West North Westerly,9,6,2024-01-08T21:42:00+00:00,2024-01-09T08:01:46.416Z,2653822,Cardiff
Light rain and light winds,39,2,36,14,9,88,2024-01-14,21,Low chance of precipitation,1013,4,40,20:00,1,Good,12,Light Rain,Light winds from the north west,NW,NW,North Westerly,9,5,2024-01-08T21:42:00+00:00,2024-01-09T08:01:46.416Z,2653822,Cardiff
Light rain and light winds,39,2,36,14,9,88,2024-01-14,21,Low chance of precipitation,1013,4,39,21:00,1,Good,12,Light Rain,Light winds from the north west,NW,NW,North Westerly,8,5,2024-01-08T21:42:00+00:00,2024-01-09T08:01:46.416Z,2653822,Cardiff
Partly cloudy and light winds,2,2,35,14,9,88,2024-01-14,19,Low chance of precipitation,1013,4,39,22:00,1,Good,2,Partly Cloudy,Light winds from the north west,NW,NW,North Westerly,8,5,2024-01-08T21:42:00+00:00,2024-01-09T08:01:46.416Z,2653822,Cardiff
Partly cloudy and light winds,2,2,35,14,9,87,2024-01-14,19,Low chance of precipitation,1013,4,39,23:00,1,Good,2,Partly Cloudy,Light winds from the north west,NW,NW,North Westerly,8,5,2024-01-08T21:42:00+00:00,2024-01-09T08:01:46.416Z,2653822,Cardiff
Partly cloudy and light winds,2,1,35,14,9,89,2024-01-15,19,Low chance of precipitation,1013,3,38,00:00,1,Good,2,Partly Cloudy,Light winds from the north west,NW,NW,North Westerly,8,5,2024-01-08T21:42:00+00:00,2024-01-09T08:01:46.416Z,2653822,Cardiff
Partly cloudy and light winds,2,1,34,14,9,89,2024-01-15,0,Precipitation is not expected,1012,3,38,01:00,1,Good,2,Partly Cloudy,Light winds from the north west,NW,NW,North Westerly,9,5,2024-01-08T21:42:00+00:00,2024-01-09T08:01:46.416Z,2653822,Cardiff
Light cloud and light winds,36,1,34,15,9,90,2024-01-15,0,Precipitation is not expected,1012,3,38,02:00,1,Good,7,Light Cloud,Light winds from the north west,NW,NW,North Westerly,9,5,2024-01-08T21:42:00+00:00,2024-01-09T08:01:46.416Z,2653822,Cardiff
Light cloud and light winds,36,1,33,13,8,90,2024-01-15,0,Precipitation is not expected,1012,3,38,03:00,1,Good,7,Light Cloud,Light winds from the north west,NW,NW,North Westerly,9,5,2024-01-08T21:42:00+00:00,2024-01-09T08:01:46.416Z,2653822,Cardiff
Partly cloudy and light winds,2,1,33,12,8,89,2024-01-15,23,Low chance of precipitation,1012,3,37,04:00,1,Good,2,Partly Cloudy,Light winds from the north west,NW,NW,North Westerly,8,5,2024-01-08T21:42:00+00:00,2024-01-09T08:01:46.416Z,2653822,Cardiff
Partly cloudy and light winds,2,3,37,11,7,91,2024-01-15,23,Low chance of precipitation,1012,3,37,05:00,1,Good,2,Partly Cloudy,Light winds from the north north west,NNW,NNW,North North Westerly,7,5,2024-01-08T21:42:00+00:00,2024-01-09T08:01:46.416Z,2653822,Cardiff
Partly cloudy and light winds,2,3,37,12,7,90,2024-01-15,23,Low chance of precipitation,1012,3,37,06:00,1,Good,2,Partly Cloudy,Light winds from the north north west,NNW,NNW,North North Westerly,7,4,2024-01-08T21:42:00+00:00,2024-01-09T08:01:46.416Z,2653822,Cardiff
Partly cloudy and light winds,2,3,37,12,8,89,2024-01-15,0,Precipitation is not expected,1012,3,37,07:00,1,Good,2,Partly Cloudy,Not available,-99,-99,Direction not available,6,4,2024-01-08T21:42:00+00:00,2024-01-09T08:01:46.416Z,2653822,Cardiff
Partly cloudy and light winds,2,2,36,13,8,88,2024-01-15,0,Precipitation is not expected,1012,3,37,08:00,1,Good,2,Partly Cloudy,Light winds from the north,N,N,Northerly,5,3,2024-01-08T21:42:00+00:00,2024-01-09T08:01:46.416Z,2653822,Cardiff
Sunny intervals and light winds,3,3,37,16,10,86,2024-01-15,0,Precipitation is not expected,1012,3,37,09:00,1,Good,3,Sunny Intervals,Light winds from the north north east,NNE,NNE,North North Easterly,5,3,2024-01-08T21:42:00+00:00,2024-01-09T08:01:46.416Z,2653822,Cardiff
Sunny intervals and light winds,3,3,38,17,10,84,2024-01-15,0,Precipitation is not expected,1012,3,38,10:00,1,Good,3,Sunny Intervals,Light winds from the north north east,NNE,NNE,North North Easterly,6,4,2024-01-08T21:42:00+00:00,2024-01-09T08:01:46.416Z,2653822,Cardiff
Sunny intervals and light winds,3,4,39,18,11,81,2024-01-15,0,Precipitation is not expected,1012,4,40,11:00,1,Good,3,Sunny Intervals,Light winds from the north north east,NNE,NNE,North North Easterly,7,4,2024-01-08T21:42:00+00:00,2024-01-09T08:01:46.416Z,2653822,Cardiff
Sunny intervals and light winds,3,5,40,19,12,77,2024-01-15,0,Precipitation is not expected,1012,5,41,12:00,1,Good,3,Sunny Intervals,Light winds from the north north east,NNE,NNE,North North Easterly,7,4,2024-01-08T21:42:00+00:00,2024-01-09T08:01:46.416Z,2653822,Cardiff
Sunny intervals and light winds,3,5,41,19,12,76,2024-01-15,16,Low chance of precipitation,1012,5,41,13:00,1,Good,3,Sunny Intervals,Light winds from the north,N,N,Northerly,7,5,2024-01-08T21:42:00+00:00,2024-01-09T08:01:46.416Z,2653822,Cardiff
Sunny intervals and light winds,3,3,38,19,12,75,2024-01-15,16,Low chance of precipitation,1012,5,41,14:00,1,Good,3,Sunny Intervals,Light winds from the north,N,N,Northerly,8,5,2024-01-08T21:42:00+00:00,2024-01-09T08:01:46.416Z,2653822,Cardiff
Light cloud and light winds,7,3,37,19,12,76,2024-01-15,16,Low chance of precipitation,1012,5,41,15:00,1,Good,7,Light Cloud,Light winds from the north north west,NNW,NNW,North North Westerly,8,5,2024-01-08T21:42:00+00:00,2024-01-09T08:01:46.416Z,2653822,Cardiff
Sunny intervals and light winds,3,4,39,18,11,79,2024-01-15,24,Low chance of precipitation,1012,4,39,16:00,1,Good,3,Sunny Intervals,Light winds from the north north west,NNW,NNW,North North Westerly,7,5,2024-01-08T21:42:00+00:00,2024-01-09T08:01:46.416Z,2653822,Cardiff
Partly cloudy and light winds,2,3,38,19,12,81,2024-01-15,24,Low chance of precipitation,1012,3,38,17:00,1,Good,2,Partly Cloudy,Light winds from the north north west,NNW,NNW,North North Westerly,7,4,2024-01-08T21:42:00+00:00,2024-01-09T08:01:46.416Z,2653822,Cardiff
Partly cloudy and light winds,2,3,37,20,12,83,2024-01-15,24,Low chance of precipitation,1012,3,37,18:00,1,Good,2,Partly Cloudy,Light winds from the north west,NW,NW,North Westerly,7,5,2024-01-08T21:42:00+00:00,2024-01-09T08:01:46.416Z,2653822,Cardiff
Partly cloudy and light winds,2,1,33,19,12,84,2024-01-15,0,Precipitation is not expected,1013,3,37,19:00,1,Good,2,Partly Cloudy,Light winds from the north west,NW,NW,North Westerly,8,5,2024-01-08T21:42:00+00:00,2024-01-09T08:01:46.416Z,2653822,Cardiff
Partly cloudy and light winds,2,2,36,16,10,84,2024-01-15,0,Precipitation is not expected,1013,3,37,20:00,1,Good,2,Partly Cloudy,Light winds from the west north west,WNW,WNW,West North Westerly,7,5,2024-01-08T21:42:00+00:00,2024-01-09T08:01:46.416Z,2653822,Cardiff
A clear sky and light winds,0,0,33,16,10,85,2024-01-15,0,Precipitation is not expected,1013,3,37,21:00,1,Good,0,Clear Sky,Light winds from the west north west,WNW,WNW,West North Westerly,8,5,2024-01-08T21:42:00+00:00,2024-01-09T08:01:46.416Z,2653822,Cardiff
A clear sky and light winds,0,2,36,15,9,86,2024-01-15,21,Low chance of precipitation,1013,3,37,22:00,1,Good,0,Clear Sky,Light winds from the west,W,W,Westerly,7,5,2024-01-08T21:42:00+00:00,2024-01-09T08:01:46.416Z,2653822,Cardiff
A clear sky and light winds,0,2,36,14,9,86,2024-01-15,21,Low chance of precipitation,1014,3,37,23:00,1,Good,0,Clear Sky,Light winds from the west,W,W,Westerly,7,5,2024-01-08T21:42:00+00:00,2024-01-09T08:01:46.416Z,2653822,Cardiff
Partly cloudy and light winds,2,0,32,14,9,87,2024-01-16,21,Low chance of precipitation,1014,2,36,00:00,1,Good,2,Partly Cloudy,Light winds from the west,W,W,Westerly,8,5,2024-01-08T21:42:00+00:00,2024-01-09T08:01:46.416Z,2653822,Cardiff
Partly cloudy and light winds,2,0,33,14,9,87,2024-01-16,34,Chance of precipitation,1013,3,37,01:00,1,Good,2,Partly Cloudy,Light winds from the west south west,WSW,WSW,West South Westerly,8,5,2024-01-08T21:42:00+00:00,2024-01-09T08:01:46.416Z,2653822,Cardiff
Drizzle and light winds,38,1,33,14,9,87,2024-01-16,34,Chance of precipitation,1013,3,37,02:00,1,Good,11,Drizzle,Light winds from the west south west,WSW,WSW,West South Westerly,8,5,2024-01-08T21:42:00+00:00,2024-01-09T08:01:46.416Z,2653822,Cardiff
Drizzle and light winds,38,1,33,16,10,88,2024-01-16,34,Chance of precipitation,1013,3,37,03:00,1,Good,11,Drizzle,Light winds from the west south west,WSW,WSW,West South Westerly,8,5,2024-01-08T21:42:00+00:00,2024-01-09T08:01:46.416Z,2653822,Cardiff
Sleet and light winds,41,0,31,16,10,86,2024-01-16,34,Chance of precipitation,1012,3,37,04:00,1,Moderate,18,Sleet,Light winds from the west,W,W,Westerly,10,6,2024-01-08T21:42:00+00:00,2024-01-09T08:01:46.416Z,2653822,Cardiff
Light rain and light winds,39,0,32,16,10,86,2024-01-16,42,Chance of precipitation,1012,3,37,05:00,1,Moderate,12,Light Rain,Light winds from the west,W,W,Westerly,11,7,2024-01-08T21:42:00+00:00,2024-01-09T08:01:46.416Z,2653822,Cardiff
Light rain and light winds,39,0,33,17,10,86,2024-01-16,42,Chance of precipitation,1012,3,38,06:00,1,Good,12,Light Rain,Light winds from the west,W,W,Westerly,11,7,2024-01-08T21:42:00+00:00,2024-01-09T08:01:46.416Z,2653822,Cardiff
Partly cloudy and light winds,2,0,33,17,11,85,2024-01-16,23,Low chance of precipitation,1012,3,38,07:00,1,Good,2,Partly Cloudy,Light winds from the west south west,WSW,WSW,West South Westerly,11,7,2024-01-08T21:42:00+00:00,2024-01-09T08:01:46.416Z,2653822,Cardiff
Partly cloudy and light winds,2,1,34,18,11,85,2024-01-16,23,Low chance of precipitation,1012,3,38,08:00,1,Good,2,Partly Cloudy,Light winds from the west,W,W,Westerly,10,6,2024-01-08T21:42:00+00:00,2024-01-09T08:01:46.416Z,2653822,Cardiff
Sunny intervals and light winds,3,1,34,19,12,84,2024-01-16,23,Low chance of precipitation,1011,4,39,09:00,1,Good,3,Sunny Intervals,Light winds from the west south west,WSW,WSW,West South Westerly,11,7,2024-01-08T21:42:00+00:00,2024-01-09T08:01:46.416Z,2653822,Cardiff
Sunny intervals and light winds,3,2,35,21,13,83,2024-01-16,0,Precipitation is not expected,1011,5,40,10:00,1,Good,3,Sunny Intervals,Light winds from the west south west,WSW,WSW,West South Westerly,12,7,2024-01-08T21:42:00+00:00,2024-01-09T08:01:46.416Z,2653822,Cardiff
Sunny intervals and light winds,3,3,37,22,14,80,2024-01-16,0,Precipitation is not expected,1011,5,41,11:00,1,Good,3,Sunny Intervals,Light winds from the west south west,WSW,WSW,West South Westerly,12,7,2024-01-08T21:42:00+00:00,2024-01-09T08:01:46.416Z,2653822,Cardiff
Sunny intervals and a gentle breeze,3,3,38,23,14,77,2024-01-16,0,Precipitation is not expected,1011,6,42,12:00,1,Good,3,Sunny Intervals,A gentle breeze from the west,W,W,Westerly,13,8,2024-01-08T21:42:00+00:00,2024-01-09T08:01:46.416Z,2653822,Cardiff
Sunny intervals and a gentle breeze,3,4,39,24,15,76,2024-01-16,0,Precipitation is not expected,1010,6,43,13:00,1,Good,3,Sunny Intervals,A gentle breeze from the west,W,W,Westerly,13,8,2024-01-08T21:42:00+00:00,2024-01-09T08:01:46.416Z,2653822,Cardiff
Sunny intervals and a gentle breeze,3,3,38,25,16,75,2024-01-16,0,Precipitation is not expected,1009,6,43,14:00,1,Good,3,Sunny Intervals,A gentle breeze from the west,W,W,Westerly,12,8,2024-01-08T21:42:00+00:00,2024-01-09T08:01:46.416Z,2653822,Cardiff
Sunny intervals and light winds,3,3,38,26,16,77,2024-01-16,0,Precipitation is not expected,1008,6,42,15:00,1,Good,3,Sunny Intervals,Light winds from the west,W,W,Westerly,12,7,2024-01-08T21:42:00+00:00,2024-01-09T08:01:46.416Z,2653822,Cardiff
Sunny intervals and light winds,3,3,37,25,16,79,2024-01-16,0,Precipitation is not expected,1008,5,41,16:00,1,Good,3,Sunny Intervals,Light winds from the west north west,WNW,WNW,West North Westerly,11,7,2024-01-08T21:42:00+00:00,2024-01-09T08:01:46.416Z,2653822,Cardiff
Light cloud and light winds,36,3,36,25,16,81,2024-01-16,0,Precipitation is not expected,1007,5,41,17:00,1,Good,7,Light Cloud,Light winds from the west north west,WNW,WNW,West North Westerly,10,6,2024-01-08T21:42:00+00:00,2024-01-09T08:01:46.416Z,2653822,Cardiff
Light cloud and light winds,36,2,35,26,16,83,2024-01-16,0,Precipitation is not expected,1007,4,40,18:00,1,Good,7,Light Cloud,Light winds from the west,W,W,Westerly,10,6,2024-01-08T21:42:00+00:00,2024-01-09T08:01:46.416Z,2653822,Cardiff
Drizzle and light winds,38,1,35,25,16,84,2024-01-16,37,Chance of precipitation,1007,4,39,19:00,1,Good,11,Drizzle,Light winds from the west,W,W,Westerly,10,6,2024-01-08T21:42:00+00:00,2024-01-09T08:01:46.416Z,2653822,Cardiff
Drizzle and light winds,38,1,34,25,15,85,2024-01-16,37,Chance of precipitation,1006,3,38,20:00,1,Good,11,Drizzle,Light winds from the west north west,WNW,WNW,West North Westerly,10,6,2024-01-08T21:42:00+00:00,2024-01-09T08:01:46.416Z,2653822,Cardiff
Light rain and light winds,39,1,33,24,15,85,2024-01-16,37,Chance of precipitation,1006,3,38,21:00,1,Moderate,12,Light Rain,Light winds from the north west,NW,NW,North Westerly,10,6,2024-01-08T21:42:00+00:00,2024-01-09T08:01:46.416Z,2653822,Cardiff
Light rain showers and light winds,9,0,32,23,15,86,2024-01-16,47,Chance of precipitation,1006,3,37,22:00,1,Poor,9,Light Rain Showers,Light winds from the north west,NW,NW,North Westerly,9,6,2024-01-08T21:42:00+00:00,2024-01-09T08:01:46.416Z,2653822,Cardiff
Sleet showers and light winds,16,0,32,22,14,87,2024-01-16,47,Chance of precipitation,1005,2,36,23:00,1,Poor,16,Sleet Showers,Light winds from the north north east,NNE,NNE,North North Easterly,9,6,2024-01-08T21:42:00+00:00,2024-01-09T08:01:46.416Z,2653822,Cardiff
Sleet showers and light winds,16,0,31,23,15,88,2024-01-17,47,Chance of precipitation,1005,2,36,00:00,1,Poor,16,Sleet Showers,Light winds from the north east,NE,NE,North Easterly,9,5,2024-01-08T21:42:00+00:00,2024-01-09T08:01:46.416Z,2653822,Cardiff
Sleet showers and light winds,16,-1,31,24,15,88,2024-01-17,46,Chance of precipitation,1004,2,35,01:00,1,Poor,16,Sleet Showers,Light winds from the north east,NE,NE,North Easterly,9,6,2024-01-08T21:42:00+00:00,2024-01-09T08:01:46.416Z,2653822,Cardiff
Sleet showers and light winds,16,-1,30,24,15,89,2024-01-17,46,Chance of precipitation,1004,2,35,02:00,1,Poor,16,Sleet Showers,Light winds from the north east,NE,NE,North Easterly,9,6,2024-01-08T21:42:00+00:00,2024-01-09T08:01:46.416Z,2653822,Cardiff
Sleet showers and light winds,16,-1,30,24,15,90,2024-01-17,47,Chance of precipitation,1003,2,35,03:00,1,Poor,16,Sleet Showers,Light winds from the north,N,N,Northerly,9,6,2024-01-08T21:42:00+00:00,2024-01-09T08:01:46.416Z,2653822,Cardiff
Sleet showers and light winds,16,-1,29,25,15,90,2024-01-17,47,Chance of precipitation,1002,1,35,04:00,1,Poor,16,Sleet Showers,Light winds from the north east,NE,NE,North Easterly,10,6,2024-01-08T21:42:00+00:00,2024-01-09T08:01:46.416Z,2653822,Cardiff
Sleet showers and light winds,16,-2,29,24,15,91,2024-01-17,48,Chance of precipitation,1002,1,35,05:00,1,Poor,16,Sleet Showers,Light winds from the north north east,NNE,NNE,North North Easterly,10,6,2024-01-08T21:42:00+00:00,2024-01-09T08:01:46.416Z,2653822,Cardiff
Sleet showers and light winds,16,-2,29,25,16,91,2024-01-17,48,Chance of precipitation,1002,1,35,06:00,1,Moderate,16,Sleet Showers,Light winds from the north east,NE,NE,North Easterly,10,6,2024-01-09T08:01:46+00:00,2024-01-09T08:01:46.416Z,2653822,Cardiff
Sleet showers and light winds,16,-1,29,26,16,90,2024-01-17,46,Chance of precipitation,1002,2,35,07:00,1,Moderate,16,Sleet Showers,Light winds from the north east,NE,NE,North Easterly,10,6,2024-01-09T08:01:46+00:00,2024-01-09T08:01:46.416Z,2653822,Cardiff
Light rain showers and light winds,9,-1,30,27,17,90,2024-01-17,47,Chance of precipitation,1001,2,35,08:00,1,Moderate,9,Light Rain Showers,Light winds from the north east,NE,NE,North Easterly,10,6,2024-01-09T08:01:46+00:00,2024-01-09T08:01:46.416Z,2653822,Cardiff
Light rain showers and light winds,10,-1,31,28,18,88,2024-01-17,47,Chance of precipitation,1001,2,36,09:00,1,Good,10,Light Rain Showers,Light winds from the north east,NE,NE,North Easterly,10,6,2024-01-09T08:01:46+00:00,2024-01-09T08:01:46.416Z,2653822,Cardiff
Sunny intervals and light winds,3,0,32,29,18,87,2024-01-17,44,Chance of precipitation,1001,3,37,10:00,1,Good,3,Sunny Intervals,Light winds from the north east,NE,NE,North Easterly,11,7,2024-01-09T08:01:46+00:00,2024-01-09T08:01:46.416Z,2653822,Cardiff
Light rain and light winds,12,1,34,30,19,84,2024-01-17,45,Chance of precipitation,1001,4,39,11:00,1,Good,12,Light Rain,Light winds from the north east,NE,NE,North Easterly,12,7,2024-01-09T08:01:46+00:00,2024-01-09T08:01:46.416Z,2653822,Cardiff
Light rain and light winds,12,2,35,31,19,80,2024-01-17,45,Chance of precipitation,1001,5,40,12:00,1,Good,12,Light Rain,Light winds from the north,N,N,Northerly,12,7,2024-01-09T08:01:46+00:00,2024-01-09T08:01:46.416Z,2653822,Cardiff
Light rain showers and a gentle breeze,10,2,36,30,19,79,2024-01-17,30,Low chance of precipitation,1001,5,41,13:00,1,Good,10,Light Rain Showers,A gentle breeze from the north north west,NNW,NNW,North North Westerly,12,8,2024-01-09T08:01:46+00:00,2024-01-09T08:01:46.416Z,2653822,Cardiff
Light rain showers and a gentle breeze,10,2,35,29,18,78,2024-01-17,31,Chance of precipitation,1001,4,40,14:00,1,Moderate,10,Light Rain Showers,A gentle breeze from the north,N,N,Northerly,12,8,2024-01-09T08:01:46+00:00,2024-01-09T08:01:46.416Z,2653822,Cardiff
Light rain showers and light winds,10,1,34,32,20,79,2024-01-17,31,Chance of precipitation,1001,4,39,15:00,1,Moderate,10,Light Rain Showers,Light winds from the north north west,NNW,NNW,North North Westerly,12,7,2024-01-09T08:01:46+00:00,2024-01-09T08:01:46.416Z,2653822,Cardiff
Light rain showers and a gentle breeze,10,1,33,34,21,81,2024-01-17,37,Chance of precipitation,1001,4,39,16:00,1,Moderate,10,Light Rain Showers,A gentle breeze from the north,N,N,Northerly,13,8,2024-01-09T08:01:46+00:00,2024-01-09T08:01:46.416Z,2653822,Cardiff
Sleet showers and a gentle breeze,16,0,32,36,22,82,2024-01-17,38,Chance of precipitation,1001,3,38,17:00,1,Moderate,16,Sleet Showers,A gentle breeze from the north,N,N,Northerly,13,8,2024-01-09T08:01:46+00:00,2024-01-09T08:01:46.416Z,2653822,Cardiff
Sleet showers and a gentle breeze,16,-1,30,42,26,84,2024-01-17,40,Chance of precipitation,1002,3,37,18:00,1,Poor,16,Sleet Showers,A gentle breeze from the north north west,NNW,NNW,North North Westerly,14,9,2024-01-09T08:01:46+00:00,2024-01-09T08:01:46.416Z,2653822,Cardiff
Sleet and a gentle breeze,41,-1,30,47,29,85,2024-01-17,45,Chance of precipitation,1002,3,37,19:00,1,Moderate,18,Sleet,A gentle breeze from the north north west,NNW,NNW,North North Westerly,16,10,2024-01-09T08:01:46+00:00,2024-01-09T08:01:46.416Z,2653822,Cardiff
Sleet and a gentle breeze,41,-1,30,50,31,85,2024-01-17,45,Chance of precipitation,1003,3,37,20:00,1,Good,18,Sleet,A gentle breeze from the north north west,NNW,NNW,North North Westerly,18,11,2024-01-09T08:01:46+00:00,2024-01-09T08:01:46.416Z,2653822,Cardiff
Sleet and a gentle breeze,41,-2,29,48,30,86,2024-01-17,44,Chance of precipitation,1003,3,37,21:00,1,Good,18,Sleet,A gentle breeze from the north west,NW,NW,North Westerly,20,12,2024-01-09T08:01:46+00:00,2024-01-09T08:01:46.416Z,2653822,Cardiff
Sleet and a gentle breeze,41,-2,29,48,30,86,2024-01-17,20,Low chance of precipitation,1004,3,37,22:00,1,Good,18,Sleet,A gentle breeze from the north north west,NNW,NNW,North North Westerly,19,12,2024-01-09T08:01:46+00:00,2024-01-09T08:01:46.416Z,2653822,Cardiff
Sleet and a gentle breeze,41,-2,29,45,28,86,2024-01-17,19,Low chance of precipitation,1005,2,36,23:00,1,Good,18,Sleet,A gentle breeze from the north,N,N,Northerly,19,12,2024-01-09T08:01:46+00:00,2024-01-09T08:01:46.416Z,2653822,Cardiff
Light cloud and a gentle breeze,36,-2,29,43,27,87,2024-01-18,0,Precipitation is not expected,1005,2,36,00:00,1,Good,7,Light Cloud,A gentle breeze from the north,N,N,Northerly,18,11,2024-01-09T08:01:46+00:00,2024-01-09T08:01:46.416Z,2653822,Cardiff
Partly cloudy and a gentle breeze,2,-2,29,39,24,86,2024-01-18,0,Precipitation is not expected,1006,2,36,01:00,1,Good,2,Partly Cloudy,A gentle breeze from the north,N,N,Northerly,17,11,2024-01-09T08:01:46+00:00,2024-01-09T08:01:46.416Z,2653822,Cardiff
Partly cloudy and a gentle breeze,2,-2,29,30,19,86,2024-01-18,0,Precipitation is not expected,1006,2,36,02:00,1,Good,2,Partly Cloudy,A gentle breeze from the north north west,NNW,NNW,North North Westerly,16,10,2024-01-09T08:01:46+00:00,2024-01-09T08:01:46.416Z,2653822,Cardiff
A clear sky and a gentle breeze,0,-2,29,27,17,87,2024-01-18,0,Precipitation is not expected,1007,2,35,03:00,1,Good,0,Clear Sky,A gentle breeze from the north north west,NNW,NNW,North North Westerly,13,8,2024-01-09T08:01:46+00:00,2024-01-09T08:01:46.416Z,2653822,Cardiff
A clear sky and a gentle breeze,0,-2,29,23,14,86,2024-01-18,0,Precipitation is not expected,1007,2,35,04:00,1,Good,0,Clear Sky,A gentle breeze from the north north west,NNW,NNW,North North Westerly,12,8,2024-01-09T08:01:46+00:00,2024-01-09T08:01:46.416Z,2653822,Cardiff
A clear sky and light winds,0,-2,29,19,12,87,2024-01-18,0,Precipitation is not expected,1008,1,35,05:00,1,Good,0,Clear Sky,Light winds from the north north west,NNW,NNW,North North Westerly,11,7,2024-01-09T08:01:46+00:00,2024-01-09T08:01:46.416Z,2653822,Cardiff
A clear sky and light winds,0,-2,29,18,11,87,2024-01-18,0,Precipitation is not expected,1008,1,34,06:00,1,Moderate,0,Clear Sky,Light winds from the north north west,NNW,NNW,North North Westerly,10,6,2024-01-09T08:01:46+00:00,2024-01-09T08:01:46.416Z,2653822,Cardiff
A clear sky and light winds,0,-1,31,16,10,87,2024-01-18,0,Precipitation is not expected,1009,2,35,07:00,1,Moderate,0,Clear Sky,Light winds from the north north west,NNW,NNW,North North Westerly,8,5,2024-01-09T08:01:46+00:00,2024-01-09T08:01:46.416Z,2653822,Cardiff
A clear sky and light winds,0,2,35,14,9,87,2024-01-18,0,Precipitation is not expected,1009,2,36,08:00,1,Moderate,0,Clear Sky,Light winds from the north north west,NNW,NNW,North North Westerly,7,4,2024-01-09T08:01:46+00:00,2024-01-09T08:01:46.416Z,2653822,Cardiff
Sunny and light winds,1,2,36,15,9,85,2024-01-18,0,Precipitation is not expected,1010,3,37,09:00,1,Moderate,1,Sunny,Light winds from the north north west,NNW,NNW,North North Westerly,6,4,2024-01-09T08:01:46+00:00,2024-01-09T08:01:46.416Z,2653822,Cardiff
Sunny and light winds,1,3,37,17,10,83,2024-01-18,0,Precipitation is not expected,1010,3,38,10:00,1,Good,1,Sunny,Light winds from the north north west,NNW,NNW,North North Westerly,7,5,2024-01-09T08:01:46+00:00,2024-01-09T08:01:46.416Z,2653822,Cardiff
Sunny and light winds,1,4,39,18,11,80,2024-01-18,0,Precipitation is not expected,1010,4,40,11:00,1,Good,1,Sunny,Light winds from the north north west,NNW,NNW,North North Westerly,7,5,2024-01-09T08:01:46+00:00,2024-01-09T08:01:46.416Z,2653822,Cardiff
Sunny and light winds,1,3,38,17,11,76,2024-01-18,0,Precipitation is not expected,1010,5,41,12:00,1,Good,1,Sunny,Light winds from the north north west,NNW,NNW,North North Westerly,8,5,2024-01-09T08:01:46+00:00,2024-01-09T08:01:46.416Z,2653822,Cardiff
Sunny and light winds,1,3,38,16,10,75,2024-01-18,0,Precipitation is not expected,1010,5,41,13:00,1,Good,1,Sunny,Light winds from the north west,NW,NW,North Westerly,8,5,2024-01-09T08:01:46+00:00,2024-01-09T08:01:46.416Z,2653822,Cardiff
Sunny and light winds,1,3,37,14,9,75,2024-01-18,0,Precipitation is not expected,1010,5,41,14:00,1,Good,1,Sunny,Light winds from the north west,NW,NW,North Westerly,8,5,2024-01-09T08:01:46+00:00,2024-01-09T08:01:46.416Z,2653822,Cardiff
Sunny and light winds,1,2,36,13,8,76,2024-01-18,0,Precipitation is not expected,1010,4,40,15:00,1,Good,1,Sunny,Light winds from the north west,NW,NW,North Westerly,8,5,2024-01-09T08:01:46+00:00,2024-01-09T08:01:46.416Z,2653822,Cardiff
Sunny and light winds,1,2,35,11,7,79,2024-01-18,0,Precipitation is not expected,1010,4,39,16:00,1,Good,1,Sunny,Light winds from the north north west,NNW,NNW,North North Westerly,8,5,2024-01-09T08:01:46+00:00,2024-01-09T08:01:46.416Z,2653822,Cardiff
A clear sky and light winds,0,3,37,9,6,81,2024-01-18,0,Precipitation is not expected,1010,3,37,17:00,1,Good,0,Clear Sky,Light winds from the north west,NW,NW,North Westerly,7,4,2024-01-09T08:01:46+00:00,2024-01-09T08:01:46.416Z,2653822,Cardiff
A clear sky and light winds,0,2,35,9,5,84,2024-01-18,0,Precipitation is not expected,1010,2,36,18:00,1,Good,0,Clear Sky,Light winds from the north west,NW,NW,North Westerly,7,5,2024-01-09T08:01:46+00:00,2024-01-09T08:01:46.416Z,2653822,Cardiff
A clear sky and light winds,0,2,35,8,5,85,2024-01-18,0,Precipitation is not expected,1011,2,36,19:00,1,Good,0,Clear Sky,Light winds from the north west,NW,NW,North Westerly,7,4,2024-01-09T08:01:46+00:00,2024-01-09T08:01:46.416Z,2653822,Cardiff
A clear sky and light winds,0,2,35,8,5,85,2024-01-18,0,Precipitation is not expected,1011,2,35,20:00,1,Good,0,Clear Sky,Light winds from the west north west,WNW,WNW,West North Westerly,6,4,2024-01-09T08:01:46+00:00,2024-01-09T08:01:46.416Z,2653822,Cardiff
A clear sky and light winds,0,2,35,8,5,86,2024-01-18,0,Precipitation is not expected,1011,2,35,21:00,1,Good,0,Clear Sky,Light winds from the west north west,WNW,WNW,West North Westerly,5,3,2024-01-09T08:01:46+00:00,2024-01-09T08:01:46.416Z,2653822,Cardiff
A clear sky and light winds,0,2,35,8,5,86,2024-01-18,0,Precipitation is not expected,1011,2,35,22:00,1,Good,0,Clear Sky,Light winds from the north west,NW,NW,North Westerly,5,3,2024-01-09T08:01:46+00:00,2024-01-09T08:01:46.416Z,2653822,Cardiff
A clear sky and light winds,0,2,35,9,6,86,2024-01-18,0,Precipitation is not expected,1011,2,36,23:00,1,Good,0,Clear Sky,Light winds from the west north west,WNW,WNW,West North Westerly,5,3,2024-01-09T08:01:46+00:00,2024-01-09T08:01:46.416Z,2653822,Cardiff
A clear sky and light winds,0,2,35,9,6,86,2024-01-19,0,Precipitation is not expected,1011,2,36,00:00,1,Good,0,Clear Sky,Light winds from the north west,NW,NW,North Westerly,5,3,2024-01-09T08:01:46+00:00,2024-01-09T08:01:46.416Z,2653822,Cardiff
A clear sky and light winds,0,2,35,9,5,86,2024-01-19,0,Precipitation is not expected,1011,2,36,01:00,1,Good,0,Clear Sky,Light winds from the west north west,WNW,WNW,West North Westerly,5,3,2024-01-09T08:01:46+00:00,2024-01-09T08:01:46.416Z,2653822,Cardiff
A clear sky and light winds,0,2,35,9,5,86,2024-01-19,0,Precipitation is not expected,1011,2,36,02:00,1,Good,0,Clear Sky,Light winds from the north west,NW,NW,North Westerly,5,3,2024-01-09T08:01:46+00:00,2024-01-09T08:01:46.416Z,2653822,Cardiff
A clear sky and light winds,0,2,35,9,6,87,2024-01-19,0,Precipitation is not expected,1010,2,36,03:00,1,Good,0,Clear Sky,Light winds from the west north west,WNW,WNW,West North Westerly,5,3,2024-01-09T08:01:46+00:00,2024-01-09T08:01:46.416Z,2653822,Cardiff
A clear sky and light winds,0,2,35,10,6,87,2024-01-19,0,Precipitation is not expected,1010,2,36,04:00,1,Good,0,Clear Sky,Light winds from the west north west,WNW,WNW,West North Westerly,5,3,2024-01-09T08:01:46+00:00,2024-01-09T08:01:46.416Z,2653822,Cardiff
A clear sky and light winds,0,2,35,10,6,88,2024-01-19,0,Precipitation is not expected,1010,2,35,05:00,1,Good,0,Clear Sky,Light winds from the west north west,WNW,WNW,West North Westerly,5,3,2024-01-09T08:01:46+00:00,2024-01-09T08:01:46.416Z,2653822,Cardiff
A clear sky and light winds,0,2,35,10,6,89,2024-01-19,0,Precipitation is not expected,1011,2,35,06:00,1,Good,0,Clear Sky,Light winds from the north west,NW,NW,North Westerly,5,3,2024-01-09T08:01:46+00:00,2024-01-09T08:01:46.416Z,2653822,Cardiff
A clear sky and light winds,0,2,35,9,6,88,2024-01-19,0,Precipitation is not expected,1011,2,35,07:00,1,Good,0,Clear Sky,Light winds from the north west,NW,NW,North Westerly,5,3,2024-01-09T08:01:46+00:00,2024-01-09T08:01:46.416Z,2653822,Cardiff
A clear sky and light winds,0,2,35,9,6,88,2024-01-19,0,Precipitation is not expected,1011,2,36,08:00,1,Good,0,Clear Sky,Light winds from the north west,NW,NW,North Westerly,4,2,2024-01-09T08:01:46+00:00,2024-01-09T08:01:46.416Z,2653822,Cardiff
Sunny and light winds,1,2,36,10,6,87,2024-01-19,0,Precipitation is not expected,1011,2,36,09:00,1,Good,1,Sunny,Light winds from the north west,NW,NW,North Westerly,4,2,2024-01-09T08:01:46+00:00,2024-01-09T08:01:46.416Z,2653822,Cardiff
Sunny and light winds,1,3,38,10,6,86,2024-01-19,0,Precipitation is not expected,1012,3,38,10:00,1,Good,1,Sunny,Light winds from the west north west,WNW,WNW,West North Westerly,4,2,2024-01-09T08:01:46+00:00,2024-01-09T08:01:46.416Z,2653822,Cardiff
Sunny and light winds,1,4,39,10,6,83,2024-01-19,0,Precipitation is not expected,1012,4,40,11:00,1,Good,1,Sunny,Light winds from the west north west,WNW,WNW,West North Westerly,4,2,2024-01-09T08:01:46+00:00,2024-01-09T08:01:46.416Z,2653822,Cardiff
Sunny and light winds,1,5,41,11,7,80,2024-01-19,0,Precipitation is not expected,1012,5,41,12:00,1,Good,1,Sunny,Light winds from the west north west,WNW,WNW,West North Westerly,4,3,2024-01-09T08:01:46+00:00,2024-01-09T08:01:46.416Z,2653822,Cardiff
Sunny and light winds,1,5,41,12,8,78,2024-01-19,0,Precipitation is not expected,1012,5,41,13:00,1,Good,1,Sunny,Light winds from the west,W,W,Westerly,5,3,2024-01-09T08:01:46+00:00,2024-01-09T08:01:46.416Z,2653822,Cardiff
Sunny and light winds,1,5,41,13,8,78,2024-01-19,0,Precipitation is not expected,1012,5,41,14:00,1,Good,1,Sunny,Light winds from the west north west,WNW,WNW,West North Westerly,5,3,2024-01-09T08:01:46+00:00,2024-01-09T08:01:46.416Z,2653822,Cardiff
Sunny and light winds,1,4,40,12,8,79,2024-01-19,0,Precipitation is not expected,1013,5,40,15:00,1,Good,1,Sunny,Light winds from the west north west,WNW,WNW,West North Westerly,6,4,2024-01-09T08:01:46+00:00,2024-01-09T08:01:46.416Z,2653822,Cardiff
Sunny and light winds,1,4,38,11,7,81,2024-01-19,0,Precipitation is not expected,1013,4,39,16:00,1,Good,1,Sunny,Light winds from the west north west,WNW,WNW,West North Westerly,5,3,2024-01-09T08:01:46+00:00,2024-01-09T08:01:46.416Z,2653822,Cardiff
A clear sky and light winds,0,3,37,10,6,84,2024-01-19,0,Precipitation is not expected,1013,3,37,17:00,1,Good,0,Clear Sky,Light winds from the west north west,WNW,WNW,West North Westerly,5,3,2024-01-09T08:01:46+00:00,2024-01-09T08:01:46.416Z,2653822,Cardiff
A clear sky and light winds,0,2,35,10,6,86,2024-01-19,0,Precipitation is not expected,1013,2,36,18:00,1,Good,0,Clear Sky,Light winds from the west north west,WNW,WNW,West North Westerly,6,4,2024-01-09T08:01:46+00:00,2024-01-09T08:01:46.416Z,2653822,Cardiff
A clear sky and light winds,0,2,35,10,6,88,2024-01-19,0,Precipitation is not expected,1014,2,36,19:00,1,Good,0,Clear Sky,Light winds from the west,W,W,Westerly,6,4,2024-01-09T08:01:46+00:00,2024-01-09T08:01:46.416Z,2653822,Cardiff
A clear sky and light winds,0,2,35,10,6,89,2024-01-19,0,Precipitation is not expected,1014,2,35,20:00,1,Good,0,Clear Sky,Light winds from the west,W,W,Westerly,6,4,2024-01-09T08:01:46+00:00,2024-01-09T08:01:46.416Z,2653822,Cardiff
A clear sky and light winds,0,2,35,9,6,90,2024-01-19,0,Precipitation is not expected,1014,2,35,21:00,1,Good,0,Clear Sky,Light winds from the west,W,W,Westerly,6,4,2024-01-09T08:01:46+00:00,2024-01-09T08:01:46.416Z,2653822,Cardiff
Partly cloudy and light winds,2,2,35,9,6,89,2024-01-19,0,Precipitation is not expected,1015,2,36,22:00,1,Good,2,Partly Cloudy,Light winds from the west,W,W,Westerly,7,4,2024-01-09T08:01:46+00:00,2024-01-09T08:01:46.416Z,2653822,Cardiff
Partly cloudy and light winds,2,0,32,9,6,89,2024-01-19,0,Precipitation is not expected,1015,2,36,23:00,1,Good,2,Partly Cloudy,Light winds from the west,W,W,Westerly,8,5,2024-01-09T08:01:46+00:00,2024-01-09T08:01:46.416Z,2653822,Cardiff
Partly cloudy and light winds,2,0,32,10,6,89,2024-01-20,0,Precipitation is not expected,1015,2,36,00:00,1,Good,2,Partly Cloudy,Light winds from the west,W,W,Westerly,8,5,2024-01-09T08:01:46+00:00,2024-01-09T08:01:46.416Z,2653822,Cardiff
Partly cloudy and light winds,2,0,32,11,7,89,2024-01-20,0,Precipitation is not expected,1015,2,36,01:00,1,Good,2,Partly Cloudy,Light winds from the west,W,W,Westerly,8,5,2024-01-09T08:01:46+00:00,2024-01-09T08:01:46.416Z,2653822,Cardiff
Partly cloudy and light winds,2,0,32,11,7,90,2024-01-20,0,Precipitation is not expected,1015,2,36,02:00,1,Good,2,Partly Cloudy,Light winds from the west,W,W,Westerly,9,5,2024-01-09T08:01:46+00:00,2024-01-09T08:01:46.416Z,2653822,Cardiff
Partly cloudy and light winds,2,0,32,12,7,90,2024-01-20,0,Precipitation is not expected,1015,3,37,03:00,1,Good,2,Partly Cloudy,Light winds from the west south west,WSW,WSW,West South Westerly,8,5,2024-01-09T08:01:46+00:00,2024-01-09T08:01:46.416Z,2653822,Cardiff
Partly cloudy and light winds,2,0,33,12,7,90,2024-01-20,0,Precipitation is not expected,1015,3,37,04:00,1,Good,2,Partly Cloudy,Light winds from the west south west,WSW,WSW,West South Westerly,8,5,2024-01-09T08:01:46+00:00,2024-01-09T08:01:46.416Z,2653822,Cardiff
Partly cloudy and light winds,2,2,36,12,8,91,2024-01-20,0,Precipitation is not expected,1015,2,36,05:00,1,Good,2,Partly Cloudy,Light winds from the west south west,WSW,WSW,West South Westerly,7,4,2024-01-09T08:01:46+00:00,2024-01-09T08:01:46.416Z,2653822,Cardiff
Partly cloudy and light winds,2,2,36,12,7,92,2024-01-20,0,Precipitation is not expected,1015,2,36,06:00,1,Good,2,Partly Cloudy,Light winds from the west south west,WSW,WSW,West South Westerly,7,4,2024-01-09T08:01:46+00:00,2024-01-09T08:01:46.416Z,2653822,Cardiff
Partly cloudy and light winds,2,2,36,12,7,91,2024-01-20,0,Precipitation is not expected,1015,3,37,07:00,1,Good,2,Partly Cloudy,Light winds from the west south west,WSW,WSW,West South Westerly,7,4,2024-01-09T08:01:46+00:00,2024-01-09T08:01:46.416Z,2653822,Cardiff
Partly cloudy and light winds,2,3,37,12,7,90,2024-01-20,0,Precipitation is not expected,1015,3,37,08:00,1,Good,2,Partly Cloudy,Light winds from the south west,SW,SW,South Westerly,7,4,2024-01-09T08:01:46+00:00,2024-01-09T08:01:46.416Z,2653822,Cardiff
Sunny intervals and light winds,3,1,34,13,8,88,2024-01-20,0,Precipitation is not expected,1015,3,38,09:00,1,Good,3,Sunny Intervals,Light winds from the south west,SW,SW,South Westerly,8,5,2024-01-09T08:01:46+00:00,2024-01-09T08:01:46.416Z,2653822,Cardiff
Sunny intervals and light winds,3,2,35,14,9,86,2024-01-20,0,Precipitation is not expected,1015,4,39,10:00,1,Good,3,Sunny Intervals,Light winds from the west south west,WSW,WSW,West South Westerly,9,6,2024-01-09T08:01:46+00:00,2024-01-09T08:01:46.416Z,2653822,Cardiff
Sunny intervals and light winds,3,3,37,16,10,82,2024-01-20,0,Precipitation is not expected,1015,5,41,11:00,1,Good,3,Sunny Intervals,Light winds from the south west,SW,SW,South Westerly,10,6,2024-01-09T08:01:46+00:00,2024-01-09T08:01:46.416Z,2653822,Cardiff
Sunny intervals and light winds,3,3,38,16,10,77,2024-01-20,0,Precipitation is not expected,1015,6,42,12:00,1,Good,3,Sunny Intervals,Light winds from the west south west,WSW,WSW,West South Westerly,12,7,2024-01-09T08:01:46+00:00,2024-01-09T08:01:46.416Z,2653822,Cardiff
Sunny intervals and a gentle breeze,3,4,39,15,9,76,2024-01-20,0,Precipitation is not expected,1014,6,43,13:00,1,Good,3,Sunny Intervals,A gentle breeze from the south west,SW,SW,South Westerly,12,8,2024-01-09T08:01:46+00:00,2024-01-09T08:01:46.416Z,2653822,Cardiff
Sunny intervals and a gentle breeze,3,3,38,15,9,77,2024-01-20,0,Precipitation is not expected,1014,6,42,14:00,1,Good,3,Sunny Intervals,A gentle breeze from the west south west,WSW,WSW,West South Westerly,13,8,2024-01-09T08:01:46+00:00,2024-01-09T08:01:46.416Z,2653822,Cardiff
Sunny intervals and a gentle breeze,3,3,38,14,9,78,2024-01-20,0,Precipitation is not expected,1013,6,42,15:00,1,Good,3,Sunny Intervals,A gentle breeze from the west south west,WSW,WSW,West South Westerly,13,8,2024-01-09T08:01:46+00:00,2024-01-09T08:01:46.416Z,2653822,Cardiff
Sunny intervals and a gentle breeze,3,2,36,13,8,80,2024-01-20,0,Precipitation is not expected,1013,5,41,16:00,1,Good,3,Sunny Intervals,A gentle breeze from the west south west,WSW,WSW,West South Westerly,12,8,2024-01-09T08:01:46+00:00,2024-01-09T08:01:46.416Z,2653822,Cardiff
Partly cloudy and light winds,2,2,35,13,8,82,2024-01-20,0,Precipitation is not expected,1013,4,40,17:00,1,Good,2,Partly Cloudy,Light winds from the west south west,WSW,WSW,West South Westerly,11,7,2024-01-09T08:01:46+00:00,2024-01-09T08:01:46.416Z,2653822,Cardiff
A clear sky and light winds,0,1,33,13,8,86,2024-01-20,0,Precipitation is not expected,1013,3,38,18:00,1,Good,0,Clear Sky,Light winds from the west south west,WSW,WSW,West South Westerly,12,7,2024-01-09T08:01:46+00:00,2024-01-09T08:01:46.416Z,2653822,Cardiff
Partly cloudy and light winds,2,1,33,13,8,87,2024-01-20,0,Precipitation is not expected,1012,4,39,19:00,1,Good,2,Partly Cloudy,Light winds from the west south west,WSW,WSW,West South Westerly,12,7,2024-01-09T08:01:46+00:00,2024-01-09T08:01:46.416Z,2653822,Cardiff
Partly cloudy and light winds,2,1,33,14,9,86,2024-01-20,0,Precipitation is not expected,1012,4,39,20:00,1,Good,2,Partly Cloudy,Light winds from the west south west,WSW,WSW,West South Westerly,12,7,2024-01-09T08:01:46+00:00,2024-01-09T08:01:46.416Z,2653822,Cardiff
Light cloud and a gentle breeze,36,1,34,15,9,86,2024-01-20,0,Precipitation is not expected,1012,4,39,21:00,1,Good,7,Light Cloud,A gentle breeze from the west south west,WSW,WSW,West South Westerly,12,8,2024-01-09T08:01:46+00:00,2024-01-09T08:01:46.416Z,2653822,Cardiff
Light cloud and a gentle breeze,36,1,33,17,10,86,2024-01-20,0,Precipitation is not expected,1012,4,39,22:00,1,Good,7,Light Cloud,A gentle breeze from the south west,SW,SW,South Westerly,13,8,2024-01-09T08:01:46+00:00,2024-01-09T08:01:46.416Z,2653822,Cardiff
Light cloud and a gentle breeze,36,1,33,17,11,86,2024-01-20,0,Precipitation is not expected,1012,4,39,23:00,1,Good,7,Light Cloud,A gentle breeze from the south west,SW,SW,South Westerly,14,9,2024-01-09T08:01:46+00:00,2024-01-09T08:01:46.416Z,2653822,Cardiff
Light cloud and a gentle breeze,36,1,33,17,11,86,2024-01-21,0,Precipitation is not expected,1012,4,39,00:00,1,Good,7,Light Cloud,A gentle breeze from the south west,SW,SW,South Westerly,15,9,2024-01-09T08:01:46+00:00,2024-01-09T08:01:46.416Z,2653822,Cardiff
Thick cloud and a gentle breeze,37,1,33,17,11,86,2024-01-21,0,Precipitation is not expected,1011,4,39,01:00,1,Good,8,Thick Cloud,A gentle breeze from the west south west,WSW,WSW,West South Westerly,15,9,2024-01-09T08:01:46+00:00,2024-01-09T08:01:46.416Z,2653822,Cardiff
Thick cloud and a gentle breeze,37,1,33,16,10,87,2024-01-21,0,Precipitation is not expected,1011,4,39,02:00,1,Good,8,Thick Cloud,A gentle breeze from the south west,SW,SW,South Westerly,15,9,2024-01-09T08:01:46+00:00,2024-01-09T08:01:46.416Z,2653822,Cardiff
Thick cloud and a gentle breeze,37,1,34,14,9,88,2024-01-21,0,Precipitation is not expected,1011,4,39,03:00,1,Good,8,Thick Cloud,A gentle breeze from the south west,SW,SW,South Westerly,14,9,2024-01-09T08:01:46+00:00,2024-01-09T08:01:46.416Z,2653822,Cardiff
Thick cloud and a gentle breeze,37,1,34,12,8,88,2024-01-21,0,Precipitation is not expected,1010,4,39,04:00,1,Good,8,Thick Cloud,A gentle breeze from the south west,SW,SW,South Westerly,13,8,2024-01-09T08:01:46+00:00,2024-01-09T08:01:46.416Z,2653822,Cardiff
Thick cloud and light winds,37,2,35,12,7,89,2024-01-21,0,Precipitation is not expected,1010,4,39,05:00,1,Good,8,Thick Cloud,Light winds from the south west,SW,SW,South Westerly,11,7,2024-01-09T08:01:46+00:00,2024-01-09T08:01:46.416Z,2653822,Cardiff
Thick cloud and light winds,37,2,35,11,7,91,2024-01-21,0,Precipitation is not expected,1010,4,39,06:00,1,Good,8,Thick Cloud,Light winds from the south west,SW,SW,South Westerly,10,6,2024-01-09T08:01:46+00:00,2024-01-09T08:01:46.416Z,2653822,Cardiff
Light rain and light winds,39,2,36,10,6,90,2024-01-21,34,Chance of precipitation,1010,4,40,07:00,1,Moderate,12,Light Rain,Light winds from the south south west,SSW,SSW,South South Westerly,10,6,2024-01-09T08:01:46+00:00,2024-01-09T08:01:46.416Z,2653822,Cardiff
Light rain and light winds,39,3,37,12,7,90,2024-01-21,34,Chance of precipitation,1010,5,40,08:00,1,Moderate,12,Light Rain,Light winds from the south south west,SSW,SSW,South South Westerly,9,5,2024-01-09T08:01:46+00:00,2024-01-09T08:01:46.416Z,2653822,Cardiff
Light rain and light winds,12,3,37,13,8,89,2024-01-21,34,Chance of precipitation,1010,5,41,09:00,1,Very Poor,12,Light Rain,Light winds from the south south west,SSW,SSW,South South Westerly,10,6,2024-01-09T08:01:46+00:00,2024-01-09T08:01:46.416Z,2653822,Cardiff
Foggy and light winds,6,3,38,14,9,88,2024-01-21,0,Precipitation is not expected,1010,6,42,10:00,1,Very Poor,6,Fog,Light winds from the south south west,SSW,SSW,South South Westerly,11,7,2024-01-09T08:01:46+00:00,2024-01-09T08:01:46.416Z,2653822,Cardiff
Light cloud and light winds,7,4,39,15,9,87,2024-01-21,0,Precipitation is not expected,1011,6,43,11:00,1,Very Poor,7,Light Cloud,Light winds from the south south west,SSW,SSW,South South Westerly,12,7,2024-01-09T08:01:46+00:00,2024-01-09T08:01:46.416Z,2653822,Cardiff
Light cloud and a gentle breeze,7,5,41,16,10,84,2024-01-21,0,Precipitation is not expected,1011,7,44,12:00,1,Very Poor,7,Light Cloud,A gentle breeze from the south west,SW,SW,South Westerly,13,8,2024-01-09T08:01:46+00:00,2024-01-09T08:01:46.416Z,2653822,Cardiff
Light rain and a gentle breeze,12,5,41,16,10,82,2024-01-21,33,Chance of precipitation,1011,7,45,13:00,1,Very Poor,12,Light Rain,A gentle breeze from the south west,SW,SW,South Westerly,14,9,2024-01-09T08:01:46+00:00,2024-01-09T08:01:46.416Z,2653822,Cardiff
Light rain and a gentle breeze,12,5,41,16,10,81,2024-01-21,33,Chance of precipitation,1010,7,45,14:00,1,Very Poor,12,Light Rain,A gentle breeze from the south west,SW,SW,South Westerly,14,9,2024-01-09T08:01:46+00:00,2024-01-09T08:01:46.416Z,2653822,Cardiff
Light rain and a gentle breeze,12,5,40,16,10,82,2024-01-21,33,Chance of precipitation,1010,7,44,15:00,1,Very Poor,12,Light Rain,A gentle breeze from the south west,SW,SW,South Westerly,14,9,2024-01-09T08:01:46+00:00,2024-01-09T08:01:46.416Z,2653822,Cardiff
Light rain showers and a gentle breeze,10,4,39,14,9,84,2024-01-21,33,Chance of precipitation,1010,6,43,16:00,1,Very Poor,10,Light Rain Showers,A gentle breeze from the south west,SW,SW,South Westerly,14,9,2024-01-09T08:01:46+00:00,2024-01-09T08:01:46.416Z,2653822,Cardiff
Light rain and a gentle breeze,39,4,39,15,9,85,2024-01-21,33,Chance of precipitation,1010,6,43,17:00,1,Poor,12,Light Rain,A gentle breeze from the south west,SW,SW,South Westerly,13,8,2024-01-09T08:01:46+00:00,2024-01-09T08:01:46.416Z,2653822,Cardiff
Light rain and a gentle breeze,39,3,38,17,10,87,2024-01-21,33,Chance of precipitation,1010,6,42,18:00,1,Very Poor,12,Light Rain,A gentle breeze from the south west,SW,SW,South Westerly,13,8,2024-01-09T08:01:46+00:00,2024-01-09T08:01:46.416Z,2653822,Cardiff
Light rain and a gentle breeze,39,3,38,22,14,87,2024-01-21,38,Chance of precipitation,1010,6,43,19:00,1,Poor,12,Light Rain,A gentle breeze from the south west,SW,SW,South Westerly,13,8,2024-01-09T08:01:46+00:00,2024-01-09T08:01:46.416Z,2653822,Cardiff
Light rain and a gentle breeze,39,3,38,28,18,88,2024-01-21,38,Chance of precipitation,1010,6,43,20:00,1,Poor,12,Light Rain,A gentle breeze from the south west,SW,SW,South Westerly,13,8,2024-01-09T08:01:46+00:00,2024-01-09T08:01:46.416Z,2653822,Cardiff
Light rain and a gentle breeze,39,4,38,24,15,88,2024-01-21,38,Chance of precipitation,1010,6,43,21:00,1,Poor,12,Light Rain,A gentle breeze from the south west,SW,SW,South Westerly,14,9,2024-01-09T08:01:46+00:00,2024-01-09T08:01:46.416Z,2653822,Cardiff
Thick cloud and a gentle breeze,37,3,38,21,13,89,2024-01-21,18,Low chance of precipitation,1010,6,43,22:00,1,Poor,8,Thick Cloud,A gentle breeze from the south west,SW,SW,South Westerly,15,9,2024-01-09T08:01:46+00:00,2024-01-09T08:01:46.416Z,2653822,Cardiff
Light cloud and a gentle breeze,36,3,37,19,12,90,2024-01-21,18,Low chance of precipitation,1011,6,42,23:00,1,Poor,7,Light Cloud,A gentle breeze from the west south west,WSW,WSW,West South Westerly,16,10,2024-01-09T08:01:46+00:00,2024-01-09T08:01:46.416Z,2653822,Cardiff
Misty and a gentle breeze,34,3,37,19,12,92,2024-01-22,22,Low chance of precipitation,1011,6,42,00:00,1,Poor,5,Mist,A gentle breeze from the west south west,WSW,WSW,West South Westerly,16,10,2024-01-09T08:01:46+00:00,2024-01-09T08:01:46.416Z,2653822,Cardiff
Drizzle and a gentle breeze,38,3,37,19,12,92,2024-01-22,41,Chance of precipitation,1011,6,42,01:00,1,Poor,11,Drizzle,A gentle breeze from the south west,SW,SW,South Westerly,16,10,2024-01-09T08:01:46+00:00,2024-01-09T08:01:46.416Z,2653822,Cardiff
Drizzle and a gentle breeze,38,2,36,19,12,92,2024-01-22,34,Chance of precipitation,1012,5,41,02:00,1,Poor,11,Drizzle,A gentle breeze from the south west,SW,SW,South Westerly,17,11,2024-01-09T08:01:46+00:00,2024-01-09T08:01:46.416Z,2653822,Cardiff
A clear sky and a gentle breeze,0,2,36,18,11,92,2024-01-22,34,Chance of precipitation,1012,5,41,03:00,1,Poor,0,Clear Sky,A gentle breeze from the south west,SW,SW,South Westerly,16,10,2024-01-09T08:01:46+00:00,2024-01-09T08:01:46.416Z,2653822,Cardiff
Misty and a gentle breeze,34,2,36,17,11,92,2024-01-22,28,Low chance of precipitation,1012,5,41,04:00,1,Poor,5,Mist,A gentle breeze from the south west,SW,SW,South Westerly,16,10,2024-01-09T08:01:46+00:00,2024-01-09T08:01:46.416Z,2653822,Cardiff
Misty and a gentle breeze,34,2,36,19,12,93,2024-01-22,28,Low chance of precipitation,1012,5,41,05:00,1,Poor,5,Mist,A gentle breeze from the south west,SW,SW,South Westerly,14,9,2024-01-09T08:01:46+00:00,2024-01-09T08:01:46.416Z,2653822,Cardiff
Foggy and a gentle breeze,35,2,35,18,11,93,2024-01-22,28,Low chance of precipitation,1013,5,41,06:00,1,Very Poor,6,Fog,A gentle breeze from the south west,SW,SW,South Westerly,17,10,2024-01-09T08:01:46+00:00,2024-01-09T08:01:46.416Z,2653822,Cardiff
Drizzle and a gentle breeze,38,2,36,16,10,93,2024-01-22,32,Chance of precipitation,1013,5,41,07:00,1,Poor,11,Drizzle,A gentle breeze from the south west,SW,SW,South Westerly,16,10,2024-01-09T08:01:46+00:00,2024-01-09T08:01:46.416Z,2653822,Cardiff
Drizzle and a gentle breeze,38,3,37,17,11,93,2024-01-22,32,Chance of precipitation,1013,5,41,08:00,1,Poor,11,Drizzle,A gentle breeze from the south south west,SSW,SSW,South South Westerly,14,9,2024-01-09T08:01:46+00:00,2024-01-09T08:01:46.416Z,2653822,Cardiff
Drizzle and a gentle breeze,11,3,37,18,11,91,2024-01-22,32,Chance of precipitation,1014,6,42,09:00,1,Poor,11,Drizzle,A gentle breeze from the south south west,SSW,SSW,South South Westerly,14,9,2024-01-09T08:01:46+00:00,2024-01-09T08:01:46.416Z,2653822,Cardiff
Drizzle and a gentle breeze,11,4,39,19,12,90,2024-01-22,40,Chance of precipitation,1014,6,43,10:00,1,Poor,11,Drizzle,A gentle breeze from the south south west,SSW,SSW,South South Westerly,16,10,2024-01-09T08:01:46+00:00,2024-01-09T08:01:46.416Z,2653822,Cardiff
Drizzle and a gentle breeze,11,5,41,19,12,88,2024-01-22,40,Chance of precipitation,1014,7,45,11:00,1,Poor,11,Drizzle,A gentle breeze from the south west,SW,SW,South Westerly,16,10,2024-01-09T08:01:46+00:00,2024-01-09T08:01:46.416Z,2653822,Cardiff
Drizzle and a gentle breeze,11,6,42,23,14,85,2024-01-22,40,Chance of precipitation,1014,8,46,12:00,1,Poor,11,Drizzle,A gentle breeze from the south west,SW,SW,South Westerly,17,10,2024-01-09T08:01:46+00:00,2024-01-09T08:01:46.416Z,2653822,Cardiff
Drizzle and a gentle breeze,11,6,43,27,17,85,2024-01-22,58,Chance of precipitation,1014,8,47,13:00,1,Poor,11,Drizzle,A gentle breeze from the west south west,WSW,WSW,West South Westerly,17,10,2024-01-09T08:01:46+00:00,2024-01-09T08:01:46.416Z,2653822,Cardiff
Drizzle and a gentle breeze,11,6,43,32,20,84,2024-01-22,58,Chance of precipitation,1014,8,46,14:00,1,Poor,11,Drizzle,A gentle breeze from the west south west,WSW,WSW,West South Westerly,16,10,2024-01-09T08:01:46+00:00,2024-01-09T08:01:46.416Z,2653822,Cardiff
Drizzle and a gentle breeze,11,6,42,31,19,85,2024-01-22,58,Chance of precipitation,1014,8,46,15:00,1,Poor,11,Drizzle,A gentle breeze from the west south west,WSW,WSW,West South Westerly,15,9,2024-01-09T08:01:46+00:00,2024-01-09T08:01:46.416Z,2653822,Cardiff
Drizzle and a gentle breeze,11,5,42,29,18,87,2024-01-22,32,Chance of precipitation,1014,7,45,16:00,1,Moderate,11,Drizzle,A gentle breeze from the west south west,WSW,WSW,West South Westerly,14,9,2024-01-09T08:01:46+00:00,2024-01-09T08:01:46.416Z,2653822,Cardiff
Drizzle and light winds,38,5,41,29,18,87,2024-01-22,32,Chance of precipitation,1014,7,44,17:00,1,Good,11,Drizzle,Light winds from the west south west,WSW,WSW,West South Westerly,12,7,2024-01-09T08:01:46+00:00,2024-01-09T08:01:46.416Z,2653822,Cardiff
Drizzle and light winds,38,5,40,29,18,89,2024-01-22,32,Chance of precipitation,1014,7,44,18:00,1,Good,11,Drizzle,Light winds from the west south west,WSW,WSW,West South Westerly,12,7,2024-01-09T08:01:46+00:00,2024-01-09T08:01:46.416Z,2653822,Cardiff
Light cloud and light winds,36,5,40,29,18,89,2024-01-22,0,Precipitation is not expected,1014,7,44,19:00,1,Good,7,Light Cloud,Light winds from the west south west,WSW,WSW,West South Westerly,11,7,2024-01-09T08:01:46+00:00,2024-01-09T08:01:46.416Z,2653822,Cardiff
Light cloud and light winds,36,5,40,27,17,89,2024-01-22,0,Precipitation is not expected,1014,7,44,20:00,1,Good,7,Light Cloud,Light winds from the west south west,WSW,WSW,West South Westerly,12,7,2024-01-09T08:01:46+00:00,2024-01-09T08:01:46.416Z,2653822,Cardiff
Partly cloudy and light winds,2,5,40,30,19,89,2024-01-22,0,Precipitation is not expected,1014,7,44,21:00,1,Good,2,Partly Cloudy,Light winds from the west south west,WSW,WSW,West South Westerly,10,6,2024-01-09T08:01:46+00:00,2024-01-09T08:01:46.416Z,2653822,Cardiff
Light cloud and light winds,36,4,40,32,20,89,2024-01-22,0,Precipitation is not expected,1014,7,44,22:00,1,Good,7,Light Cloud,Light winds from the west,W,W,Westerly,12,7,2024-01-09T08:01:46+00:00,2024-01-09T08:01:46.416Z,2653822,Cardiff
Light cloud and a gentle breeze,36,4,40,34,21,90,2024-01-22,0,Precipitation is not expected,1014,6,43,23:00,1,Good,7,Light Cloud,A gentle breeze from the south west,SW,SW,South Westerly,13,8,2024-01-09T08:01:46+00:00,2024-01-09T08:01:46.416Z,2653822,Cardiff
Light cloud and a gentle breeze,36,4,39,37,23,91,2024-01-23,0,Precipitation is not expected,1014,6,43,00:00,1,Good,7,Light Cloud,A gentle breeze from the west south west,WSW,WSW,West South Westerly,13,8,2024-01-09T08:01:46+00:00,2024-01-09T08:01:46.416Z,2653822,Cardiff
Light cloud and a gentle breeze,36,5,40,37,23,92,2024-01-23,0,Precipitation is not expected,1014,7,44,01:00,1,Good,7,Light Cloud,A gentle breeze from the west south west,WSW,WSW,West South Westerly,14,9,2024-01-09T08:01:46+00:00,2024-01-09T08:01:46.416Z,2653822,Cardiff
Partly cloudy and a gentle breeze,2,4,40,37,23,93,2024-01-23,0,Precipitation is not expected,1014,7,44,02:00,1,Good,2,Partly Cloudy,A gentle breeze from the west,W,W,Westerly,14,9,2024-01-09T08:01:46+00:00,2024-01-09T08:01:46.416Z,2653822,Cardiff
Partly cloudy and a gentle breeze,2,4,39,37,23,93,2024-01-23,0,Precipitation is not expected,1014,7,44,03:00,1,Good,2,Partly Cloudy,A gentle breeze from the west south west,WSW,WSW,West South Westerly,15,9,2024-01-09T08:01:46+00:00,2024-01-09T08:01:46.416Z,2653822,Cardiff
Partly cloudy and a gentle breeze,2,4,39,36,22,93,2024-01-23,0,Precipitation is not expected,1014,7,44,04:00,1,Good,2,Partly Cloudy,A gentle breeze from the west south west,WSW,WSW,West South Westerly,14,9,2024-01-09T08:01:46+00:00,2024-01-09T08:01:46.416Z,2653822,Cardiff
Partly cloudy and a gentle breeze,2,4,39,39,24,94,2024-01-23,0,Precipitation is not expected,1014,6,43,05:00,1,Good,2,Partly Cloudy,A gentle breeze from the west south west,WSW,WSW,West South Westerly,14,9,2024-01-09T08:01:46+00:00,2024-01-09T08:01:46.416Z,2653822,Cardiff
