enhancedWeatherDescription,extendedWeatherType,feelsLikeTemperatureC,feelsLikeTemperatureF,gustSpeedKph,gustSpeedMph,humidity,localDate,precipitationProbabilityInPercent,precipitationProbabilityText,pressure,temperatureC,temperatureF,timeslot,timeslotLength,visibility,weatherType,weatherTypeText,windDescription,windDirection,windDirectionAbbreviation,windDirectionFull,windSpeedKph,windSpeedMph,issueDate,lastUpdated,location_id,location_name
A clear sky and light winds,0,19,67,13,8,68,2023-06-14,0,Precipitation is not expected,1003,18,64,05:00,1,Good,0,Clear Sky,Light winds from the south,S,S,Southerly,11,7,2023-06-13T17:43:00-04:00,2023-06-14T04:03:51.771-04:00,4140963,Washington DC
Sunny intervals and light winds,3,19,66,15,9,67,2023-06-14,0,Precipitation is not expected,1003,18,64,06:00,1,Good,3,Sunny Intervals,Light winds from the south,S,S,Southerly,12,7,2023-06-13T17:43:00-04:00,2023-06-14T04:03:51.771-04:00,4140963,Washington DC
Sunny intervals and a gentle breeze,3,19,67,18,11,65,2023-06-14,0,Precipitation is not expected,1002,18,65,07:00,1,Good,3,Sunny Intervals,A gentle breeze from the south,S,S,Southerly,13,8,2023-06-13T17:43:00-04:00,2023-06-14T04:03:51.771-04:00,4140963,Washington DC
Sunny intervals and a gentle breeze,3,21,70,24,15,60,2023-06-14,0,Precipitation is not expected,1002,20,67,08:00,1,Good,3,Sunny Intervals,A gentle breeze from the south south west,SSW,SSW,South South Westerly,14,9,2023-06-13T17:43:00-04:00,2023-06-14T04:03:51.771-04:00,4140963,Washington DC
Light cloud and a gentle breeze,7,23,73,31,19,56,2023-06-14,10,Low chance of precipitation,1002,21,70,09:00,1,Good,7,Light Cloud,A gentle breeze from the south south west,SSW,SSW,South South Westerly,16,10,2023-06-13T17:43:00-04:00,2023-06-14T04:03:51.771-04:00,4140963,Washington DC
Light cloud and a gentle breeze,7,24,75,37,23,52,2023-06-14,17,Low chance of precipitation,1002,22,72,10:00,1,Good,7,Light Cloud,A gentle breeze from the south south west,SSW,SSW,South South Westerly,16,10,2023-06-13T17:43:00-04:00,2023-06-14T04:03:51.771-04:00,4140963,Washington DC
Light cloud and a gentle breeze,7,25,77,39,24,51,2023-06-14,19,Low chance of precipitation,1002,23,73,11:00,1,Good,7,Light Cloud,A gentle breeze from the south west,SW,SW,South Westerly,18,11,2023-06-13T17:43:00-04:00,2023-06-14T04:03:51.771-04:00,4140963,Washington DC
Light cloud and a gentle breeze,7,26,79,41,25,46,2023-06-14,26,Low chance of precipitation,1002,24,75,12:00,1,Good,7,Light Cloud,A gentle breeze from the south west,SW,SW,South Westerly,20,12,2023-06-13T17:43:00-04:00,2023-06-14T04:03:51.771-04:00,4140963,Washington DC
Light rain showers and a moderate breeze,10,27,80,42,26,44,2023-06-14,38,Chance of precipitation,1001,25,77,13:00,1,Good,10,Light Rain Showers,A moderate breeze from the west south west,WSW,WSW,West South Westerly,23,14,2023-06-13T17:43:00-04:00,2023-06-14T04:03:51.771-04:00,4140963,Washington DC
Light rain and a moderate breeze,12,27,81,44,28,45,2023-06-14,45,Chance of precipitation,1002,25,77,14:00,1,Good,12,Light Rain,A moderate breeze from the west south west,WSW,WSW,West South Westerly,24,15,2023-06-13T17:43:00-04:00,2023-06-14T04:03:51.771-04:00,4140963,Washington DC
Light rain showers and a moderate breeze,10,28,82,42,26,44,2023-06-14,32,Chance of precipitation,1001,26,78,15:00,1,Good,10,Light Rain Showers,A moderate breeze from the west,W,W,Westerly,26,16,2023-06-13T17:43:00-04:00,2023-06-14T04:03:51.771-04:00,4140963,Washington DC
Sunny intervals and a moderate breeze,3,28,83,42,26,41,2023-06-14,21,Low chance of precipitation,1001,26,79,16:00,1,Good,3,Sunny Intervals,A moderate breeze from the west,W,W,Westerly,26,16,2023-06-13T17:43:00-04:00,2023-06-14T04:03:51.771-04:00,4140963,Washington DC
Sunny intervals and a moderate breeze,3,29,83,39,24,42,2023-06-14,5,Low chance of precipitation,1001,26,79,17:00,1,Good,3,Sunny Intervals,A moderate breeze from the west,W,W,Westerly,24,15,2023-06-13T17:43:00-04:00,2023-06-14T04:03:51.771-04:00,4140963,Washington DC
Sunny intervals and a moderate breeze,3,28,83,34,21,41,2023-06-14,0,Precipitation is not expected,1001,26,79,18:00,1,Good,3,Sunny Intervals,A moderate breeze from the west,W,W,Westerly,24,15,2023-06-13T17:43:00-04:00,2023-06-14T04:03:51.771-04:00,4140963,Washington DC
Sunny and a moderate breeze,1,27,81,29,18,41,2023-06-14,0,Precipitation is not expected,1002,25,78,19:00,1,Good,1,Sunny,A moderate breeze from the west north west,WNW,WNW,West North Westerly,21,13,2023-06-13T17:43:00-04:00,2023-06-14T04:03:51.771-04:00,4140963,Washington DC
Sunny and a gentle breeze,1,26,79,22,14,45,2023-06-14,0,Precipitation is not expected,1002,24,75,20:00,1,Good,1,Sunny,A gentle breeze from the west,W,W,Westerly,17,11,2023-06-13T17:43:00-04:00,2023-06-14T04:03:51.771-04:00,4140963,Washington DC
A clear sky and a gentle breeze,0,25,77,18,11,48,2023-06-14,0,Precipitation is not expected,1003,23,73,21:00,1,Good,0,Clear Sky,A gentle breeze from the west north west,WNW,WNW,West North Westerly,14,9,2023-06-13T17:43:00-04:00,2023-06-14T04:03:51.771-04:00,4140963,Washington DC
A clear sky and light winds,0,24,75,15,9,51,2023-06-14,0,Precipitation is not expected,1004,22,72,22:00,1,Good,0,Clear Sky,Light winds from the west north west,WNW,WNW,West North Westerly,11,7,2023-06-13T17:43:00-04:00,2023-06-14T04:03:51.771-04:00,4140963,Washington DC
A clear sky and light winds,0,23,74,13,8,54,2023-06-14,0,Precipitation is not expected,1004,21,71,23:00,1,Good,0,Clear Sky,Light winds from the west north west,WNW,WNW,West North Westerly,12,7,2023-06-13T17:43:00-04:00,2023-06-14T04:03:51.771-04:00,4140963,Washington DC
A clear sky and light winds,0,22,72,11,7,57,2023-06-15,0,Precipitation is not expected,1004,20,69,00:00,1,Good,0,Clear Sky,Light winds from the west north west,WNW,WNW,West North Westerly,10,6,2023-06-13T17:43:00-04:00,2023-06-14T04:03:51.771-04:00,4140963,Washington DC
A clear sky and light winds,0,21,70,11,7,60,2023-06-15,0,Precipitation is not expected,1004,20,67,01:00,1,Good,0,Clear Sky,Light winds from the north west,NW,NW,North Westerly,11,7,2023-06-13T17:43:00-04:00,2023-06-14T04:03:51.771-04:00,4140963,Washington DC
A clear sky and light winds,0,20,68,11,7,62,2023-06-15,0,Precipitation is not expected,1005,19,66,02:00,1,Good,0,Clear Sky,Light winds from the north west,NW,NW,North Westerly,10,6,2023-06-13T17:43:00-04:00,2023-06-14T04:03:51.771-04:00,4140963,Washington DC
A clear sky and light winds,0,19,67,11,7,65,2023-06-15,0,Precipitation is not expected,1005,18,65,03:00,1,Good,0,Clear Sky,Light winds from the north west,NW,NW,North Westerly,10,6,2023-06-13T17:43:00-04:00,2023-06-14T04:03:51.771-04:00,4140963,Washington DC
A clear sky and light winds,0,19,66,11,7,68,2023-06-15,0,Precipitation is not expected,1005,17,63,04:00,1,Good,0,Clear Sky,Light winds from the north west,NW,NW,North Westerly,11,7,2023-06-13T17:43:00-04:00,2023-06-14T04:03:51.771-04:00,4140963,Washington DC
A clear sky and light winds,0,18,64,15,9,70,2023-06-15,0,Precipitation is not expected,1006,17,62,05:00,1,Good,0,Clear Sky,Light winds from the north west,NW,NW,North Westerly,11,7,2023-06-13T17:43:00-04:00,2023-06-14T04:03:51.771-04:00,4140963,Washington DC
Sunny and light winds,1,18,64,17,10,71,2023-06-15,0,Precipitation is not expected,1006,17,62,06:00,1,Good,1,Sunny,Light winds from the north west,NW,NW,North Westerly,11,7,2023-06-13T17:43:00-04:00,2023-06-14T04:03:51.771-04:00,4140963,Washington DC
Sunny and light winds,1,18,65,24,15,68,2023-06-15,0,Precipitation is not expected,1006,17,63,07:00,1,Good,1,Sunny,Light winds from the north west,NW,NW,North Westerly,12,7,2023-06-13T17:43:00-04:00,2023-06-14T04:03:51.771-04:00,4140963,Washington DC
Sunny and a gentle breeze,1,20,68,22,14,62,2023-06-15,0,Precipitation is not expected,1007,19,66,08:00,1,Good,1,Sunny,A gentle breeze from the north west,NW,NW,North Westerly,12,8,2023-06-13T17:43:00-04:00,2023-06-14T04:03:51.771-04:00,4140963,Washington DC
Sunny and a gentle breeze,1,22,72,21,13,56,2023-06-15,0,Precipitation is not expected,1007,21,69,09:00,1,Good,1,Sunny,A gentle breeze from the north west,NW,NW,North Westerly,13,8,2023-06-13T17:43:00-04:00,2023-06-14T04:03:51.771-04:00,4140963,Washington DC
Sunny and a gentle breeze,1,24,75,21,13,48,2023-06-15,0,Precipitation is not expected,1007,23,73,10:00,1,Good,1,Sunny,A gentle breeze from the north west,NW,NW,North Westerly,13,8,2023-06-13T17:43:00-04:00,2023-06-14T04:03:51.771-04:00,4140963,Washington DC
Sunny and a gentle breeze,1,25,78,21,13,43,2023-06-15,0,Precipitation is not expected,1007,24,75,11:00,1,Good,1,Sunny,A gentle breeze from the north west,NW,NW,North Westerly,14,9,2023-06-13T17:43:00-04:00,2023-06-14T04:03:51.771-04:00,4140963,Washington DC
Sunny and a gentle breeze,1,27,80,21,13,38,2023-06-15,0,Precipitation is not expected,1007,25,78,12:00,1,Good,1,Sunny,A gentle breeze from the west north west,WNW,WNW,West North Westerly,13,8,2023-06-13T17:43:00-04:00,2023-06-14T04:03:51.771-04:00,4140963,Washington DC
Sunny and a gentle breeze,1,28,82,22,14,34,2023-06-15,0,Precipitation is not expected,1006,27,80,13:00,1,Good,1,Sunny,A gentle breeze from the west north west,WNW,WNW,West North Westerly,13,8,2023-06-13T17:43:00-04:00,2023-06-14T04:03:51.771-04:00,4140963,Washington DC
Sunny and a gentle breeze,1,29,84,21,13,32,2023-06-15,0,Precipitation is not expected,1006,28,82,14:00,1,Good,1,Sunny,A gentle breeze from the west north west,WNW,WNW,West North Westerly,14,9,2023-06-13T17:43:00-04:00,2023-06-14T04:03:51.771-04:00,4140963,Washington DC
Sunny and a gentle breeze,1,29,85,18,11,30,2023-06-15,0,Precipitation is not expected,1006,28,83,15:00,1,Good,1,Sunny,A gentle breeze from the west north west,WNW,WNW,West North Westerly,15,9,2023-06-13T17:43:00-04:00,2023-06-14T04:03:51.771-04:00,4140963,Washington DC
Sunny and a gentle breeze,1,30,85,21,13,28,2023-06-15,0,Precipitation is not expected,1006,29,84,16:00,1,Good,1,Sunny,A gentle breeze from the west north west,WNW,WNW,West North Westerly,14,9,2023-06-13T17:43:00-04:00,2023-06-14T04:03:51.771-04:00,4140963,Washington DC
Sunny and a gentle breeze,1,30,86,18,11,29,2023-06-15,0,Precipitation is not expected,1005,29,84,17:00,1,Good,1,Sunny,A gentle breeze from the west,W,W,Westerly,13,8,2023-06-13T17:43:00-04:00,2023-06-14T04:03:51.771-04:00,4140963,Washington DC
Sunny and a gentle breeze,1,30,85,15,9,30,2023-06-15,0,Precipitation is not expected,1005,29,84,18:00,1,Good,1,Sunny,A gentle breeze from the west,W,W,Westerly,13,8,2023-06-13T17:43:00-04:00,2023-06-14T04:03:51.771-04:00,4140963,Washington DC
Sunny and light winds,1,29,85,11,7,32,2023-06-15,0,Precipitation is not expected,1006,28,83,19:00,1,Good,1,Sunny,Light winds from the west,W,W,Westerly,10,6,2023-06-13T17:43:00-04:00,2023-06-14T04:03:51.771-04:00,4140963,Washington DC
Sunny and light winds,1,28,83,10,6,37,2023-06-15,0,Precipitation is not expected,1006,27,80,20:00,1,Good,1,Sunny,Light winds from the south west,SW,SW,South Westerly,9,5,2023-06-13T17:43:00-04:00,2023-06-14T04:03:51.771-04:00,4140963,Washington DC
A clear sky and light winds,0,27,81,8,5,45,2023-06-15,0,Precipitation is not expected,1006,25,77,21:00,1,Good,0,Clear Sky,Light winds from the south south west,SSW,SSW,South South Westerly,7,5,2023-06-13T17:43:00-04:00,2023-06-14T04:03:51.771-04:00,4140963,Washington DC
A clear sky and light winds,0,26,79,7,4,49,2023-06-15,0,Precipitation is not expected,1007,24,75,22:00,1,Good,0,Clear Sky,Light winds from the south,S,S,Southerly,6,4,2023-06-13T17:43:00-04:00,2023-06-14T04:03:51.771-04:00,4140963,Washington DC
A clear sky and light winds,0,25,77,6,4,51,2023-06-15,0,Precipitation is not expected,1007,23,73,23:00,1,Good,0,Clear Sky,Light winds from the south south east,SSE,SSE,South South Easterly,7,4,2023-06-13T17:43:00-04:00,2023-06-14T04:03:51.771-04:00,4140963,Washington DC
A clear sky and light winds,0,24,75,7,4,56,2023-06-16,0,Precipitation is not expected,1007,22,72,00:00,1,Good,0,Clear Sky,Light winds from the south,S,S,Southerly,6,4,2023-06-13T17:43:00-04:00,2023-06-14T04:03:51.771-04:00,4140963,Washington DC
A clear sky and light winds,0,23,74,7,4,59,2023-06-16,0,Precipitation is not expected,1007,21,71,01:00,1,Good,0,Clear Sky,Light winds from the south south east,SSE,SSE,South South Easterly,7,4,2023-06-13T17:43:00-04:00,2023-06-14T04:03:51.771-04:00,4140963,Washington DC
Partly cloudy and light winds,2,23,73,7,5,61,2023-06-16,0,Precipitation is not expected,1006,21,69,02:00,1,Good,2,Partly Cloudy,Light winds from the south,S,S,Southerly,7,4,2023-06-13T17:43:00-04:00,2023-06-14T04:03:51.771-04:00,4140963,Washington DC
Partly cloudy and light winds,2,23,73,8,5,65,2023-06-16,17,Low chance of precipitation,1006,20,69,03:00,1,Good,2,Partly Cloudy,Light winds from the south,S,S,Southerly,7,5,2023-06-13T17:43:00-04:00,2023-06-14T04:03:51.771-04:00,4140963,Washington DC
Partly cloudy and light winds,2,22,72,9,5,69,2023-06-16,17,Low chance of precipitation,1006,20,68,04:00,1,Good,2,Partly Cloudy,Light winds from the south west,SW,SW,South Westerly,8,5,2023-06-13T17:43:00-04:00,2023-06-14T04:03:51.771-04:00,4140963,Washington DC
Partly cloudy and light winds,2,22,72,12,8,71,2023-06-16,17,Low chance of precipitation,1006,20,67,05:00,1,Good,2,Partly Cloudy,Light winds from the north west,NW,NW,North Westerly,7,5,2023-06-13T17:43:00-04:00,2023-06-14T04:03:51.771-04:00,4140963,Washington DC
Sunny intervals and light winds,3,21,70,16,10,73,2023-06-16,19,Low chance of precipitation,1006,19,66,06:00,1,Good,3,Sunny Intervals,Light winds from the north north west,NNW,NNW,North North Westerly,9,6,2023-06-13T17:43:00-04:00,2023-06-14T04:03:51.771-04:00,4140963,Washington DC
Light rain showers and light winds,10,22,71,20,12,72,2023-06-16,35,Chance of precipitation,1006,19,67,07:00,1,Good,10,Light Rain Showers,Light winds from the north north west,NNW,NNW,North North Westerly,10,6,2023-06-13T17:43:00-04:00,2023-06-14T04:03:51.771-04:00,4140963,Washington DC
Light rain showers and light winds,10,23,73,20,13,70,2023-06-16,35,Chance of precipitation,1006,20,68,08:00,1,Good,10,Light Rain Showers,Light winds from the north north west,NNW,NNW,North North Westerly,12,7,2023-06-13T17:43:00-04:00,2023-06-14T04:03:51.771-04:00,4140963,Washington DC
Light rain showers and a gentle breeze,10,25,76,21,13,69,2023-06-16,42,Chance of precipitation,1006,21,71,09:00,1,Good,10,Light Rain Showers,A gentle breeze from the north north west,NNW,NNW,North North Westerly,12,8,2023-06-13T17:43:00-04:00,2023-06-14T04:03:51.771-04:00,4140963,Washington DC
Light rain showers and a gentle breeze,10,26,78,22,14,65,2023-06-16,36,Chance of precipitation,1007,22,72,10:00,1,Good,10,Light Rain Showers,A gentle breeze from the north west,NW,NW,North Westerly,12,8,2023-06-13T17:43:00-04:00,2023-06-14T04:03:51.771-04:00,4140963,Washington DC
Light rain showers and a gentle breeze,10,27,81,24,15,61,2023-06-16,28,Low chance of precipitation,1007,24,75,11:00,1,Good,10,Light Rain Showers,A gentle breeze from the north west,NW,NW,North Westerly,12,8,2023-06-13T17:43:00-04:00,2023-06-14T04:03:51.771-04:00,4140963,Washington DC
Sunny intervals and a gentle breeze,3,29,83,25,16,54,2023-06-16,27,Low chance of precipitation,1006,25,77,12:00,1,Good,3,Sunny Intervals,A gentle breeze from the west north west,WNW,WNW,West North Westerly,12,8,2023-06-13T17:43:00-04:00,2023-06-14T04:03:51.771-04:00,4140963,Washington DC
Sunny intervals and a gentle breeze,3,29,85,27,17,49,2023-06-16,27,Low chance of precipitation,1005,26,79,13:00,1,Good,3,Sunny Intervals,A gentle breeze from the west north west,WNW,WNW,West North Westerly,14,9,2023-06-13T17:43:00-04:00,2023-06-14T04:03:51.771-04:00,4140963,Washington DC
Sunny intervals and a gentle breeze,3,30,86,30,19,45,2023-06-16,28,Low chance of precipitation,1005,27,81,14:00,1,Good,3,Sunny Intervals,A gentle breeze from the west north west,WNW,WNW,West North Westerly,16,10,2023-06-13T17:43:00-04:00,2023-06-14T04:03:51.771-04:00,4140963,Washington DC
Sunny intervals and a gentle breeze,3,30,87,33,21,42,2023-06-16,23,Low chance of precipitation,1004,27,81,15:00,1,Good,3,Sunny Intervals,A gentle breeze from the west north west,WNW,WNW,West North Westerly,18,11,2023-06-13T17:43:00-04:00,2023-06-14T04:03:51.771-04:00,4140963,Washington DC
Sunny intervals and a gentle breeze,3,30,86,36,22,40,2023-06-16,20,Low chance of precipitation,1004,28,82,16:00,1,Good,3,Sunny Intervals,A gentle breeze from the north west,NW,NW,North Westerly,20,12,2023-06-13T17:43:00-04:00,2023-06-14T04:03:51.771-04:00,4140963,Washington DC
Sunny intervals and a gentle breeze,3,30,86,34,21,40,2023-06-16,17,Low chance of precipitation,1004,27,81,17:00,1,Good,3,Sunny Intervals,A gentle breeze from the north west,NW,NW,North Westerly,19,12,2023-06-13T17:43:00-04:00,2023-06-14T04:03:51.771-04:00,4140963,Washington DC
Light rain showers and a gentle breeze,10,29,85,33,21,41,2023-06-16,15,Low chance of precipitation,1005,27,81,18:00,1,Good,10,Light Rain Showers,A gentle breeze from the north west,NW,NW,North Westerly,20,12,2023-06-13T17:43:00-04:00,2023-06-14T04:03:51.771-04:00,4140963,Washington DC
Light rain showers and a gentle breeze,10,28,83,33,20,41,2023-06-16,16,Low chance of precipitation,1005,26,79,19:00,1,Good,10,Light Rain Showers,A gentle breeze from the north west,NW,NW,North Westerly,18,11,2023-06-13T17:43:00-04:00,2023-06-14T04:03:51.771-04:00,4140963,Washington DC
Sunny and a gentle breeze,1,27,81,32,20,45,2023-06-16,11,Low chance of precipitation,1006,25,77,20:00,1,Good,1,Sunny,A gentle breeze from the north west,NW,NW,North Westerly,17,10,2023-06-13T17:43:00-04:00,2023-06-14T04:03:51.771-04:00,4140963,Washington DC
A clear sky and a gentle breeze,0,26,79,31,19,49,2023-06-16,0,Precipitation is not expected,1007,24,75,21:00,1,Good,0,Clear Sky,A gentle breeze from the north west,NW,NW,North Westerly,16,10,2023-06-13T17:43:00-04:00,2023-06-14T04:03:51.771-04:00,4140963,Washington DC
A clear sky and a gentle breeze,0,25,78,30,18,53,2023-06-16,0,Precipitation is not expected,1007,23,73,22:00,1,Good,0,Clear Sky,A gentle breeze from the north west,NW,NW,North Westerly,14,9,2023-06-13T17:43:00-04:00,2023-06-14T04:03:51.771-04:00,4140963,Washington DC
A clear sky and a gentle breeze,0,25,77,27,17,55,2023-06-16,0,Precipitation is not expected,1007,23,73,23:00,1,Good,0,Clear Sky,A gentle breeze from the north west,NW,NW,North Westerly,15,9,2023-06-13T17:43:00-04:00,2023-06-14T04:03:51.771-04:00,4140963,Washington DC
A clear sky and a gentle breeze,0,23,74,25,16,59,2023-06-17,0,Precipitation is not expected,1007,21,71,00:00,1,Good,0,Clear Sky,A gentle breeze from the north west,NW,NW,North Westerly,13,8,2023-06-13T17:43:00-04:00,2023-06-14T04:03:51.771-04:00,4140963,Washington DC
A clear sky and a gentle breeze,0,23,73,23,14,62,2023-06-17,0,Precipitation is not expected,1008,21,69,01:00,1,Good,0,Clear Sky,A gentle breeze from the north west,NW,NW,North Westerly,13,8,2023-06-13T17:43:00-04:00,2023-06-14T04:03:51.771-04:00,4140963,Washington DC
A clear sky and a gentle breeze,0,22,71,21,13,64,2023-06-17,0,Precipitation is not expected,1008,20,68,02:00,1,Good,0,Clear Sky,A gentle breeze from the north west,NW,NW,North Westerly,13,8,2023-06-13T17:43:00-04:00,2023-06-14T04:03:51.771-04:00,4140963,Washington DC
A clear sky and light winds,0,21,70,19,12,66,2023-06-17,0,Precipitation is not expected,1008,19,67,03:00,1,Good,0,Clear Sky,Light winds from the north west,NW,NW,North Westerly,12,7,2023-06-13T17:43:00-04:00,2023-06-14T04:03:51.771-04:00,4140963,Washington DC
A clear sky and a gentle breeze,0,21,69,18,11,69,2023-06-17,0,Precipitation is not expected,1008,19,66,04:00,1,Good,0,Clear Sky,A gentle breeze from the north west,NW,NW,North Westerly,13,8,2023-06-13T17:43:00-04:00,2023-06-14T04:03:51.771-04:00,4140963,Washington DC
A clear sky and a gentle breeze,0,20,68,22,14,71,2023-06-17,0,Precipitation is not expected,1008,18,65,05:00,1,Good,0,Clear Sky,A gentle breeze from the north west,NW,NW,North Westerly,13,8,2023-06-13T17:43:00-04:00,2023-06-14T04:03:51.771-04:00,4140963,Washington DC
Sunny and a gentle breeze,1,19,67,27,17,71,2023-06-17,0,Precipitation is not expected,1009,18,64,06:00,1,Good,1,Sunny,A gentle breeze from the north west,NW,NW,North Westerly,14,9,2023-06-13T17:43:00-04:00,2023-06-14T04:03:51.771-04:00,4140963,Washington DC
Sunny and a gentle breeze,1,20,68,32,20,68,2023-06-17,0,Precipitation is not expected,1009,18,65,07:00,1,Good,1,Sunny,A gentle breeze from the north north west,NNW,NNW,North North Westerly,15,9,2023-06-13T17:43:00-04:00,2023-06-14T04:03:51.771-04:00,4140963,Washington DC
Sunny and a gentle breeze,1,21,70,30,19,64,2023-06-17,0,Precipitation is not expected,1010,20,67,08:00,1,Good,1,Sunny,A gentle breeze from the north west,NW,NW,North Westerly,16,10,2023-06-13T17:43:00-04:00,2023-06-14T04:03:51.771-04:00,4140963,Washington DC
Sunny and a gentle breeze,1,23,73,29,18,58,2023-06-17,0,Precipitation is not expected,1010,21,70,09:00,1,Good,1,Sunny,A gentle breeze from the north west,NW,NW,North Westerly,16,10,2023-06-13T17:43:00-04:00,2023-06-14T04:03:51.771-04:00,4140963,Washington DC
Sunny and a gentle breeze,1,25,76,29,18,52,2023-06-17,0,Precipitation is not expected,1010,23,73,10:00,1,Good,1,Sunny,A gentle breeze from the north west,NW,NW,North Westerly,16,10,2023-06-13T17:43:00-04:00,2023-06-14T04:03:51.771-04:00,4140963,Washington DC
Sunny intervals and a gentle breeze,3,26,79,28,18,46,2023-06-17,0,Precipitation is not expected,1010,24,76,11:00,1,Good,3,Sunny Intervals,A gentle breeze from the north west,NW,NW,North Westerly,16,10,2023-06-13T17:43:00-04:00,2023-06-14T04:03:51.771-04:00,4140963,Washington DC
Sunny intervals and a gentle breeze,3,27,81,28,18,41,2023-06-17,0,Precipitation is not expected,1009,26,78,12:00,1,Good,3,Sunny Intervals,A gentle breeze from the north west,NW,NW,North Westerly,15,9,2023-06-13T17:43:00-04:00,2023-06-14T04:03:51.771-04:00,4140963,Washington DC
Sunny intervals and a gentle breeze,3,28,83,28,18,38,2023-06-17,0,Precipitation is not expected,1009,26,79,13:00,1,Good,3,Sunny Intervals,A gentle breeze from the north west,NW,NW,North Westerly,17,10,2023-06-13T17:43:00-04:00,2023-06-14T04:03:51.771-04:00,4140963,Washington DC
Sunny intervals and a gentle breeze,3,29,84,29,18,35,2023-06-17,0,Precipitation is not expected,1009,27,81,14:00,1,Good,3,Sunny Intervals,A gentle breeze from the north west,NW,NW,North Westerly,17,10,2023-06-13T17:43:00-04:00,2023-06-14T04:03:51.771-04:00,4140963,Washington DC
Sunny intervals and a gentle breeze,3,29,85,29,18,33,2023-06-17,0,Precipitation is not expected,1008,28,82,15:00,1,Good,3,Sunny Intervals,A gentle breeze from the north west,NW,NW,North Westerly,18,11,2023-06-13T17:43:00-04:00,2023-06-14T04:03:51.771-04:00,4140963,Washington DC
Sunny intervals and a gentle breeze,3,29,85,30,18,31,2023-06-17,0,Precipitation is not expected,1008,28,83,16:00,1,Good,3,Sunny Intervals,A gentle breeze from the north west,NW,NW,North Westerly,18,11,2023-06-13T17:43:00-04:00,2023-06-14T04:03:51.771-04:00,4140963,Washington DC
Sunny and a gentle breeze,1,30,86,28,18,31,2023-06-17,0,Precipitation is not expected,1008,29,83,17:00,1,Good,1,Sunny,A gentle breeze from the north west,NW,NW,North Westerly,18,11,2023-06-13T17:43:00-04:00,2023-06-14T04:03:51.771-04:00,4140963,Washington DC
Sunny and a gentle breeze,1,29,85,27,17,32,2023-06-17,0,Precipitation is not expected,1009,28,83,18:00,1,Good,1,Sunny,A gentle breeze from the north west,NW,NW,North Westerly,18,11,2023-06-13T17:43:00-04:00,2023-06-14T04:03:51.771-04:00,4140963,Washington DC
Sunny and a gentle breeze,1,29,84,26,16,32,2023-06-17,0,Precipitation is not expected,1009,28,82,19:00,1,Good,1,Sunny,A gentle breeze from the north west,NW,NW,North Westerly,16,10,2023-06-13T17:43:00-04:00,2023-06-14T04:03:51.771-04:00,4140963,Washington DC
Sunny and a gentle breeze,1,27,81,21,13,36,2023-06-17,0,Precipitation is not expected,1010,26,79,20:00,1,Good,1,Sunny,A gentle breeze from the north west,NW,NW,North Westerly,14,9,2023-06-13T17:43:00-04:00,2023-06-14T04:03:51.771-04:00,4140963,Washington DC
A clear sky and light winds,0,26,79,16,10,40,2023-06-17,0,Precipitation is not expected,1010,25,77,21:00,1,Good,0,Clear Sky,Light winds from the north west,NW,NW,North Westerly,12,7,2023-06-13T17:43:00-04:00,2023-06-14T04:03:51.771-04:00,4140963,Washington DC
A clear sky and light winds,0,25,77,11,7,44,2023-06-17,0,Precipitation is not expected,1011,24,75,22:00,1,Good,0,Clear Sky,Light winds from the north west,NW,NW,North Westerly,9,6,2023-06-13T17:43:00-04:00,2023-06-14T04:03:51.771-04:00,4140963,Washington DC
A clear sky and light winds,0,24,76,10,6,47,2023-06-17,0,Precipitation is not expected,1011,23,73,23:00,1,Good,0,Clear Sky,Light winds from the north west,NW,NW,North Westerly,9,5,2023-06-13T17:43:00-04:00,2023-06-14T04:03:51.771-04:00,4140963,Washington DC
A clear sky and light winds,0,23,73,9,5,50,2023-06-18,0,Precipitation is not expected,1011,22,71,00:00,1,Good,0,Clear Sky,Light winds from the north west,NW,NW,North Westerly,7,5,2023-06-13T17:43:00-04:00,2023-06-14T04:03:51.771-04:00,4140963,Washington DC
A clear sky and light winds,0,22,72,8,5,54,2023-06-18,0,Precipitation is not expected,1011,21,69,01:00,1,Good,0,Clear Sky,Light winds from the north,N,N,Northerly,8,5,2023-06-13T17:43:00-04:00,2023-06-14T04:03:51.771-04:00,4140963,Washington DC
A clear sky and light winds,0,21,71,7,4,56,2023-06-18,0,Precipitation is not expected,1011,20,68,02:00,1,Good,0,Clear Sky,Light winds from the north,N,N,Northerly,8,5,2023-06-13T17:43:00-04:00,2023-06-14T04:03:51.771-04:00,4140963,Washington DC
A clear sky and light winds,0,20,69,7,5,59,2023-06-18,0,Precipitation is not expected,1012,19,67,03:00,1,Good,0,Clear Sky,Light winds from the north,N,N,Northerly,7,4,2023-06-13T17:43:00-04:00,2023-06-14T04:03:51.771-04:00,4140963,Washington DC
A clear sky and light winds,0,20,68,7,4,62,2023-06-18,0,Precipitation is not expected,1012,19,66,04:00,1,Good,0,Clear Sky,Light winds from the north,N,N,Northerly,7,5,2023-06-13T17:43:00-04:00,2023-06-14T04:03:51.771-04:00,4140963,Washington DC
A clear sky and light winds,0,19,67,8,5,63,2023-06-18,0,Precipitation is not expected,1012,18,65,05:00,1,Good,0,Clear Sky,Light winds from the north,N,N,Northerly,7,4,2023-06-13T17:43:00-04:00,2023-06-14T04:03:51.771-04:00,4140963,Washington DC
Sunny and light winds,1,19,66,9,5,64,2023-06-18,0,Precipitation is not expected,1012,18,64,06:00,1,Good,1,Sunny,Light winds from the north,N,N,Northerly,7,4,2023-06-13T17:43:00-04:00,2023-06-14T04:03:51.771-04:00,4140963,Washington DC
Sunny and light winds,1,20,69,10,6,63,2023-06-18,0,Precipitation is not expected,1012,19,66,07:00,1,Good,1,Sunny,Light winds from the north,N,N,Northerly,7,5,2023-06-13T17:43:00-04:00,2023-06-14T04:03:51.771-04:00,4140963,Washington DC
Sunny and light winds,1,22,72,10,6,58,2023-06-18,0,Precipitation is not expected,1012,20,69,08:00,1,Good,1,Sunny,Light winds from the north north east,NNE,NNE,North North Easterly,8,5,2023-06-13T17:43:00-04:00,2023-06-14T04:03:51.771-04:00,4140963,Washington DC
Sunny and light winds,1,24,75,11,7,53,2023-06-18,0,Precipitation is not expected,1012,22,72,09:00,1,Good,1,Sunny,Light winds from the north east,NE,NE,North Easterly,8,5,2023-06-13T17:43:00-04:00,2023-06-14T04:03:51.771-04:00,4140963,Washington DC
Sunny and light winds,1,26,78,12,7,46,2023-06-18,0,Precipitation is not expected,1012,24,75,10:00,1,Good,1,Sunny,Light winds from the east north east,ENE,ENE,East North Easterly,7,5,2023-06-13T17:43:00-04:00,2023-06-14T04:03:51.771-04:00,4140963,Washington DC
Sunny and light winds,1,27,81,13,8,41,2023-06-18,0,Precipitation is not expected,1012,26,78,11:00,1,Good,1,Sunny,Light winds from the east south east,ESE,ESE,East South Easterly,7,5,2023-06-13T17:43:00-04:00,2023-06-14T04:03:51.771-04:00,4140963,Washington DC
Sunny and light winds,1,29,84,14,9,37,2023-06-18,0,Precipitation is not expected,1012,27,81,12:00,1,Good,1,Sunny,Light winds from the south,S,S,Southerly,7,4,2023-06-13T17:43:00-04:00,2023-06-14T04:03:51.771-04:00,4140963,Washington DC
Sunny and light winds,1,30,86,15,9,34,2023-06-18,0,Precipitation is not expected,1011,28,83,13:00,1,Good,1,Sunny,Light winds from the west,W,W,Westerly,8,5,2023-06-13T17:43:00-04:00,2023-06-14T04:03:51.771-04:00,4140963,Washington DC
Sunny and light winds,1,31,87,15,10,32,2023-06-18,0,Precipitation is not expected,1011,29,85,14:00,1,Good,1,Sunny,Light winds from the south,S,S,Southerly,9,6,2023-06-13T17:43:00-04:00,2023-06-14T04:03:51.771-04:00,4140963,Washington DC
Sunny and light winds,1,31,88,16,10,31,2023-06-18,8,Low chance of precipitation,1011,30,85,15:00,1,Good,1,Sunny,Light winds from the south south east,SSE,SSE,South South Easterly,11,7,2023-06-13T17:43:00-04:00,2023-06-14T04:03:51.771-04:00,4140963,Washington DC
Sunny and light winds,1,31,88,16,10,30,2023-06-18,8,Low chance of precipitation,1010,30,86,16:00,1,Good,1,Sunny,Light winds from the south south east,SSE,SSE,South South Easterly,11,7,2023-06-13T17:43:00-04:00,2023-06-14T04:03:51.771-04:00,4140963,Washington DC
Sunny and a gentle breeze,1,32,89,17,11,32,2023-06-18,8,Low chance of precipitation,1010,30,86,17:00,1,Good,1,Sunny,A gentle breeze from the south east,SE,SE,South Easterly,12,8,2023-06-13T17:43:00-04:00,2023-06-14T04:03:51.771-04:00,4140963,Washington DC
Sunny and a gentle breeze,1,31,88,18,11,33,2023-06-18,9,Low chance of precipitation,1010,29,85,18:00,1,Good,1,Sunny,A gentle breeze from the south east,SE,SE,South Easterly,15,9,2023-06-13T17:43:00-04:00,2023-06-14T04:03:51.771-04:00,4140963,Washington DC
Sunny and a gentle breeze,1,31,88,19,12,37,2023-06-18,9,Low chance of precipitation,1010,29,83,19:00,1,Good,1,Sunny,A gentle breeze from the south east,SE,SE,South Easterly,14,9,2023-06-13T17:43:00-04:00,2023-06-14T04:03:51.771-04:00,4140963,Washington DC
Sunny and a gentle breeze,1,29,85,18,11,43,2023-06-18,9,Low chance of precipitation,1010,27,80,20:00,1,Good,1,Sunny,A gentle breeze from the south east,SE,SE,South Easterly,15,9,2023-06-13T17:43:00-04:00,2023-06-14T04:03:51.771-04:00,4140963,Washington DC
A clear sky and a gentle breeze,0,29,83,16,10,48,2023-06-18,6,Low chance of precipitation,1011,26,78,21:00,1,Good,0,Clear Sky,A gentle breeze from the south east,SE,SE,South Easterly,13,8,2023-06-13T17:43:00-04:00,2023-06-14T04:03:51.771-04:00,4140963,Washington DC
A clear sky and light winds,0,27,81,14,9,54,2023-06-18,6,Low chance of precipitation,1011,24,76,22:00,1,Good,0,Clear Sky,Light winds from the south east,SE,SE,South Easterly,11,7,2023-06-13T17:43:00-04:00,2023-06-14T04:03:51.771-04:00,4140963,Washington DC
A clear sky and a gentle breeze,0,27,80,14,8,58,2023-06-18,6,Low chance of precipitation,1012,23,74,23:00,1,Good,0,Clear Sky,A gentle breeze from the south east,SE,SE,South Easterly,12,8,2023-06-13T17:43:00-04:00,2023-06-14T04:03:51.771-04:00,4140963,Washington DC
A clear sky and light winds,0,26,78,13,8,63,2023-06-19,7,Low chance of precipitation,1011,23,73,00:00,1,Good,0,Clear Sky,Light winds from the east south east,ESE,ESE,East South Easterly,11,7,2023-06-13T17:43:00-04:00,2023-06-14T04:03:51.771-04:00,4140963,Washington DC
A clear sky and light winds,0,25,77,12,8,67,2023-06-19,7,Low chance of precipitation,1011,22,71,01:00,1,Good,0,Clear Sky,Light winds from the east,E,E,Easterly,11,7,2023-06-13T17:43:00-04:00,2023-06-14T04:03:51.771-04:00,4140963,Washington DC
A clear sky and light winds,0,24,76,12,8,70,2023-06-19,7,Low chance of precipitation,1011,21,70,02:00,1,Good,0,Clear Sky,Light winds from the east,E,E,Easterly,11,7,2023-06-13T17:43:00-04:00,2023-06-14T04:03:51.771-04:00,4140963,Washington DC
A clear sky and light winds,0,24,75,12,8,74,2023-06-19,22,Low chance of precipitation,1011,21,69,03:00,1,Good,0,Clear Sky,Light winds from the east,E,E,Easterly,11,7,2023-06-13T17:43:00-04:00,2023-06-14T04:03:51.771-04:00,4140963,Washington DC
A clear sky and light winds,0,24,75,12,8,74,2023-06-19,22,Low chance of precipitation,1011,21,69,04:00,1,Good,0,Clear Sky,Light winds from the east north east,ENE,ENE,East North Easterly,11,7,2023-06-13T17:43:00-04:00,2023-06-14T04:03:51.771-04:00,4140963,Washington DC
Partly cloudy and light winds,2,24,75,14,9,75,2023-06-19,22,Low chance of precipitation,1011,21,69,05:00,1,Good,2,Partly Cloudy,Light winds from the east north east,ENE,ENE,East North Easterly,11,7,2023-06-13T17:43:00-04:00,2023-06-14T04:03:51.771-04:00,4140963,Washington DC
Light rain showers and light winds,10,23,74,16,10,76,2023-06-19,11,Low chance of precipitation,1012,20,68,06:00,1,Good,10,Light Rain Showers,Light winds from the east north east,ENE,ENE,East North Easterly,12,7,2023-06-13T17:43:00-04:00,2023-06-14T04:03:51.771-04:00,4140963,Washington DC
Light rain showers and light winds,10,24,75,18,11,77,2023-06-19,11,Low chance of precipitation,1012,21,69,07:00,1,Good,10,Light Rain Showers,Light winds from the east north east,ENE,ENE,East North Easterly,12,7,2023-06-13T17:43:00-04:00,2023-06-14T04:03:51.771-04:00,4140963,Washington DC
Light rain showers and a gentle breeze,10,26,79,19,12,75,2023-06-19,12,Low chance of precipitation,1012,22,72,08:00,1,Moderate,10,Light Rain Showers,A gentle breeze from the east,E,E,Easterly,12,8,2023-06-13T17:43:00-04:00,2023-06-14T04:03:51.771-04:00,4140963,Washington DC
Light rain showers and a gentle breeze,10,27,81,19,12,71,2023-06-19,18,Low chance of precipitation,1012,23,73,09:00,1,Moderate,10,Light Rain Showers,A gentle breeze from the east,E,E,Easterly,13,8,2023-06-13T17:43:00-04:00,2023-06-14T04:03:51.771-04:00,4140963,Washington DC
Thundery showers and a gentle breeze,29,29,84,20,13,65,2023-06-19,19,Low chance of precipitation,1012,24,76,10:00,1,Moderate,29,Thundery Showers,A gentle breeze from the east south east,ESE,ESE,East South Easterly,12,8,2023-06-13T17:43:00-04:00,2023-06-14T04:03:51.771-04:00,4140963,Washington DC
Thundery showers and a gentle breeze,29,30,86,23,14,63,2023-06-19,19,Low chance of precipitation,1013,25,77,11:00,1,Moderate,29,Thundery Showers,A gentle breeze from the east south east,ESE,ESE,East South Easterly,13,8,2023-06-13T17:43:00-04:00,2023-06-14T04:03:51.771-04:00,4140963,Washington DC
Light rain showers and a gentle breeze,10,31,88,25,16,59,2023-06-19,45,Chance of precipitation,1013,26,79,12:00,1,Moderate,10,Light Rain Showers,A gentle breeze from the south east,SE,SE,South Easterly,13,8,2023-06-13T17:43:00-04:00,2023-06-14T04:03:51.771-04:00,4140963,Washington DC
Light rain showers and a gentle breeze,10,31,88,28,17,57,2023-06-19,45,Chance of precipitation,1013,26,79,13:00,1,Moderate,10,Light Rain Showers,A gentle breeze from the east south east,ESE,ESE,East South Easterly,15,9,2023-06-13T17:43:00-04:00,2023-06-14T04:03:51.771-04:00,4140963,Washington DC
Light rain showers and a gentle breeze,10,32,89,29,18,59,2023-06-19,45,Chance of precipitation,1012,27,80,14:00,1,Moderate,10,Light Rain Showers,A gentle breeze from the south east,SE,SE,South Easterly,17,10,2023-06-13T17:43:00-04:00,2023-06-14T04:03:51.771-04:00,4140963,Washington DC
Thundery showers and a gentle breeze,29,32,90,30,19,58,2023-06-19,65,Chance of precipitation,1012,27,80,15:00,1,Moderate,29,Thundery Showers,A gentle breeze from the south east,SE,SE,South Easterly,19,12,2023-06-13T17:43:00-04:00,2023-06-14T04:03:51.771-04:00,4140963,Washington DC
Thundery showers and a gentle breeze,29,33,91,31,19,57,2023-06-19,65,Chance of precipitation,1012,27,81,16:00,1,Moderate,29,Thundery Showers,A gentle breeze from the south east,SE,SE,South Easterly,19,12,2023-06-13T17:43:00-04:00,2023-06-14T04:03:51.771-04:00,4140963,Washington DC
Thundery showers and a gentle breeze,29,33,90,32,20,58,2023-06-19,65,Chance of precipitation,1012,27,81,17:00,1,Moderate,29,Thundery Showers,A gentle breeze from the south east,SE,SE,South Easterly,19,12,2023-06-13T17:43:00-04:00,2023-06-14T04:03:51.771-04:00,4140963,Washington DC
Thundery showers and a moderate breeze,29,31,89,33,21,63,2023-06-19,70,Chance of precipitation,1012,26,79,18:00,1,Moderate,29,Thundery Showers,A moderate breeze from the south east,SE,SE,South Easterly,20,13,2023-06-13T17:43:00-04:00,2023-06-14T04:03:51.771-04:00,4140963,Washington DC
Thundery showers and a gentle breeze,29,30,86,34,21,64,2023-06-19,70,Chance of precipitation,1013,25,77,19:00,1,Moderate,29,Thundery Showers,A gentle breeze from the south south east,SSE,SSE,South South Easterly,19,12,2023-06-13T17:43:00-04:00,2023-06-14T04:03:51.771-04:00,4140963,Washington DC
Thundery showers and a gentle breeze,29,29,84,32,20,71,2023-06-19,70,Chance of precipitation,1013,24,75,20:00,1,Moderate,29,Thundery Showers,A gentle breeze from the south south east,SSE,SSE,South South Easterly,19,12,2023-06-13T17:43:00-04:00,2023-06-14T04:03:51.771-04:00,4140963,Washington DC
Heavy rain and a gentle breeze,40,28,83,29,18,76,2023-06-19,65,Chance of precipitation,1013,23,74,21:00,1,Moderate,15,Heavy Rain,A gentle breeze from the south east,SE,SE,South Easterly,18,11,2023-06-13T17:43:00-04:00,2023-06-14T04:03:51.771-04:00,4140963,Washington DC
Heavy rain and a gentle breeze,40,28,82,26,16,77,2023-06-19,65,Chance of precipitation,1014,23,73,22:00,1,Moderate,15,Heavy Rain,A gentle breeze from the south east,SE,SE,South Easterly,15,9,2023-06-13T17:43:00-04:00,2023-06-14T04:03:51.771-04:00,4140963,Washington DC
Heavy rain and a gentle breeze,40,27,81,27,17,77,2023-06-19,65,Chance of precipitation,1014,23,73,23:00,1,Moderate,15,Heavy Rain,A gentle breeze from the south east,SE,SE,South Easterly,15,10,2023-06-13T17:43:00-04:00,2023-06-14T04:03:51.771-04:00,4140963,Washington DC
Thundery showers and a gentle breeze,28,27,80,29,18,80,2023-06-20,51,Chance of precipitation,1014,22,72,00:00,1,Moderate,28,Thundery Showers,A gentle breeze from the east south east,ESE,ESE,East South Easterly,14,9,2023-06-13T17:43:00-04:00,2023-06-14T04:03:51.771-04:00,4140963,Washington DC
Light rain showers and a gentle breeze,9,26,79,30,19,80,2023-06-20,45,Chance of precipitation,1014,22,71,01:00,1,Moderate,9,Light Rain Showers,A gentle breeze from the east,E,E,Easterly,14,9,2023-06-13T17:43:00-04:00,2023-06-14T04:03:51.771-04:00,4140963,Washington DC
Light rain showers and a gentle breeze,9,26,78,30,18,81,2023-06-20,39,Chance of precipitation,1014,21,71,02:00,1,Good,9,Light Rain Showers,A gentle breeze from the east,E,E,Easterly,14,9,2023-06-13T17:43:00-04:00,2023-06-14T04:03:51.771-04:00,4140963,Washington DC
Light rain showers and a gentle breeze,9,25,77,29,18,82,2023-06-20,30,Low chance of precipitation,1014,21,70,03:00,1,Good,9,Light Rain Showers,A gentle breeze from the east,E,E,Easterly,14,9,2023-06-13T17:43:00-04:00,2023-06-14T04:03:51.771-04:00,4140963,Washington DC
Light rain showers and a gentle breeze,9,25,76,29,18,86,2023-06-20,29,Low chance of precipitation,1014,20,69,04:00,1,Good,9,Light Rain Showers,A gentle breeze from the east north east,ENE,ENE,East North Easterly,14,9,2023-06-13T17:43:00-04:00,2023-06-14T04:03:51.771-04:00,4140963,Washington DC
Light rain showers and a gentle breeze,9,24,75,30,19,86,2023-06-20,29,Low chance of precipitation,1014,20,68,05:00,1,Good,9,Light Rain Showers,A gentle breeze from the east north east,ENE,ENE,East North Easterly,15,9,2023-06-13T17:43:00-04:00,2023-06-14T04:03:51.771-04:00,4140963,Washington DC
Light rain showers and a gentle breeze,10,23,74,32,20,87,2023-06-20,24,Low chance of precipitation,1015,20,68,06:00,1,Good,10,Light Rain Showers,A gentle breeze from the east north east,ENE,ENE,East North Easterly,16,10,2023-06-13T17:43:00-04:00,2023-06-14T04:03:51.771-04:00,4140963,Washington DC
Light rain showers and a gentle breeze,10,24,75,33,20,84,2023-06-20,25,Low chance of precipitation,1015,20,68,07:00,1,Good,10,Light Rain Showers,A gentle breeze from the east north east,ENE,ENE,East North Easterly,16,10,2023-06-13T17:43:00-04:00,2023-06-14T04:03:51.771-04:00,4140963,Washington DC
Light rain showers and a gentle breeze,10,24,76,34,21,82,2023-06-20,26,Low chance of precipitation,1015,21,69,08:00,1,Good,10,Light Rain Showers,A gentle breeze from the east north east,ENE,ENE,East North Easterly,17,10,2023-06-13T17:43:00-04:00,2023-06-14T04:03:51.771-04:00,4140963,Washington DC
Light rain and a gentle breeze,12,26,79,34,21,80,2023-06-20,40,Chance of precipitation,1016,22,71,09:00,1,Good,12,Light Rain,A gentle breeze from the east,E,E,Easterly,17,10,2023-06-13T17:43:00-04:00,2023-06-14T04:03:51.771-04:00,4140963,Washington DC
Light rain and a gentle breeze,12,27,81,34,21,73,2023-06-20,40,Chance of precipitation,1016,23,73,10:00,1,Good,12,Light Rain,A gentle breeze from the east,E,E,Easterly,16,10,2023-06-13T17:43:00-04:00,2023-06-14T04:03:51.771-04:00,4140963,Washington DC
Light rain and a gentle breeze,12,28,82,34,21,70,2023-06-20,40,Chance of precipitation,1016,23,74,11:00,1,Good,12,Light Rain,A gentle breeze from the east,E,E,Easterly,16,10,2023-06-13T17:43:00-04:00,2023-06-14T04:03:51.771-04:00,4140963,Washington DC
Light rain and a gentle breeze,12,29,84,34,21,66,2023-06-20,29,Low chance of precipitation,1016,24,76,12:00,1,Good,12,Light Rain,A gentle breeze from the east,E,E,Easterly,15,10,2023-06-13T17:43:00-04:00,2023-06-14T04:03:51.771-04:00,4140963,Washington DC
Light rain and a gentle breeze,12,29,84,33,21,63,2023-06-20,29,Low chance of precipitation,1015,25,76,13:00,1,Good,12,Light Rain,A gentle breeze from the east,E,E,Easterly,17,11,2023-06-13T17:43:00-04:00,2023-06-14T04:03:51.771-04:00,4140963,Washington DC
Light rain and a gentle breeze,12,29,85,33,21,63,2023-06-20,29,Low chance of precipitation,1015,25,77,14:00,1,Moderate,12,Light Rain,A gentle breeze from the east,E,E,Easterly,17,11,2023-06-13T17:43:00-04:00,2023-06-14T04:03:51.771-04:00,4140963,Washington DC
Light rain showers and a gentle breeze,10,30,86,33,20,62,2023-06-20,43,Chance of precipitation,1015,25,77,15:00,1,Moderate,10,Light Rain Showers,A gentle breeze from the east south east,ESE,ESE,East South Easterly,19,12,2023-06-13T17:43:00-04:00,2023-06-14T04:03:51.771-04:00,4140963,Washington DC
Light rain showers and a gentle breeze,10,30,86,33,20,59,2023-06-20,42,Chance of precipitation,1014,25,78,16:00,1,Moderate,10,Light Rain Showers,A gentle breeze from the east,E,E,Easterly,20,12,2023-06-13T17:43:00-04:00,2023-06-14T04:03:51.771-04:00,4140963,Washington DC
Light rain showers and a gentle breeze,10,30,86,33,21,61,2023-06-20,51,Chance of precipitation,1014,25,77,17:00,1,Moderate,10,Light Rain Showers,A gentle breeze from the east south east,ESE,ESE,East South Easterly,19,12,2023-06-13T17:43:00-04:00,2023-06-14T04:03:51.771-04:00,4140963,Washington DC
Light rain showers and a gentle breeze,10,29,85,34,21,62,2023-06-20,57,Chance of precipitation,1014,25,77,18:00,1,Moderate,10,Light Rain Showers,A gentle breeze from the east south east,ESE,ESE,East South Easterly,19,12,2023-06-13T17:43:00-04:00,2023-06-14T04:03:51.771-04:00,4140963,Washington DC
Light rain showers and a gentle breeze,10,29,84,35,22,61,2023-06-20,57,Chance of precipitation,1015,25,76,19:00,1,Moderate,10,Light Rain Showers,A gentle breeze from the east south east,ESE,ESE,East South Easterly,18,11,2023-06-13T17:43:00-04:00,2023-06-14T04:03:51.771-04:00,4140963,Washington DC
Light rain showers and a gentle breeze,10,27,81,31,19,68,2023-06-20,47,Chance of precipitation,1015,23,74,20:00,1,Moderate,10,Light Rain Showers,A gentle breeze from the east south east,ESE,ESE,East South Easterly,17,10,2023-06-13T17:43:00-04:00,2023-06-14T04:03:51.771-04:00,4140963,Washington DC
Light rain showers and a gentle breeze,9,27,81,27,17,72,2023-06-20,64,Chance of precipitation,1015,23,73,21:00,1,Moderate,9,Light Rain Showers,A gentle breeze from the east south east,ESE,ESE,East South Easterly,15,9,2023-06-13T17:43:00-04:00,2023-06-14T04:03:51.771-04:00,4140963,Washington DC
Light rain showers and a gentle breeze,9,27,80,23,15,74,2023-06-20,64,Chance of precipitation,1016,22,72,22:00,1,Moderate,9,Light Rain Showers,A gentle breeze from the east south east,ESE,ESE,East South Easterly,13,8,2023-06-13T17:43:00-04:00,2023-06-14T04:03:51.771-04:00,4140963,Washington DC
Light rain showers and a gentle breeze,9,26,79,23,14,76,2023-06-20,64,Chance of precipitation,1016,22,72,23:00,1,Moderate,9,Light Rain Showers,A gentle breeze from the east south east,ESE,ESE,East South Easterly,15,9,2023-06-13T17:43:00-04:00,2023-06-14T04:03:51.771-04:00,4140963,Washington DC
Light rain showers and a gentle breeze,9,26,78,22,14,79,2023-06-21,68,Chance of precipitation,1016,21,71,00:00,1,Moderate,9,Light Rain Showers,A gentle breeze from the east,E,E,Easterly,13,8,2023-06-13T17:43:00-04:00,2023-06-14T04:03:51.771-04:00,4140963,Washington DC
Light rain showers and a gentle breeze,9,25,77,22,14,80,2023-06-21,68,Chance of precipitation,1016,21,70,01:00,1,Moderate,9,Light Rain Showers,A gentle breeze from the east north east,ENE,ENE,East North Easterly,14,8,2023-06-13T17:43:00-04:00,2023-06-14T04:03:51.771-04:00,4140963,Washington DC
Light rain showers and a gentle breeze,9,24,76,22,14,81,2023-06-21,68,Chance of precipitation,1016,21,69,02:00,1,Moderate,9,Light Rain Showers,A gentle breeze from the east north east,ENE,ENE,East North Easterly,13,8,2023-06-13T17:43:00-04:00,2023-06-14T04:03:51.771-04:00,4140963,Washington DC
Light rain showers and a gentle breeze,9,24,75,22,14,83,2023-06-21,70,Chance of precipitation,1016,20,68,03:00,1,Moderate,9,Light Rain Showers,A gentle breeze from the east north east,ENE,ENE,East North Easterly,12,8,2023-06-13T17:43:00-04:00,2023-06-14T04:03:51.771-04:00,4140963,Washington DC
Light rain showers and a gentle breeze,9,23,74,22,14,86,2023-06-21,70,Chance of precipitation,1016,20,68,04:00,1,Moderate,9,Light Rain Showers,A gentle breeze from the east north east,ENE,ENE,East North Easterly,13,8,2023-06-13T17:43:00-04:00,2023-06-14T04:03:51.771-04:00,4140963,Washington DC
Light rain showers and a gentle breeze,9,23,73,25,16,84,2023-06-21,70,Chance of precipitation,1016,19,67,05:00,1,Moderate,9,Light Rain Showers,A gentle breeze from the north east,NE,NE,North Easterly,13,8,2023-06-13T17:43:00-04:00,2023-06-14T04:03:51.771-04:00,4140963,Washington DC
Light rain showers and a gentle breeze,10,22,72,28,17,85,2023-06-21,70,Chance of precipitation,1016,19,66,06:00,1,Moderate,10,Light Rain Showers,A gentle breeze from the north east,NE,NE,North Easterly,14,8,2023-06-14T04:03:51-04:00,2023-06-14T04:03:51.771-04:00,4140963,Washington DC
Light rain showers and a gentle breeze,10,22,72,31,19,83,2023-06-21,70,Chance of precipitation,1016,19,67,07:00,1,Moderate,10,Light Rain Showers,A gentle breeze from the north east,NE,NE,North Easterly,14,9,2023-06-14T04:03:51-04:00,2023-06-14T04:03:51.771-04:00,4140963,Washington DC
Light rain showers and a gentle breeze,10,23,74,31,19,78,2023-06-21,70,Chance of precipitation,1016,20,68,08:00,1,Moderate,10,Light Rain Showers,A gentle breeze from the north east,NE,NE,North Easterly,15,9,2023-06-14T04:03:51-04:00,2023-06-14T04:03:51.771-04:00,4140963,Washington DC
Light rain and a gentle breeze,12,25,77,32,20,76,2023-06-21,60,Chance of precipitation,1016,21,70,09:00,1,Moderate,12,Light Rain,A gentle breeze from the east north east,ENE,ENE,East North Easterly,15,9,2023-06-14T04:03:51-04:00,2023-06-14T04:03:51.771-04:00,4140963,Washington DC
Light rain and a gentle breeze,12,26,79,32,20,69,2023-06-21,60,Chance of precipitation,1016,22,72,10:00,1,Moderate,12,Light Rain,A gentle breeze from the east north east,ENE,ENE,East North Easterly,14,9,2023-06-14T04:03:51-04:00,2023-06-14T04:03:51.771-04:00,4140963,Washington DC
Light rain and a gentle breeze,12,27,81,33,20,67,2023-06-21,60,Chance of precipitation,1016,23,74,11:00,1,Moderate,12,Light Rain,A gentle breeze from the east north east,ENE,ENE,East North Easterly,14,9,2023-06-14T04:03:51-04:00,2023-06-14T04:03:51.771-04:00,4140963,Washington DC
Light rain and a gentle breeze,12,28,83,33,21,64,2023-06-21,61,Chance of precipitation,1016,24,75,12:00,1,Moderate,12,Light Rain,A gentle breeze from the east north east,ENE,ENE,East North Easterly,13,8,2023-06-14T04:03:51-04:00,2023-06-14T04:03:51.771-04:00,4140963,Washington DC
Light rain and a gentle breeze,12,29,84,34,21,61,2023-06-21,61,Chance of precipitation,1016,25,76,13:00,1,Moderate,12,Light Rain,A gentle breeze from the east north east,ENE,ENE,East North Easterly,15,9,2023-06-14T04:03:51-04:00,2023-06-14T04:03:51.771-04:00,4140963,Washington DC
Light rain and a gentle breeze,12,29,85,34,21,62,2023-06-21,61,Chance of precipitation,1015,25,77,14:00,1,Moderate,12,Light Rain,A gentle breeze from the east,E,E,Easterly,15,9,2023-06-14T04:03:51-04:00,2023-06-14T04:03:51.771-04:00,4140963,Washington DC
Light rain and a gentle breeze,12,30,86,34,21,61,2023-06-21,44,Chance of precipitation,1015,25,77,15:00,1,Moderate,12,Light Rain,A gentle breeze from the east north east,ENE,ENE,East North Easterly,16,10,2023-06-14T04:03:51-04:00,2023-06-14T04:03:51.771-04:00,4140963,Washington DC
Light rain showers and a gentle breeze,10,30,86,33,21,57,2023-06-21,54,Chance of precipitation,1015,26,78,16:00,1,Moderate,10,Light Rain Showers,A gentle breeze from the east north east,ENE,ENE,East North Easterly,17,11,2023-06-14T04:03:51-04:00,2023-06-14T04:03:51.771-04:00,4140963,Washington DC
Light rain showers and a gentle breeze,10,30,86,31,19,59,2023-06-21,54,Chance of precipitation,1014,26,78,17:00,1,Moderate,10,Light Rain Showers,A gentle breeze from the east north east,ENE,ENE,East North Easterly,16,10,2023-06-14T04:03:51-04:00,2023-06-14T04:03:51.771-04:00,4140963,Washington DC
Light rain showers and a gentle breeze,10,30,86,29,18,61,2023-06-21,56,Chance of precipitation,1014,25,77,18:00,1,Moderate,10,Light Rain Showers,A gentle breeze from the east,E,E,Easterly,17,10,2023-06-14T04:03:51-04:00,2023-06-14T04:03:51.771-04:00,4140963,Washington DC
Light rain showers and a gentle breeze,10,29,83,27,17,61,2023-06-21,56,Chance of precipitation,1015,24,76,19:00,1,Moderate,10,Light Rain Showers,A gentle breeze from the east north east,ENE,ENE,East North Easterly,14,9,2023-06-14T04:03:51-04:00,2023-06-14T04:03:51.771-04:00,4140963,Washington DC
Light rain showers and a gentle breeze,10,28,82,26,16,67,2023-06-21,56,Chance of precipitation,1015,23,74,20:00,1,Moderate,10,Light Rain Showers,A gentle breeze from the east,E,E,Easterly,13,8,2023-06-14T04:03:51-04:00,2023-06-14T04:03:51.771-04:00,4140963,Washington DC
Light rain showers and a gentle breeze,9,27,81,25,15,71,2023-06-21,65,Chance of precipitation,1015,23,73,21:00,1,Moderate,9,Light Rain Showers,A gentle breeze from the east,E,E,Easterly,12,8,2023-06-14T04:03:51-04:00,2023-06-14T04:03:51.771-04:00,4140963,Washington DC
Light rain showers and light winds,9,27,80,24,15,74,2023-06-21,65,Chance of precipitation,1016,22,72,22:00,1,Moderate,9,Light Rain Showers,Light winds from the east,E,E,Easterly,10,6,2023-06-14T04:03:51-04:00,2023-06-14T04:03:51.771-04:00,4140963,Washington DC
Light rain showers and light winds,9,27,80,21,13,75,2023-06-21,65,Chance of precipitation,1016,22,72,23:00,1,Moderate,9,Light Rain Showers,Light winds from the east,E,E,Easterly,11,7,2023-06-14T04:03:51-04:00,2023-06-14T04:03:51.771-04:00,4140963,Washington DC
Light rain showers and light winds,9,26,78,18,11,77,2023-06-22,62,Chance of precipitation,1016,22,71,00:00,1,Moderate,9,Light Rain Showers,Light winds from the north east,NE,NE,North Easterly,9,6,2023-06-14T04:03:51-04:00,2023-06-14T04:03:51.771-04:00,4140963,Washington DC
Light rain showers and light winds,9,25,77,15,10,78,2023-06-22,62,Chance of precipitation,1016,21,70,01:00,1,Moderate,9,Light Rain Showers,Light winds from the north east,NE,NE,North Easterly,11,7,2023-06-14T04:03:51-04:00,2023-06-14T04:03:51.771-04:00,4140963,Washington DC
Light rain showers and light winds,9,25,77,17,11,79,2023-06-22,62,Chance of precipitation,1016,21,70,02:00,1,Moderate,9,Light Rain Showers,Light winds from the north east,NE,NE,North Easterly,11,7,2023-06-14T04:03:51-04:00,2023-06-14T04:03:51.771-04:00,4140963,Washington DC
Light rain showers and light winds,9,24,75,18,11,81,2023-06-22,23,Low chance of precipitation,1016,20,69,03:00,1,Moderate,9,Light Rain Showers,Light winds from the north east,NE,NE,North Easterly,9,6,2023-06-14T04:03:51-04:00,2023-06-14T04:03:51.771-04:00,4140963,Washington DC
Light rain and light winds,39,24,75,20,12,85,2023-06-22,55,Chance of precipitation,1015,20,68,04:00,1,Moderate,12,Light Rain,Light winds from the north north east,NNE,NNE,North North Easterly,11,7,2023-06-14T04:03:51-04:00,2023-06-14T04:03:51.771-04:00,4140963,Washington DC
Light rain and light winds,39,23,74,22,14,85,2023-06-22,55,Chance of precipitation,1015,20,67,05:00,1,Moderate,12,Light Rain,Light winds from the north north east,NNE,NNE,North North Easterly,11,7,2023-06-14T04:03:51-04:00,2023-06-14T04:03:51.771-04:00,4140963,Washington DC
Light rain showers and light winds,10,23,73,24,15,88,2023-06-22,20,Low chance of precipitation,1016,19,67,06:00,1,Moderate,10,Light Rain Showers,Light winds from the north north east,NNE,NNE,North North Easterly,11,7,2023-06-14T04:03:51-04:00,2023-06-14T04:03:51.771-04:00,4140963,Washington DC
Light rain and a gentle breeze,12,23,73,27,17,83,2023-06-22,49,Chance of precipitation,1016,20,67,07:00,1,Moderate,12,Light Rain,A gentle breeze from the north north east,NNE,NNE,North North Easterly,12,8,2023-06-14T04:03:51-04:00,2023-06-14T04:03:51.771-04:00,4140963,Washington DC
Light rain showers and light winds,10,24,76,25,16,79,2023-06-22,23,Low chance of precipitation,1016,21,69,08:00,1,Moderate,10,Light Rain Showers,Light winds from the north north east,NNE,NNE,North North Easterly,12,7,2023-06-14T04:03:51-04:00,2023-06-14T04:03:51.771-04:00,4140963,Washington DC
Light rain and a gentle breeze,12,26,78,21,13,77,2023-06-22,32,Chance of precipitation,1016,22,71,09:00,1,Moderate,12,Light Rain,A gentle breeze from the north east,NE,NE,North Easterly,12,8,2023-06-14T04:03:51-04:00,2023-06-14T04:03:51.771-04:00,4140963,Washington DC
Light rain and light winds,12,27,80,22,14,71,2023-06-22,44,Chance of precipitation,1016,23,73,10:00,1,Good,12,Light Rain,Light winds from the north east,NE,NE,North Easterly,10,6,2023-06-14T04:03:51-04:00,2023-06-14T04:03:51.771-04:00,4140963,Washington DC
Light rain and light winds,12,28,83,20,12,68,2023-06-22,30,Low chance of precipitation,1016,24,75,11:00,1,Moderate,12,Light Rain,Light winds from the north east,NE,NE,North Easterly,11,7,2023-06-14T04:03:51-04:00,2023-06-14T04:03:51.771-04:00,4140963,Washington DC
Light rain and light winds,12,29,84,19,12,59,2023-06-22,45,Chance of precipitation,1014,25,77,12:00,1,Moderate,12,Light Rain,Light winds from the east north east,ENE,ENE,East North Easterly,9,5,2023-06-14T04:03:51-04:00,2023-06-14T04:03:51.771-04:00,4140963,Washington DC
Light rain and light winds,12,30,85,18,11,59,2023-06-22,31,Chance of precipitation,1016,25,77,13:00,1,Moderate,12,Light Rain,Light winds from the north north east,NNE,NNE,North North Easterly,10,6,2023-06-14T04:03:51-04:00,2023-06-14T04:03:51.771-04:00,4140963,Washington DC
Light rain and light winds,12,30,86,17,11,58,2023-06-22,45,Chance of precipitation,1015,26,78,14:00,1,Good,12,Light Rain,Light winds from the north east,NE,NE,North Easterly,10,6,2023-06-14T04:03:51-04:00,2023-06-14T04:03:51.771-04:00,4140963,Washington DC
Light rain showers and light winds,10,31,87,15,9,55,2023-06-22,33,Chance of precipitation,1015,26,79,15:00,1,Good,10,Light Rain Showers,Light winds from the north east,NE,NE,North Easterly,10,6,2023-06-14T04:03:51-04:00,2023-06-14T04:03:51.771-04:00,4140963,Washington DC
Light rain showers and light winds,10,31,88,17,11,53,2023-06-22,33,Chance of precipitation,1015,27,80,16:00,1,Good,10,Light Rain Showers,Light winds from the north east,NE,NE,North Easterly,11,7,2023-06-14T04:03:51-04:00,2023-06-14T04:03:51.771-04:00,4140963,Washington DC
Light rain showers and light winds,10,31,88,18,11,53,2023-06-22,21,Low chance of precipitation,1014,27,80,17:00,1,Good,10,Light Rain Showers,Light winds from the north east,NE,NE,North Easterly,11,7,2023-06-14T04:03:51-04:00,2023-06-14T04:03:51.771-04:00,4140963,Washington DC
Light rain showers and light winds,10,31,88,18,11,56,2023-06-22,36,Chance of precipitation,1014,26,79,18:00,1,Good,10,Light Rain Showers,Light winds from the east north east,ENE,ENE,East North Easterly,12,7,2023-06-14T04:03:51-04:00,2023-06-14T04:03:51.771-04:00,4140963,Washington DC
Light rain showers and a gentle breeze,10,30,86,13,8,55,2023-06-22,30,Low chance of precipitation,1015,26,78,19:00,1,Moderate,10,Light Rain Showers,A gentle breeze from the east north east,ENE,ENE,East North Easterly,12,8,2023-06-14T04:03:51-04:00,2023-06-14T04:03:51.771-04:00,4140963,Washington DC
Light rain showers and a gentle breeze,10,29,85,12,7,62,2023-06-22,25,Low chance of precipitation,1015,25,77,20:00,1,Moderate,10,Light Rain Showers,A gentle breeze from the south south east,SSE,SSE,South South Easterly,12,8,2023-06-14T04:03:51-04:00,2023-06-14T04:03:51.771-04:00,4140963,Washington DC
A clear sky and light winds,0,29,84,16,10,60,2023-06-22,8,Low chance of precipitation,1015,25,76,21:00,1,Good,0,Clear Sky,Light winds from the south south east,SSE,SSE,South South Easterly,11,7,2023-06-14T04:03:51-04:00,2023-06-14T04:03:51.771-04:00,4140963,Washington DC
Light rain showers and light winds,9,28,83,14,9,68,2023-06-22,8,Low chance of precipitation,1016,24,75,22:00,1,Moderate,9,Light Rain Showers,Light winds from the south east,SE,SE,South Easterly,9,5,2023-06-14T04:03:51-04:00,2023-06-14T04:03:51.771-04:00,4140963,Washington DC
Light rain showers and light winds,9,28,82,14,9,69,2023-06-22,20,Low chance of precipitation,1016,23,74,23:00,1,Moderate,9,Light Rain Showers,Light winds from the south east,SE,SE,South Easterly,10,6,2023-06-14T04:03:51-04:00,2023-06-14T04:03:51.771-04:00,4140963,Washington DC
Light rain showers and light winds,9,27,80,15,9,72,2023-06-23,19,Low chance of precipitation,1016,22,72,00:00,1,Moderate,9,Light Rain Showers,Light winds from the north north east,NNE,NNE,North North Easterly,9,6,2023-06-14T04:03:51-04:00,2023-06-14T04:03:51.771-04:00,4140963,Washington DC
Light rain showers and light winds,9,25,78,16,10,74,2023-06-23,19,Low chance of precipitation,1016,22,71,01:00,1,Moderate,9,Light Rain Showers,Light winds from the north east,NE,NE,North Easterly,10,6,2023-06-14T04:03:51-04:00,2023-06-14T04:03:51.771-04:00,4140963,Washington DC
Light rain showers and light winds,9,25,77,14,8,75,2023-06-23,19,Low chance of precipitation,1016,21,70,02:00,1,Good,9,Light Rain Showers,Light winds from the north north east,NNE,NNE,North North Easterly,10,6,2023-06-14T04:03:51-04:00,2023-06-14T04:03:51.771-04:00,4140963,Washington DC
Partly cloudy and light winds,2,24,75,9,6,76,2023-06-23,20,Low chance of precipitation,1016,20,69,03:00,1,Good,2,Partly Cloudy,Light winds from the north east,NE,NE,North Easterly,8,5,2023-06-14T04:03:51-04:00,2023-06-14T04:03:51.771-04:00,4140963,Washington DC
A clear sky and light winds,0,23,73,7,5,78,2023-06-23,17,Low chance of precipitation,1017,20,68,04:00,1,Moderate,0,Clear Sky,Light winds from the north east,NE,NE,North Easterly,8,5,2023-06-14T04:03:51-04:00,2023-06-14T04:03:51.771-04:00,4140963,Washington DC
A clear sky and light winds,0,22,72,11,7,80,2023-06-23,6,Low chance of precipitation,1017,19,67,05:00,1,Moderate,0,Clear Sky,Light winds from the east north east,ENE,ENE,East North Easterly,7,5,2023-06-14T04:03:51-04:00,2023-06-14T04:03:51.771-04:00,4140963,Washington DC
Light rain showers and light winds,10,22,71,14,9,80,2023-06-23,8,Low chance of precipitation,1017,19,66,06:00,1,Good,10,Light Rain Showers,Light winds from the north east,NE,NE,North Easterly,8,5,2023-06-14T04:03:51-04:00,2023-06-14T04:03:51.771-04:00,4140963,Washington DC
Sunny intervals and light winds,3,23,72,17,11,76,2023-06-23,20,Low chance of precipitation,1017,20,67,07:00,1,Good,3,Sunny Intervals,Light winds from the north east,NE,NE,North Easterly,8,5,2023-06-14T04:03:51-04:00,2023-06-14T04:03:51.771-04:00,4140963,Washington DC
Light rain showers and light winds,10,24,75,19,12,72,2023-06-23,33,Chance of precipitation,1017,21,69,08:00,1,Good,10,Light Rain Showers,Light winds from the north east,NE,NE,North Easterly,8,5,2023-06-14T04:03:51-04:00,2023-06-14T04:03:51.771-04:00,4140963,Washington DC
Sunny intervals and light winds,3,26,78,21,13,68,2023-06-23,12,Low chance of precipitation,1017,22,72,09:00,1,Good,3,Sunny Intervals,Light winds from the east south east,ESE,ESE,East South Easterly,10,6,2023-06-14T04:03:51-04:00,2023-06-14T04:03:51.771-04:00,4140963,Washington DC
Sunny intervals and light winds,3,28,82,22,14,62,2023-06-23,12,Low chance of precipitation,1017,24,75,10:00,1,Good,3,Sunny Intervals,Light winds from the east,E,E,Easterly,9,5,2023-06-14T04:03:51-04:00,2023-06-14T04:03:51.771-04:00,4140963,Washington DC
Sunny intervals and light winds,3,29,84,22,14,57,2023-06-23,12,Low chance of precipitation,1017,25,77,11:00,1,Moderate,3,Sunny Intervals,Light winds from the east south east,ESE,ESE,East South Easterly,9,6,2023-06-14T04:03:51-04:00,2023-06-14T04:03:51.771-04:00,4140963,Washington DC
Light rain showers and light winds,10,31,87,22,14,52,2023-06-23,12,Low chance of precipitation,1017,26,79,12:00,1,Moderate,10,Light Rain Showers,Light winds from the south east,SE,SE,South Easterly,9,6,2023-06-14T04:03:51-04:00,2023-06-14T04:03:51.771-04:00,4140963,Washington DC
Light rain showers and light winds,10,31,88,22,14,48,2023-06-23,12,Low chance of precipitation,1016,27,81,13:00,1,Moderate,10,Light Rain Showers,Light winds from the south east,SE,SE,South Easterly,10,6,2023-06-14T04:03:51-04:00,2023-06-14T04:03:51.771-04:00,4140963,Washington DC
Light rain showers and light winds,10,32,90,23,14,46,2023-06-23,12,Low chance of precipitation,1016,28,82,14:00,1,Good,10,Light Rain Showers,Light winds from the south south east,SSE,SSE,South South Easterly,11,7,2023-06-14T04:03:51-04:00,2023-06-14T04:03:51.771-04:00,4140963,Washington DC
Light rain showers and a gentle breeze,10,32,90,24,15,47,2023-06-23,17,Low chance of precipitation,1016,28,83,15:00,1,Moderate,10,Light Rain Showers,A gentle breeze from the south east,SE,SE,South Easterly,12,8,2023-06-14T04:03:51-04:00,2023-06-14T04:03:51.771-04:00,4140963,Washington DC
Light rain showers and light winds,10,32,90,24,15,45,2023-06-23,16,Low chance of precipitation,1016,28,83,16:00,1,Moderate,10,Light Rain Showers,Light winds from the south east,SE,SE,South Easterly,12,7,2023-06-14T04:03:51-04:00,2023-06-14T04:03:51.771-04:00,4140963,Washington DC
Light rain showers and light winds,10,33,91,19,12,47,2023-06-23,16,Low chance of precipitation,1016,28,83,17:00,1,Moderate,10,Light Rain Showers,Light winds from the south east,SE,SE,South Easterly,12,7,2023-06-14T04:03:51-04:00,2023-06-14T04:03:51.771-04:00,4140963,Washington DC
Light rain showers and a gentle breeze,10,32,90,14,8,48,2023-06-23,32,Chance of precipitation,1016,28,82,18:00,1,Moderate,10,Light Rain Showers,A gentle breeze from the south east,SE,SE,South Easterly,13,8,2023-06-14T04:03:51-04:00,2023-06-14T04:03:51.771-04:00,4140963,Washington DC
Light rain showers and a gentle breeze,10,31,88,12,7,49,2023-06-23,41,Chance of precipitation,1016,27,81,19:00,1,Moderate,10,Light Rain Showers,A gentle breeze from the south south east,SSE,SSE,South South Easterly,12,8,2023-06-14T04:03:51-04:00,2023-06-14T04:03:51.771-04:00,4140963,Washington DC
Light rain showers and light winds,10,30,86,11,7,55,2023-06-23,49,Chance of precipitation,1016,26,78,20:00,1,Moderate,10,Light Rain Showers,Light winds from the south south east,SSE,SSE,South South Easterly,12,7,2023-06-14T04:03:51-04:00,2023-06-14T04:03:51.771-04:00,4140963,Washington DC
Light rain showers and light winds,9,30,85,9,5,59,2023-06-23,53,Chance of precipitation,1016,25,77,21:00,1,Good,9,Light Rain Showers,Light winds from the south south east,SSE,SSE,South South Easterly,11,7,2023-06-14T04:03:51-04:00,2023-06-14T04:03:51.771-04:00,4140963,Washington DC
Light rain showers and light winds,9,29,84,10,6,64,2023-06-23,35,Chance of precipitation,1016,24,76,22:00,1,Good,9,Light Rain Showers,Light winds from the south south east,SSE,SSE,South South Easterly,9,5,2023-06-14T04:03:51-04:00,2023-06-14T04:03:51.771-04:00,4140963,Washington DC
Light rain showers and light winds,9,28,83,9,5,66,2023-06-23,35,Chance of precipitation,1016,24,75,23:00,1,Moderate,9,Light Rain Showers,Light winds from the south east,SE,SE,South Easterly,10,6,2023-06-14T04:03:51-04:00,2023-06-14T04:03:51.771-04:00,4140963,Washington DC
Light rain showers and light winds,9,28,82,7,5,69,2023-06-24,42,Chance of precipitation,1016,23,74,00:00,1,Moderate,9,Light Rain Showers,Light winds from the east south east,ESE,ESE,East South Easterly,9,5,2023-06-14T04:03:51-04:00,2023-06-14T04:03:51.771-04:00,4140963,Washington DC
Light rain showers and light winds,9,26,79,8,5,72,2023-06-24,35,Chance of precipitation,1017,22,72,01:00,1,Good,9,Light Rain Showers,Light winds from the east south east,ESE,ESE,East South Easterly,7,5,2023-06-14T04:03:51-04:00,2023-06-14T04:03:51.771-04:00,4140963,Washington DC
Light rain showers and light winds,9,26,79,6,4,74,2023-06-24,19,Low chance of precipitation,1017,22,71,02:00,1,Good,9,Light Rain Showers,Light winds from the east north east,ENE,ENE,East North Easterly,8,5,2023-06-14T04:03:51-04:00,2023-06-14T04:03:51.771-04:00,4140963,Washington DC
Light rain showers and light winds,9,25,77,8,5,75,2023-06-24,19,Low chance of precipitation,1017,21,71,03:00,1,Moderate,9,Light Rain Showers,Light winds from the north east,NE,NE,North Easterly,6,4,2023-06-14T04:03:51-04:00,2023-06-14T04:03:51.771-04:00,4140963,Washington DC
Light rain showers and light winds,9,25,76,8,5,79,2023-06-24,20,Low chance of precipitation,1017,21,69,04:00,1,Good,9,Light Rain Showers,Light winds from the north east,NE,NE,North Easterly,8,5,2023-06-14T04:03:51-04:00,2023-06-14T04:03:51.771-04:00,4140963,Washington DC
Light rain showers and light winds,9,24,75,9,5,79,2023-06-24,15,Low chance of precipitation,1017,20,69,05:00,1,Good,9,Light Rain Showers,Light winds from the north east,NE,NE,North Easterly,8,5,2023-06-14T04:03:51-04:00,2023-06-14T04:03:51.771-04:00,4140963,Washington DC
Light rain showers and light winds,10,23,74,11,7,81,2023-06-24,15,Low chance of precipitation,1017,20,68,06:00,1,Good,10,Light Rain Showers,Light winds from the north north east,NNE,NNE,North North Easterly,8,5,2023-06-14T04:03:51-04:00,2023-06-14T04:03:51.771-04:00,4140963,Washington DC
Light rain showers and light winds,10,24,75,14,9,78,2023-06-24,15,Low chance of precipitation,1017,21,69,07:00,1,Moderate,10,Light Rain Showers,Light winds from the north east,NE,NE,North Easterly,7,5,2023-06-14T04:03:51-04:00,2023-06-14T04:03:51.771-04:00,4140963,Washington DC
Light rain showers and light winds,10,25,78,15,9,73,2023-06-24,17,Low chance of precipitation,1017,22,71,08:00,1,Good,10,Light Rain Showers,Light winds from the north east,NE,NE,North Easterly,7,5,2023-06-14T04:03:51-04:00,2023-06-14T04:03:51.771-04:00,4140963,Washington DC
Light rain showers and light winds,10,27,81,17,10,70,2023-06-24,18,Low chance of precipitation,1017,23,73,09:00,1,Good,10,Light Rain Showers,Light winds from the east north east,ENE,ENE,East North Easterly,9,5,2023-06-14T04:03:51-04:00,2023-06-14T04:03:51.771-04:00,4140963,Washington DC
Light rain showers and light winds,10,29,85,18,11,62,2023-06-24,13,Low chance of precipitation,1017,25,77,10:00,1,Good,10,Light Rain Showers,Light winds from the east north east,ENE,ENE,East North Easterly,8,5,2023-06-14T04:03:51-04:00,2023-06-14T04:03:51.771-04:00,4140963,Washington DC
Light rain showers and light winds,10,31,87,22,14,59,2023-06-24,13,Low chance of precipitation,1016,26,79,11:00,1,Good,10,Light Rain Showers,Light winds from the east north east,ENE,ENE,East North Easterly,8,5,2023-06-14T04:03:51-04:00,2023-06-14T04:03:51.771-04:00,4140963,Washington DC
Light rain showers and light winds,10,32,90,26,16,53,2023-06-24,21,Low chance of precipitation,1016,27,81,12:00,1,Good,10,Light Rain Showers,Light winds from the north east,NE,NE,North Easterly,8,5,2023-06-14T04:03:51-04:00,2023-06-14T04:03:51.771-04:00,4140963,Washington DC
Thundery showers and light winds,29,33,91,29,18,49,2023-06-24,38,Chance of precipitation,1016,28,83,13:00,1,Good,29,Thundery Showers,Light winds from the east north east,ENE,ENE,East North Easterly,9,5,2023-06-14T04:03:51-04:00,2023-06-14T04:03:51.771-04:00,4140963,Washington DC
Thundery showers and light winds,29,33,92,28,17,48,2023-06-24,51,Chance of precipitation,1016,29,83,14:00,1,Moderate,29,Thundery Showers,Light winds from the south south east,SSE,SSE,South South Easterly,10,6,2023-06-14T04:03:51-04:00,2023-06-14T04:03:51.771-04:00,4140963,Washington DC
Thundery showers and a gentle breeze,29,34,93,26,16,48,2023-06-24,70,Chance of precipitation,1015,29,84,15:00,1,Moderate,29,Thundery Showers,A gentle breeze from the south south east,SSE,SSE,South South Easterly,12,8,2023-06-14T04:03:51-04:00,2023-06-14T04:03:51.771-04:00,4140963,Washington DC
Thundery showers and light winds,29,34,93,24,15,48,2023-06-24,70,Chance of precipitation,1015,29,84,16:00,1,Moderate,29,Thundery Showers,Light winds from the south east,SE,SE,South Easterly,9,6,2023-06-14T04:03:51-04:00,2023-06-14T04:03:51.771-04:00,4140963,Washington DC
Thundery showers and light winds,29,33,92,22,14,51,2023-06-24,70,Chance of precipitation,1015,28,83,17:00,1,Moderate,29,Thundery Showers,Light winds from the south east,SE,SE,South Easterly,11,7,2023-06-14T04:03:51-04:00,2023-06-14T04:03:51.771-04:00,4140963,Washington DC
Thundery showers and a gentle breeze,29,33,92,19,12,52,2023-06-24,70,Chance of precipitation,1015,28,82,18:00,1,Moderate,29,Thundery Showers,A gentle breeze from the south east,SE,SE,South Easterly,12,8,2023-06-14T04:03:51-04:00,2023-06-14T04:03:51.771-04:00,4140963,Washington DC
Thundery showers and light winds,29,32,90,17,10,53,2023-06-24,66,Chance of precipitation,1015,27,81,19:00,1,Moderate,29,Thundery Showers,Light winds from the south south east,SSE,SSE,South South Easterly,10,6,2023-06-14T04:03:51-04:00,2023-06-14T04:03:51.771-04:00,4140963,Washington DC
Thundery showers and light winds,29,31,88,17,11,58,2023-06-24,59,Chance of precipitation,1015,26,79,20:00,1,Moderate,29,Thundery Showers,Light winds from the south south east,SSE,SSE,South South Easterly,9,6,2023-06-14T04:03:51-04:00,2023-06-14T04:03:51.771-04:00,4140963,Washington DC
Light rain and light winds,39,31,87,18,11,62,2023-06-24,63,Chance of precipitation,1015,26,78,21:00,1,Moderate,12,Light Rain,Light winds from the south south east,SSE,SSE,South South Easterly,9,5,2023-06-14T04:03:51-04:00,2023-06-14T04:03:51.771-04:00,4140963,Washington DC
Light rain and light winds,39,30,86,19,12,66,2023-06-24,68,Chance of precipitation,1015,25,77,22:00,1,Moderate,12,Light Rain,Light winds from the south south east,SSE,SSE,South South Easterly,7,5,2023-06-14T04:03:51-04:00,2023-06-14T04:03:51.771-04:00,4140963,Washington DC
Light rain and light winds,39,29,85,20,12,67,2023-06-24,68,Chance of precipitation,1015,24,76,23:00,1,Moderate,12,Light Rain,Light winds from the south south east,SSE,SSE,South South Easterly,8,5,2023-06-14T04:03:51-04:00,2023-06-14T04:03:51.771-04:00,4140963,Washington DC
Heavy rain and light winds,40,28,83,20,12,70,2023-06-25,67,Chance of precipitation,1015,24,75,00:00,1,Moderate,15,Heavy Rain,Light winds from the south,S,S,Southerly,8,5,2023-06-14T04:03:51-04:00,2023-06-14T04:03:51.771-04:00,4140963,Washington DC
Heavy rain and light winds,40,28,82,20,13,73,2023-06-25,67,Chance of precipitation,1014,23,73,01:00,1,Moderate,15,Heavy Rain,Light winds from the east south east,ESE,ESE,East South Easterly,10,6,2023-06-14T04:03:51-04:00,2023-06-14T04:03:51.771-04:00,4140963,Washington DC
Heavy rain and light winds,40,27,80,20,12,73,2023-06-25,62,Chance of precipitation,1014,22,72,02:00,1,Moderate,15,Heavy Rain,Light winds from the east north east,ENE,ENE,East North Easterly,10,6,2023-06-14T04:03:51-04:00,2023-06-14T04:03:51.771-04:00,4140963,Washington DC
Heavy rain and light winds,40,26,79,19,12,74,2023-06-25,67,Chance of precipitation,1014,22,72,03:00,1,Moderate,15,Heavy Rain,Light winds from the north east,NE,NE,North Easterly,9,6,2023-06-14T04:03:51-04:00,2023-06-14T04:03:51.771-04:00,4140963,Washington DC
Heavy rain and light winds,40,25,78,18,11,78,2023-06-25,67,Chance of precipitation,1014,21,71,04:00,1,Moderate,15,Heavy Rain,Light winds from the north east,NE,NE,North Easterly,9,6,2023-06-14T04:03:51-04:00,2023-06-14T04:03:51.771-04:00,4140963,Washington DC
Heavy rain and light winds,40,25,78,15,9,79,2023-06-25,67,Chance of precipitation,1013,21,70,05:00,1,Moderate,15,Heavy Rain,Light winds from the north east,NE,NE,North Easterly,9,5,2023-06-14T04:03:51-04:00,2023-06-14T04:03:51.771-04:00,4140963,Washington DC
Heavy rain and light winds,15,24,76,12,7,80,2023-06-25,67,Chance of precipitation,1013,21,69,06:00,1,Moderate,15,Heavy Rain,Light winds from the north north east,NNE,NNE,North North Easterly,9,5,2023-06-14T04:03:51-04:00,2023-06-14T04:03:51.771-04:00,4140963,Washington DC
Heavy rain and light winds,15,25,77,9,5,78,2023-06-25,67,Chance of precipitation,1013,21,70,07:00,1,Moderate,15,Heavy Rain,Light winds from the north north east,NNE,NNE,North North Easterly,8,5,2023-06-14T04:03:51-04:00,2023-06-14T04:03:51.771-04:00,4140963,Washington DC
Heavy rain and light winds,15,26,79,10,6,73,2023-06-25,67,Chance of precipitation,1013,22,72,08:00,1,Moderate,15,Heavy Rain,Light winds from the north north east,NNE,NNE,North North Easterly,7,4,2023-06-14T04:03:51-04:00,2023-06-14T04:03:51.771-04:00,4140963,Washington DC
Light rain showers and light winds,10,28,83,11,7,69,2023-06-25,40,Chance of precipitation,1013,24,75,09:00,1,Moderate,10,Light Rain Showers,Light winds from the north east,NE,NE,North Easterly,10,6,2023-06-14T04:03:51-04:00,2023-06-14T04:03:51.771-04:00,4140963,Washington DC
Light rain showers and light winds,10,30,85,12,7,62,2023-06-25,38,Chance of precipitation,1013,25,77,10:00,1,Moderate,10,Light Rain Showers,Light winds from the north,N,N,Northerly,9,6,2023-06-14T04:03:51-04:00,2023-06-14T04:03:51.771-04:00,4140963,Washington DC
Light rain showers and light winds,10,31,88,12,8,57,2023-06-25,24,Low chance of precipitation,1013,26,79,11:00,1,Good,10,Light Rain Showers,Light winds from the north north east,NNE,NNE,North North Easterly,9,6,2023-06-14T04:03:51-04:00,2023-06-14T04:03:51.771-04:00,4140963,Washington DC
Light rain showers and light winds,10,33,91,13,8,52,2023-06-25,22,Low chance of precipitation,1012,28,82,12:00,1,Good,10,Light Rain Showers,Light winds from the north north west,NNW,NNW,North North Westerly,9,5,2023-06-14T04:03:51-04:00,2023-06-14T04:03:51.771-04:00,4140963,Washington DC
Thundery showers and light winds,29,33,92,13,8,49,2023-06-25,18,Low chance of precipitation,1012,29,83,13:00,1,Good,29,Thundery Showers,Light winds from the north north west,NNW,NNW,North North Westerly,10,6,2023-06-14T04:03:51-04:00,2023-06-14T04:03:51.771-04:00,4140963,Washington DC
Light rain showers and light winds,10,34,93,13,8,46,2023-06-25,18,Low chance of precipitation,1012,29,85,14:00,1,Moderate,10,Light Rain Showers,Light winds from the north west,NW,NW,North Westerly,11,7,2023-06-14T04:03:51-04:00,2023-06-14T04:03:51.771-04:00,4140963,Washington DC
Light rain showers and light winds,10,35,95,12,8,45,2023-06-25,20,Low chance of precipitation,1011,30,86,15:00,1,Moderate,10,Light Rain Showers,Light winds from the north,N,N,Northerly,11,7,2023-06-14T04:03:51-04:00,2023-06-14T04:03:51.771-04:00,4140963,Washington DC
Light rain showers and light winds,10,35,95,12,7,43,2023-06-25,22,Low chance of precipitation,1011,30,86,16:00,1,Moderate,10,Light Rain Showers,Light winds from the north north west,NNW,NNW,North North Westerly,9,6,2023-06-14T04:03:51-04:00,2023-06-14T04:03:51.771-04:00,4140963,Washington DC
Light rain showers and light winds,10,35,96,16,10,45,2023-06-25,20,Low chance of precipitation,1011,30,86,17:00,1,Moderate,10,Light Rain Showers,Light winds from the south east,SE,SE,South Easterly,8,5,2023-06-14T04:03:51-04:00,2023-06-14T04:03:51.771-04:00,4140963,Washington DC
Thundery showers and light winds,29,35,95,21,13,47,2023-06-25,33,Chance of precipitation,1011,30,85,18:00,1,Moderate,29,Thundery Showers,Light winds from the east south east,ESE,ESE,East South Easterly,10,6,2023-06-14T04:03:51-04:00,2023-06-14T04:03:51.771-04:00,4140963,Washington DC
Thundery showers and light winds,29,33,92,26,16,49,2023-06-25,41,Chance of precipitation,1011,29,83,19:00,1,Moderate,29,Thundery Showers,Light winds from the east south east,ESE,ESE,East South Easterly,9,6,2023-06-14T04:03:51-04:00,2023-06-14T04:03:51.771-04:00,4140963,Washington DC
Thundery showers and light winds,29,32,89,20,13,56,2023-06-25,50,Chance of precipitation,1011,27,81,20:00,1,Good,29,Thundery Showers,Light winds from the south,S,S,Southerly,7,5,2023-06-14T04:03:51-04:00,2023-06-14T04:03:51.771-04:00,4140963,Washington DC
Thundery showers and light winds,28,32,89,15,9,60,2023-06-25,51,Chance of precipitation,1011,26,79,21:00,1,Good,28,Thundery Showers,Light winds from the south,S,S,Southerly,7,5,2023-06-14T04:03:51-04:00,2023-06-14T04:03:51.771-04:00,4140963,Washington DC
Thundery showers and light winds,28,31,87,9,6,65,2023-06-25,50,Chance of precipitation,1011,25,78,22:00,1,Good,28,Thundery Showers,Light winds from the south,S,S,Southerly,7,4,2023-06-14T04:03:51-04:00,2023-06-14T04:03:51.771-04:00,4140963,Washington DC
Light rain showers and light winds,9,30,86,9,5,65,2023-06-25,25,Low chance of precipitation,1012,25,77,23:00,1,Moderate,9,Light Rain Showers,Light winds from the south,S,S,Southerly,8,5,2023-06-14T04:03:51-04:00,2023-06-14T04:03:51.771-04:00,4140963,Washington DC
Drizzle and light winds,38,29,85,9,5,68,2023-06-26,31,Chance of precipitation,1012,24,76,00:00,1,Moderate,11,Drizzle,Light winds from the south,S,S,Southerly,8,5,2023-06-14T04:03:51-04:00,2023-06-14T04:03:51.771-04:00,4140963,Washington DC
Drizzle and light winds,38,28,83,9,6,71,2023-06-26,31,Chance of precipitation,1012,23,74,01:00,1,Moderate,11,Drizzle,Light winds from the east south east,ESE,ESE,East South Easterly,9,5,2023-06-14T04:03:51-04:00,2023-06-14T04:03:51.771-04:00,4140963,Washington DC
A clear sky and light winds,0,28,82,8,5,76,2023-06-26,31,Chance of precipitation,1013,23,73,02:00,1,Good,0,Clear Sky,Light winds from the north north east,NNE,NNE,North North Easterly,9,6,2023-06-14T04:03:51-04:00,2023-06-14T04:03:51.771-04:00,4140963,Washington DC
A clear sky and light winds,0,27,80,8,5,73,2023-06-26,18,Low chance of precipitation,1012,22,72,03:00,1,Moderate,0,Clear Sky,Light winds from the north north east,NNE,NNE,North North Easterly,8,5,2023-06-14T04:03:51-04:00,2023-06-14T04:03:51.771-04:00,4140963,Washington DC
A clear sky and light winds,0,26,79,9,5,77,2023-06-26,18,Low chance of precipitation,1013,22,71,04:00,1,Moderate,0,Clear Sky,Light winds from the north north east,NNE,NNE,North North Easterly,8,5,2023-06-14T04:03:51-04:00,2023-06-14T04:03:51.771-04:00,4140963,Washington DC
A clear sky and light winds,0,26,78,12,8,78,2023-06-26,18,Low chance of precipitation,1013,21,71,05:00,1,Moderate,0,Clear Sky,Light winds from the north,N,N,Northerly,9,5,2023-06-14T04:03:51-04:00,2023-06-14T04:03:51.771-04:00,4140963,Washington DC
Sunny and light winds,1,25,77,18,11,78,2023-06-26,18,Low chance of precipitation,1013,21,70,06:00,1,Moderate,1,Sunny,Light winds from the north,N,N,Northerly,9,6,2023-06-14T04:03:51-04:00,2023-06-14T04:03:51.771-04:00,4140963,Washington DC
Sunny and light winds,1,25,78,23,14,76,2023-06-26,18,Low chance of precipitation,1013,21,71,07:00,1,Good,1,Sunny,Light winds from the north north east,NNE,NNE,North North Easterly,9,6,2023-06-14T04:03:51-04:00,2023-06-14T04:03:51.771-04:00,4140963,Washington DC
Sunny and light winds,1,27,80,22,14,71,2023-06-26,18,Low chance of precipitation,1014,23,73,08:00,1,Good,1,Sunny,Light winds from the north north east,NNE,NNE,North North Easterly,10,6,2023-06-14T04:03:51-04:00,2023-06-14T04:03:51.771-04:00,4140963,Washington DC
Sunny and light winds,1,29,83,22,14,67,2023-06-26,14,Low chance of precipitation,1014,24,75,09:00,1,Good,1,Sunny,Light winds from the north north east,NNE,NNE,North North Easterly,11,7,2023-06-14T04:03:51-04:00,2023-06-14T04:03:51.771-04:00,4140963,Washington DC
Sunny intervals and light winds,3,30,87,22,13,59,2023-06-26,14,Low chance of precipitation,1014,26,78,10:00,1,Good,3,Sunny Intervals,Light winds from the north north east,NNE,NNE,North North Easterly,9,6,2023-06-14T04:03:51-04:00,2023-06-14T04:03:51.771-04:00,4140963,Washington DC
Sunny intervals and light winds,3,32,89,21,13,55,2023-06-26,14,Low chance of precipitation,1014,27,80,11:00,1,Good,3,Sunny Intervals,Light winds from the north,N,N,Northerly,10,6,2023-06-14T04:03:51-04:00,2023-06-14T04:03:51.771-04:00,4140963,Washington DC
Sunny intervals and light winds,3,33,91,21,13,49,2023-06-26,14,Low chance of precipitation,1013,28,83,12:00,1,Good,3,Sunny Intervals,Light winds from the north,N,N,Northerly,9,6,2023-06-14T04:03:51-04:00,2023-06-14T04:03:51.771-04:00,4140963,Washington DC
Light cloud and light winds,7,34,93,20,13,45,2023-06-26,14,Low chance of precipitation,1013,29,85,13:00,1,Good,7,Light Cloud,Light winds from the north north east,NNE,NNE,North North Easterly,9,6,2023-06-14T04:03:51-04:00,2023-06-14T04:03:51.771-04:00,4140963,Washington DC
Light cloud and light winds,7,34,93,21,13,43,2023-06-26,14,Low chance of precipitation,1013,30,86,14:00,1,Good,7,Light Cloud,Light winds from the east north east,ENE,ENE,East North Easterly,10,6,2023-06-14T04:03:51-04:00,2023-06-14T04:03:51.771-04:00,4140963,Washington DC
Light rain showers and light winds,10,35,94,21,13,42,2023-06-26,14,Low chance of precipitation,1013,30,86,15:00,1,Good,10,Light Rain Showers,Light winds from the north east,NE,NE,North Easterly,11,7,2023-06-14T04:03:51-04:00,2023-06-14T04:03:51.771-04:00,4140963,Washington DC
Light rain showers and light winds,10,35,95,22,13,40,2023-06-26,14,Low chance of precipitation,1013,31,87,16:00,1,Good,10,Light Rain Showers,Light winds from the north north west,NNW,NNW,North North Westerly,11,7,2023-06-14T04:03:51-04:00,2023-06-14T04:03:51.771-04:00,4140963,Washington DC
Light rain showers and light winds,10,35,96,16,10,41,2023-06-26,15,Low chance of precipitation,1013,31,87,17:00,1,Good,10,Light Rain Showers,Light winds from the east,E,E,Easterly,11,7,2023-06-14T04:03:51-04:00,2023-06-14T04:03:51.771-04:00,4140963,Washington DC
Light rain showers and a gentle breeze,10,35,95,10,6,43,2023-06-26,15,Low chance of precipitation,1013,30,86,18:00,1,Good,10,Light Rain Showers,A gentle breeze from the south east,SE,SE,South Easterly,12,8,2023-06-14T04:03:51-04:00,2023-06-14T04:03:51.771-04:00,4140963,Washington DC
Light rain showers and light winds,10,34,93,12,8,45,2023-06-26,14,Low chance of precipitation,1013,29,85,19:00,1,Good,10,Light Rain Showers,Light winds from the south south east,SSE,SSE,South South Easterly,9,6,2023-06-14T04:03:51-04:00,2023-06-14T04:03:51.771-04:00,4140963,Washington DC
Sunny intervals and a gentle breeze,3,32,90,7,5,58,2023-06-26,21,Low chance of precipitation,1012,27,80,20:00,1,Good,3,Sunny Intervals,A gentle breeze from the south south east,SSE,SSE,South South Easterly,12,8,2023-06-14T04:03:51-04:00,2023-06-14T04:03:51.771-04:00,4140963,Washington DC
A clear sky and light winds,0,31,89,8,5,56,2023-06-26,5,Low chance of precipitation,1013,27,80,21:00,1,Good,0,Clear Sky,Light winds from the south south east,SSE,SSE,South South Easterly,7,5,2023-06-14T04:03:51-04:00,2023-06-14T04:03:51.771-04:00,4140963,Washington DC
A clear sky and light winds,0,31,87,11,7,61,2023-06-26,10,Low chance of precipitation,1014,26,78,22:00,1,Good,0,Clear Sky,Light winds from the south south east,SSE,SSE,South South Easterly,7,4,2023-06-14T04:03:51-04:00,2023-06-14T04:03:51.771-04:00,4140963,Washington DC
A clear sky and light winds,0,30,86,10,6,63,2023-06-26,10,Low chance of precipitation,1014,25,77,23:00,1,Good,0,Clear Sky,Light winds from the south east,SE,SE,South Easterly,9,5,2023-06-14T04:03:51-04:00,2023-06-14T04:03:51.771-04:00,4140963,Washington DC
A clear sky and light winds,0,29,84,9,6,67,2023-06-27,3,Low chance of precipitation,1014,24,76,00:00,1,Good,0,Clear Sky,Light winds from the east south east,ESE,ESE,East South Easterly,9,5,2023-06-14T04:03:51-04:00,2023-06-14T04:03:51.771-04:00,4140963,Washington DC
A clear sky and light winds,0,28,83,9,5,70,2023-06-27,3,Low chance of precipitation,1015,23,74,01:00,1,Good,0,Clear Sky,Light winds from the east north east,ENE,ENE,East North Easterly,9,6,2023-06-14T04:03:51-04:00,2023-06-14T04:03:51.771-04:00,4140963,Washington DC
A clear sky and light winds,0,27,81,8,5,71,2023-06-27,3,Low chance of precipitation,1015,23,73,02:00,1,Good,0,Clear Sky,Light winds from the north east,NE,NE,North Easterly,9,5,2023-06-14T04:03:51-04:00,2023-06-14T04:03:51.771-04:00,4140963,Washington DC
A clear sky and light winds,0,27,80,9,5,72,2023-06-27,3,Low chance of precipitation,1015,22,72,03:00,1,Good,0,Clear Sky,Light winds from the north east,NE,NE,North Easterly,8,5,2023-06-14T04:03:51-04:00,2023-06-14T04:03:51.771-04:00,4140963,Washington DC
A clear sky and light winds,0,26,78,9,5,76,2023-06-27,3,Low chance of precipitation,1015,22,71,04:00,1,Good,0,Clear Sky,Light winds from the north north east,NNE,NNE,North North Easterly,9,5,2023-06-14T04:03:51-04:00,2023-06-14T04:03:51.771-04:00,4140963,Washington DC
A clear sky and light winds,0,25,77,11,7,76,2023-06-27,3,Low chance of precipitation,1015,21,70,05:00,1,Good,0,Clear Sky,Light winds from the north north east,NNE,NNE,North North Easterly,9,5,2023-06-14T04:03:51-04:00,2023-06-14T04:03:51.771-04:00,4140963,Washington DC
