enhancedWeatherDescription,extendedWeatherType,feelsLikeTemperatureC,feelsLikeTemperatureF,gustSpeedKph,gustSpeedMph,humidity,localDate,precipitationProbabilityInPercent,precipitationProbabilityText,pressure,temperatureC,temperatureF,timeslot,timeslotLength,visibility,weatherType,weatherTypeText,windDescription,windDirection,windDirectionAbbreviation,windDirectionFull,windSpeedKph,windSpeedMph,issueDate,lastUpdated,location_id,location_name
Light rain showers and a gentle breeze,9,16,61,34,21,86,2024-11-20,50,Chance of precipitation,1003,15,59,20:00,1,Moderate,9,Light Rain Showers,A gentle breeze from the south east,SE,SE,South Easterly,12,8,2024-11-20T16:42:00-05:00,2024-11-20T19:29:30.63-05:00,4140963,Washington DC
Heavy rain showers and a moderate breeze,13,15,58,53,33,85,2024-11-20,86,High chance of precipitation,1005,14,58,21:00,1,Poor,13,Heavy Rain Showers,A moderate breeze from the west north west,WNW,WNW,West North Westerly,21,13,2024-11-20T16:42:00-05:00,2024-11-20T19:29:30.63-05:00,4140963,Washington DC
Heavy rain and a moderate breeze,40,12,54,54,33,77,2024-11-20,100,Precipitation is expected,1005,13,55,22:00,1,Moderate,15,Heavy Rain,A moderate breeze from the north west,NW,NW,North Westerly,25,16,2024-11-20T16:42:00-05:00,2024-11-20T19:29:30.63-05:00,4140963,Washington DC
Light rain showers and a moderate breeze,9,10,50,51,32,74,2024-11-20,88,High chance of precipitation,1006,12,53,23:00,1,Moderate,9,Light Rain Showers,A moderate breeze from the north west,NW,NW,North Westerly,27,17,2024-11-20T16:42:00-05:00,2024-11-20T19:29:30.63-05:00,4140963,Washington DC
Light rain showers and a moderate breeze,9,8,46,51,31,74,2024-11-21,87,High chance of precipitation,1007,10,50,00:00,1,Moderate,9,Light Rain Showers,A moderate breeze from the north west,NW,NW,North Westerly,26,16,2024-11-20T16:42:00-05:00,2024-11-20T19:29:30.63-05:00,4140963,Washington DC
Light rain and a moderate breeze,39,6,43,44,27,75,2024-11-21,90,High chance of precipitation,1006,9,47,01:00,1,Moderate,12,Light Rain,A moderate breeze from the north west,NW,NW,North Westerly,25,15,2024-11-20T16:42:00-05:00,2024-11-20T19:29:30.63-05:00,4140963,Washington DC
Light rain and a moderate breeze,39,6,43,39,25,70,2024-11-21,73,High chance of precipitation,1006,9,47,02:00,1,Good,12,Light Rain,A moderate breeze from the north west,NW,NW,North Westerly,22,14,2024-11-20T16:42:00-05:00,2024-11-20T19:29:30.63-05:00,4140963,Washington DC
A clear sky and a gentle breeze,0,5,41,32,20,68,2024-11-21,6,Low chance of precipitation,1006,8,46,03:00,1,Good,0,Clear Sky,A gentle breeze from the north west,NW,NW,North Westerly,20,12,2024-11-20T16:42:00-05:00,2024-11-20T19:29:30.63-05:00,4140963,Washington DC
A clear sky and a gentle breeze,0,5,40,26,16,67,2024-11-21,4,Low chance of precipitation,1005,7,45,04:00,1,Good,0,Clear Sky,A gentle breeze from the north west,NW,NW,North Westerly,16,10,2024-11-20T16:42:00-05:00,2024-11-20T19:29:30.63-05:00,4140963,Washington DC
A clear sky and a gentle breeze,0,4,39,25,15,67,2024-11-21,0,Precipitation is not expected,1005,7,44,05:00,1,Good,0,Clear Sky,A gentle breeze from the north west,NW,NW,North Westerly,16,10,2024-11-20T16:42:00-05:00,2024-11-20T19:29:30.63-05:00,4140963,Washington DC
A clear sky and a gentle breeze,0,4,39,22,13,66,2024-11-21,0,Precipitation is not expected,1005,7,44,06:00,1,Good,0,Clear Sky,A gentle breeze from the north west,NW,NW,North Westerly,14,9,2024-11-20T16:42:00-05:00,2024-11-20T19:29:30.63-05:00,4140963,Washington DC
Sunny and a gentle breeze,1,4,39,24,15,66,2024-11-21,0,Precipitation is not expected,1005,6,43,07:00,1,Good,1,Sunny,A gentle breeze from the north west,NW,NW,North Westerly,13,8,2024-11-20T16:42:00-05:00,2024-11-20T19:29:30.63-05:00,4140963,Washington DC
Sunny and a gentle breeze,1,4,40,28,17,66,2024-11-21,0,Precipitation is not expected,1005,7,44,08:00,1,Good,1,Sunny,A gentle breeze from the west north west,WNW,WNW,West North Westerly,15,9,2024-11-20T16:42:00-05:00,2024-11-20T19:29:30.63-05:00,4140963,Washington DC
Sunny and a gentle breeze,1,5,42,30,18,63,2024-11-21,0,Precipitation is not expected,1005,8,46,09:00,1,Good,1,Sunny,A gentle breeze from the west north west,WNW,WNW,West North Westerly,17,10,2024-11-20T16:42:00-05:00,2024-11-20T19:29:30.63-05:00,4140963,Washington DC
Sunny and a gentle breeze,1,7,44,32,20,57,2024-11-21,0,Precipitation is not expected,1004,9,49,10:00,1,Good,1,Sunny,A gentle breeze from the west north west,WNW,WNW,West North Westerly,18,11,2024-11-20T16:42:00-05:00,2024-11-20T19:29:30.63-05:00,4140963,Washington DC
Sunny and a gentle breeze,1,8,46,35,22,52,2024-11-21,0,Precipitation is not expected,1003,10,50,11:00,1,Good,1,Sunny,A gentle breeze from the west,W,W,Westerly,20,12,2024-11-20T16:42:00-05:00,2024-11-20T19:29:30.63-05:00,4140963,Washington DC
Sunny intervals and a gentle breeze,3,8,47,35,22,49,2024-11-21,5,Low chance of precipitation,1002,11,51,12:00,1,Good,3,Sunny Intervals,A gentle breeze from the west,W,W,Westerly,20,12,2024-11-20T16:42:00-05:00,2024-11-20T19:29:30.63-05:00,4140963,Washington DC
Light cloud and a moderate breeze,7,8,47,35,22,48,2024-11-21,15,Low chance of precipitation,1002,11,51,13:00,1,Good,7,Light Cloud,A moderate breeze from the west,W,W,Westerly,22,14,2024-11-20T16:42:00-05:00,2024-11-20T19:29:30.63-05:00,4140963,Washington DC
Light cloud and a moderate breeze,7,8,46,35,22,49,2024-11-21,25,Low chance of precipitation,1001,10,50,14:00,1,Good,7,Light Cloud,A moderate breeze from the west,W,W,Westerly,20,13,2024-11-20T16:42:00-05:00,2024-11-20T19:29:30.63-05:00,4140963,Washington DC
Light cloud and a gentle breeze,7,7,45,35,22,49,2024-11-21,21,Low chance of precipitation,1001,10,49,15:00,1,Good,7,Light Cloud,A gentle breeze from the west north west,WNW,WNW,West North Westerly,19,12,2024-11-20T16:42:00-05:00,2024-11-20T19:29:30.63-05:00,4140963,Washington DC
Light cloud and a gentle breeze,7,6,43,32,20,49,2024-11-21,13,Low chance of precipitation,1001,9,48,16:00,1,Good,7,Light Cloud,A gentle breeze from the west north west,WNW,WNW,West North Westerly,18,11,2024-11-20T16:42:00-05:00,2024-11-20T19:29:30.63-05:00,4140963,Washington DC
Partly cloudy and a gentle breeze,2,6,42,29,18,51,2024-11-21,14,Low chance of precipitation,1001,8,47,17:00,1,Good,2,Partly Cloudy,A gentle breeze from the west,W,W,Westerly,17,11,2024-11-20T16:42:00-05:00,2024-11-20T19:29:30.63-05:00,4140963,Washington DC
Partly cloudy and a gentle breeze,2,5,41,26,16,55,2024-11-21,11,Low chance of precipitation,1001,8,46,18:00,1,Good,2,Partly Cloudy,A gentle breeze from the west,W,W,Westerly,17,10,2024-11-20T16:42:00-05:00,2024-11-20T19:29:30.63-05:00,4140963,Washington DC
Partly cloudy and a gentle breeze,2,5,40,30,19,57,2024-11-21,0,Precipitation is not expected,1002,7,45,19:00,1,Good,2,Partly Cloudy,A gentle breeze from the west,W,W,Westerly,15,9,2024-11-20T16:42:00-05:00,2024-11-20T19:29:30.63-05:00,4140963,Washington DC
Partly cloudy and a gentle breeze,2,4,39,34,21,61,2024-11-21,0,Precipitation is not expected,1002,6,43,20:00,1,Good,2,Partly Cloudy,A gentle breeze from the west,W,W,Westerly,15,9,2024-11-20T16:42:00-05:00,2024-11-20T19:29:30.63-05:00,4140963,Washington DC
Partly cloudy and a gentle breeze,2,3,38,34,21,61,2024-11-21,0,Precipitation is not expected,1002,6,43,21:00,1,Good,2,Partly Cloudy,A gentle breeze from the west,W,W,Westerly,16,10,2024-11-20T16:42:00-05:00,2024-11-20T19:29:30.63-05:00,4140963,Washington DC
Partly cloudy and a gentle breeze,2,2,36,33,20,60,2024-11-21,0,Precipitation is not expected,1002,6,42,22:00,1,Good,2,Partly Cloudy,A gentle breeze from the west,W,W,Westerly,18,11,2024-11-20T16:42:00-05:00,2024-11-20T19:29:30.63-05:00,4140963,Washington DC
Partly cloudy and a gentle breeze,2,2,35,32,20,60,2024-11-21,0,Precipitation is not expected,1001,5,41,23:00,1,Good,2,Partly Cloudy,A gentle breeze from the west,W,W,Westerly,17,11,2024-11-20T16:42:00-05:00,2024-11-20T19:29:30.63-05:00,4140963,Washington DC
A clear sky and a gentle breeze,0,1,34,32,20,59,2024-11-22,0,Precipitation is not expected,1001,5,40,00:00,1,Good,0,Clear Sky,A gentle breeze from the west,W,W,Westerly,18,11,2024-11-20T16:42:00-05:00,2024-11-20T19:29:30.63-05:00,4140963,Washington DC
A clear sky and a gentle breeze,0,1,33,32,20,59,2024-11-22,0,Precipitation is not expected,1001,4,40,01:00,1,Good,0,Clear Sky,A gentle breeze from the west,W,W,Westerly,18,11,2024-11-20T16:42:00-05:00,2024-11-20T19:29:30.63-05:00,4140963,Washington DC
A clear sky and a gentle breeze,0,0,33,33,20,59,2024-11-22,0,Precipitation is not expected,1001,4,39,02:00,1,Good,0,Clear Sky,A gentle breeze from the west,W,W,Westerly,17,11,2024-11-20T16:42:00-05:00,2024-11-20T19:29:30.63-05:00,4140963,Washington DC
A clear sky and a gentle breeze,0,-1,31,35,22,60,2024-11-22,0,Precipitation is not expected,1001,3,38,03:00,1,Good,0,Clear Sky,A gentle breeze from the west,W,W,Westerly,17,11,2024-11-20T16:42:00-05:00,2024-11-20T19:29:30.63-05:00,4140963,Washington DC
A clear sky and a gentle breeze,0,-1,31,36,22,60,2024-11-22,0,Precipitation is not expected,1000,3,38,04:00,1,Good,0,Clear Sky,A gentle breeze from the west,W,W,Westerly,16,10,2024-11-20T16:42:00-05:00,2024-11-20T19:29:30.63-05:00,4140963,Washington DC
Partly cloudy and a gentle breeze,2,-1,31,37,23,60,2024-11-22,0,Precipitation is not expected,1000,3,38,05:00,1,Good,2,Partly Cloudy,A gentle breeze from the west south west,WSW,WSW,West South Westerly,18,11,2024-11-20T16:42:00-05:00,2024-11-20T19:29:30.63-05:00,4140963,Washington DC
Partly cloudy and a gentle breeze,2,-1,31,39,24,59,2024-11-22,0,Precipitation is not expected,1000,3,38,06:00,1,Good,2,Partly Cloudy,A gentle breeze from the west south west,WSW,WSW,West South Westerly,17,11,2024-11-20T16:42:00-05:00,2024-11-20T19:29:30.63-05:00,4140963,Washington DC
Light cloud and a gentle breeze,7,-1,31,41,25,59,2024-11-22,0,Precipitation is not expected,999,3,38,07:00,1,Good,7,Light Cloud,A gentle breeze from the west south west,WSW,WSW,West South Westerly,19,12,2024-11-20T16:42:00-05:00,2024-11-20T19:29:30.63-05:00,4140963,Washington DC
Sleet and a moderate breeze,18,-1,31,43,27,61,2024-11-22,33,Chance of precipitation,999,4,39,08:00,1,Good,18,Sleet,A moderate breeze from the west south west,WSW,WSW,West South Westerly,21,13,2024-11-20T16:42:00-05:00,2024-11-20T19:29:30.63-05:00,4140963,Washington DC
Sleet and a moderate breeze,18,0,32,45,28,59,2024-11-22,42,Chance of precipitation,999,4,40,09:00,1,Good,18,Sleet,A moderate breeze from the west south west,WSW,WSW,West South Westerly,23,14,2024-11-20T16:42:00-05:00,2024-11-20T19:29:30.63-05:00,4140963,Washington DC
Sleet and a moderate breeze,18,1,34,45,28,60,2024-11-22,57,Chance of precipitation,998,5,41,10:00,1,Moderate,18,Sleet,A moderate breeze from the west south west,WSW,WSW,West South Westerly,24,15,2024-11-20T16:42:00-05:00,2024-11-20T19:29:30.63-05:00,4140963,Washington DC
Light rain and a moderate breeze,12,2,35,45,28,61,2024-11-22,70,Chance of precipitation,998,6,42,11:00,1,Moderate,12,Light Rain,A moderate breeze from the west south west,WSW,WSW,West South Westerly,25,15,2024-11-20T16:42:00-05:00,2024-11-20T19:29:30.63-05:00,4140963,Washington DC
Light rain and a moderate breeze,12,2,36,46,28,63,2024-11-22,70,Chance of precipitation,997,6,43,12:00,1,Moderate,12,Light Rain,A moderate breeze from the west south west,WSW,WSW,West South Westerly,24,15,2024-11-20T16:42:00-05:00,2024-11-20T19:29:30.63-05:00,4140963,Washington DC
Light rain and a moderate breeze,12,3,37,46,28,66,2024-11-22,70,Chance of precipitation,996,6,43,13:00,1,Moderate,12,Light Rain,A moderate breeze from the west south west,WSW,WSW,West South Westerly,24,15,2024-11-20T16:42:00-05:00,2024-11-20T19:29:30.63-05:00,4140963,Washington DC
Light rain and a moderate breeze,12,3,38,46,29,65,2024-11-22,70,Chance of precipitation,996,7,44,14:00,1,Moderate,12,Light Rain,A moderate breeze from the west south west,WSW,WSW,West South Westerly,23,15,2024-11-20T16:42:00-05:00,2024-11-20T19:29:30.63-05:00,4140963,Washington DC
Light rain and a moderate breeze,12,4,39,47,29,65,2024-11-22,70,Chance of precipitation,996,7,45,15:00,1,Moderate,12,Light Rain,A moderate breeze from the west,W,W,Westerly,24,15,2024-11-20T16:42:00-05:00,2024-11-20T19:29:30.63-05:00,4140963,Washington DC
Light rain and a moderate breeze,12,3,38,47,29,66,2024-11-22,70,Chance of precipitation,996,7,44,16:00,1,Moderate,12,Light Rain,A moderate breeze from the west,W,W,Westerly,24,15,2024-11-20T16:42:00-05:00,2024-11-20T19:29:30.63-05:00,4140963,Washington DC
Light rain and a moderate breeze,39,4,39,47,30,64,2024-11-22,70,Chance of precipitation,996,7,45,17:00,1,Moderate,12,Light Rain,A moderate breeze from the west,W,W,Westerly,24,15,2024-11-20T16:42:00-05:00,2024-11-20T19:29:30.63-05:00,4140963,Washington DC
Light rain and a moderate breeze,39,4,39,48,30,67,2024-11-22,70,Chance of precipitation,997,7,45,18:00,1,Moderate,12,Light Rain,A moderate breeze from the west,W,W,Westerly,24,15,2024-11-20T16:42:00-05:00,2024-11-20T19:29:30.63-05:00,4140963,Washington DC
Light rain and a moderate breeze,39,4,39,45,28,68,2024-11-22,70,Chance of precipitation,997,7,45,19:00,1,Moderate,12,Light Rain,A moderate breeze from the west,W,W,Westerly,23,14,2024-11-20T16:42:00-05:00,2024-11-20T19:29:30.63-05:00,4140963,Washington DC
Light rain and a moderate breeze,39,4,39,43,27,71,2024-11-22,70,Chance of precipitation,999,7,44,20:00,1,Good,12,Light Rain,A moderate breeze from the west north west,WNW,WNW,West North Westerly,21,13,2024-11-20T16:42:00-05:00,2024-11-20T19:29:30.63-05:00,4140963,Washington DC
Light rain and a moderate breeze,39,4,40,41,26,70,2024-11-22,65,Chance of precipitation,1000,7,45,21:00,1,Good,12,Light Rain,A moderate breeze from the west north west,WNW,WNW,West North Westerly,20,13,2024-11-20T16:42:00-05:00,2024-11-20T19:29:30.63-05:00,4140963,Washington DC
Light rain and a moderate breeze,39,4,40,40,25,69,2024-11-22,61,Chance of precipitation,1001,7,45,22:00,1,Good,12,Light Rain,A moderate breeze from the west north west,WNW,WNW,West North Westerly,20,13,2024-11-20T16:42:00-05:00,2024-11-20T19:29:30.63-05:00,4140963,Washington DC
Partly cloudy and a gentle breeze,2,4,40,39,24,70,2024-11-22,20,Low chance of precipitation,1001,7,45,23:00,1,Good,2,Partly Cloudy,A gentle breeze from the west north west,WNW,WNW,West North Westerly,20,12,2024-11-20T16:42:00-05:00,2024-11-20T19:29:30.63-05:00,4140963,Washington DC
Partly cloudy and a gentle breeze,2,4,40,38,24,69,2024-11-23,18,Low chance of precipitation,1002,7,45,00:00,1,Good,2,Partly Cloudy,A gentle breeze from the north west,NW,NW,North Westerly,19,12,2024-11-20T16:42:00-05:00,2024-11-20T19:29:30.63-05:00,4140963,Washington DC
A clear sky and a gentle breeze,0,4,39,35,22,70,2024-11-23,18,Low chance of precipitation,1003,7,45,01:00,1,Good,0,Clear Sky,A gentle breeze from the north west,NW,NW,North Westerly,19,12,2024-11-20T16:42:00-05:00,2024-11-20T19:29:30.63-05:00,4140963,Washington DC
A clear sky and a gentle breeze,0,4,40,33,20,69,2024-11-23,10,Low chance of precipitation,1004,7,45,02:00,1,Good,0,Clear Sky,A gentle breeze from the north west,NW,NW,North Westerly,18,11,2024-11-20T16:42:00-05:00,2024-11-20T19:29:30.63-05:00,4140963,Washington DC
A clear sky and a gentle breeze,0,3,38,30,19,71,2024-11-23,0,Precipitation is not expected,1004,6,43,03:00,1,Good,0,Clear Sky,A gentle breeze from the north west,NW,NW,North Westerly,17,11,2024-11-20T16:42:00-05:00,2024-11-20T19:29:30.63-05:00,4140963,Washington DC
A clear sky and a gentle breeze,0,4,39,29,18,71,2024-11-23,0,Precipitation is not expected,1005,6,43,04:00,1,Good,0,Clear Sky,A gentle breeze from the north west,NW,NW,North Westerly,16,10,2024-11-20T16:42:00-05:00,2024-11-20T19:29:30.63-05:00,4140963,Washington DC
A clear sky and a gentle breeze,0,3,38,27,17,72,2024-11-23,0,Precipitation is not expected,1006,6,43,05:00,1,Good,0,Clear Sky,A gentle breeze from the north west,NW,NW,North Westerly,16,10,2024-11-20T16:42:00-05:00,2024-11-20T19:29:30.63-05:00,4140963,Washington DC
A clear sky and a gentle breeze,0,4,39,26,16,72,2024-11-23,0,Precipitation is not expected,1006,6,43,06:00,1,Good,0,Clear Sky,A gentle breeze from the north west,NW,NW,North Westerly,15,9,2024-11-20T16:42:00-05:00,2024-11-20T19:29:30.63-05:00,4140963,Washington DC
Sunny and a gentle breeze,1,4,39,30,19,72,2024-11-23,0,Precipitation is not expected,1007,7,44,07:00,1,Good,1,Sunny,A gentle breeze from the north west,NW,NW,North Westerly,15,9,2024-11-20T16:42:00-05:00,2024-11-20T19:29:30.63-05:00,4140963,Washington DC
Sunny intervals and a gentle breeze,3,5,41,34,21,73,2024-11-23,0,Precipitation is not expected,1008,7,45,08:00,1,Good,3,Sunny Intervals,A gentle breeze from the north west,NW,NW,North Westerly,17,11,2024-11-20T16:42:00-05:00,2024-11-20T19:29:30.63-05:00,4140963,Washington DC
Sunny intervals and a gentle breeze,3,6,43,38,23,69,2024-11-23,0,Precipitation is not expected,1008,8,47,09:00,1,Good,3,Sunny Intervals,A gentle breeze from the north west,NW,NW,North Westerly,19,12,2024-11-20T16:42:00-05:00,2024-11-20T19:29:30.63-05:00,4140963,Washington DC
Sunny intervals and a gentle breeze,3,7,45,40,25,65,2024-11-23,10,Low chance of precipitation,1009,10,49,10:00,1,Good,3,Sunny Intervals,A gentle breeze from the north west,NW,NW,North Westerly,20,12,2024-11-20T16:42:00-05:00,2024-11-20T19:29:30.63-05:00,4140963,Washington DC
Sunny intervals and a moderate breeze,3,9,48,43,27,59,2024-11-23,10,Low chance of precipitation,1009,11,51,11:00,1,Good,3,Sunny Intervals,A moderate breeze from the west north west,WNW,WNW,West North Westerly,22,13,2024-11-20T16:42:00-05:00,2024-11-20T19:29:30.63-05:00,4140963,Washington DC
Sunny intervals and a moderate breeze,3,10,49,45,28,57,2024-11-23,10,Low chance of precipitation,1009,12,53,12:00,1,Good,3,Sunny Intervals,A moderate breeze from the west north west,WNW,WNW,West North Westerly,22,14,2024-11-20T16:42:00-05:00,2024-11-20T19:29:30.63-05:00,4140963,Washington DC
Light cloud and a moderate breeze,7,11,51,46,29,54,2024-11-23,10,Low chance of precipitation,1008,13,55,13:00,1,Good,7,Light Cloud,A moderate breeze from the west north west,WNW,WNW,West North Westerly,24,15,2024-11-20T16:42:00-05:00,2024-11-20T19:29:30.63-05:00,4140963,Washington DC
Light cloud and a moderate breeze,7,11,52,47,29,51,2024-11-23,0,Precipitation is not expected,1009,13,55,14:00,1,Good,7,Light Cloud,A moderate breeze from the west north west,WNW,WNW,West North Westerly,24,15,2024-11-20T16:42:00-05:00,2024-11-20T19:29:30.63-05:00,4140963,Washington DC
Light cloud and a moderate breeze,7,11,51,47,29,51,2024-11-23,0,Precipitation is not expected,1009,13,55,15:00,1,Good,7,Light Cloud,A moderate breeze from the west north west,WNW,WNW,West North Westerly,24,15,2024-11-20T16:42:00-05:00,2024-11-20T19:29:30.63-05:00,4140963,Washington DC
Sunny intervals and a moderate breeze,3,10,51,46,28,50,2024-11-23,0,Precipitation is not expected,1010,12,54,16:00,1,Good,3,Sunny Intervals,A moderate breeze from the west north west,WNW,WNW,West North Westerly,24,15,2024-11-20T16:42:00-05:00,2024-11-20T19:29:30.63-05:00,4140963,Washington DC
Partly cloudy and a moderate breeze,2,10,50,44,28,50,2024-11-23,0,Precipitation is not expected,1011,12,54,17:00,1,Good,2,Partly Cloudy,A moderate breeze from the west north west,WNW,WNW,West North Westerly,23,14,2024-11-20T16:42:00-05:00,2024-11-20T19:29:30.63-05:00,4140963,Washington DC
Partly cloudy and a moderate breeze,2,9,49,43,27,53,2024-11-23,0,Precipitation is not expected,1011,11,53,18:00,1,Good,2,Partly Cloudy,A moderate breeze from the west north west,WNW,WNW,West North Westerly,22,14,2024-11-20T16:42:00-05:00,2024-11-20T19:29:30.63-05:00,4140963,Washington DC
Partly cloudy and a gentle breeze,2,9,49,43,27,54,2024-11-23,0,Precipitation is not expected,1012,11,52,19:00,1,Good,2,Partly Cloudy,A gentle breeze from the west north west,WNW,WNW,West North Westerly,20,12,2024-11-20T16:42:00-05:00,2024-11-20T19:29:30.63-05:00,4140963,Washington DC
Partly cloudy and a gentle breeze,2,8,47,43,27,58,2024-11-23,0,Precipitation is not expected,1012,10,50,20:00,1,Good,2,Partly Cloudy,A gentle breeze from the west north west,WNW,WNW,West North Westerly,18,11,2024-11-20T16:42:00-05:00,2024-11-20T19:29:30.63-05:00,4140963,Washington DC
Partly cloudy and a gentle breeze,2,8,47,43,27,57,2024-11-23,10,Low chance of precipitation,1013,10,51,21:00,1,Good,2,Partly Cloudy,A gentle breeze from the west north west,WNW,WNW,West North Westerly,18,11,2024-11-20T16:42:00-05:00,2024-11-20T19:29:30.63-05:00,4140963,Washington DC
A clear sky and a gentle breeze,0,8,46,39,24,57,2024-11-23,0,Precipitation is not expected,1013,10,50,22:00,1,Good,0,Clear Sky,A gentle breeze from the west north west,WNW,WNW,West North Westerly,18,11,2024-11-20T16:42:00-05:00,2024-11-20T19:29:30.63-05:00,4140963,Washington DC
A clear sky and a gentle breeze,0,7,45,35,22,58,2024-11-23,0,Precipitation is not expected,1013,10,49,23:00,1,Good,0,Clear Sky,A gentle breeze from the west north west,WNW,WNW,West North Westerly,17,11,2024-11-20T16:42:00-05:00,2024-11-20T19:29:30.63-05:00,4140963,Washington DC
A clear sky and a gentle breeze,0,7,45,31,19,59,2024-11-24,0,Precipitation is not expected,1013,9,49,00:00,1,Good,0,Clear Sky,A gentle breeze from the west north west,WNW,WNW,West North Westerly,17,10,2024-11-20T16:42:00-05:00,2024-11-20T19:29:30.63-05:00,4140963,Washington DC
A clear sky and a gentle breeze,0,7,44,29,18,61,2024-11-24,0,Precipitation is not expected,1013,9,48,01:00,1,Good,0,Clear Sky,A gentle breeze from the west north west,WNW,WNW,West North Westerly,16,10,2024-11-20T16:42:00-05:00,2024-11-20T19:29:30.63-05:00,4140963,Washington DC
A clear sky and a gentle breeze,0,7,44,27,17,61,2024-11-24,0,Precipitation is not expected,1014,9,48,02:00,1,Good,0,Clear Sky,A gentle breeze from the west north west,WNW,WNW,West North Westerly,15,9,2024-11-20T16:42:00-05:00,2024-11-20T19:29:30.63-05:00,4140963,Washington DC
A clear sky and a gentle breeze,0,6,43,25,16,63,2024-11-24,0,Precipitation is not expected,1014,8,47,03:00,1,Good,0,Clear Sky,A gentle breeze from the west north west,WNW,WNW,West North Westerly,15,9,2024-11-20T16:42:00-05:00,2024-11-20T19:29:30.63-05:00,4140963,Washington DC
Partly cloudy and a gentle breeze,2,6,43,25,16,64,2024-11-24,0,Precipitation is not expected,1014,8,46,04:00,1,Good,2,Partly Cloudy,A gentle breeze from the west north west,WNW,WNW,West North Westerly,13,8,2024-11-20T16:42:00-05:00,2024-11-20T19:29:30.63-05:00,4140963,Washington DC
Partly cloudy and a gentle breeze,2,6,42,26,16,64,2024-11-24,0,Precipitation is not expected,1015,8,46,05:00,1,Good,2,Partly Cloudy,A gentle breeze from the west north west,WNW,WNW,West North Westerly,14,9,2024-11-20T16:42:00-05:00,2024-11-20T19:29:30.63-05:00,4140963,Washington DC
Partly cloudy and a gentle breeze,2,6,42,27,17,65,2024-11-24,0,Precipitation is not expected,1015,8,46,06:00,1,Good,2,Partly Cloudy,A gentle breeze from the west north west,WNW,WNW,West North Westerly,13,8,2024-11-20T16:42:00-05:00,2024-11-20T19:29:30.63-05:00,4140963,Washington DC
Partly cloudy and a gentle breeze,2,6,42,28,18,64,2024-11-24,0,Precipitation is not expected,1016,8,46,07:00,1,Good,2,Partly Cloudy,A gentle breeze from the west north west,WNW,WNW,West North Westerly,14,9,2024-11-20T16:42:00-05:00,2024-11-20T19:29:30.63-05:00,4140963,Washington DC
Sunny intervals and a gentle breeze,3,6,43,31,19,63,2024-11-24,0,Precipitation is not expected,1017,9,47,08:00,1,Good,3,Sunny Intervals,A gentle breeze from the north west,NW,NW,North Westerly,16,10,2024-11-20T16:42:00-05:00,2024-11-20T19:29:30.63-05:00,4140963,Washington DC
Sunny intervals and a gentle breeze,3,7,45,33,21,59,2024-11-24,0,Precipitation is not expected,1017,9,49,09:00,1,Good,3,Sunny Intervals,A gentle breeze from the north west,NW,NW,North Westerly,17,11,2024-11-20T16:42:00-05:00,2024-11-20T19:29:30.63-05:00,4140963,Washington DC
Sunny intervals and a gentle breeze,3,8,47,32,20,54,2024-11-24,0,Precipitation is not expected,1018,10,51,10:00,1,Good,3,Sunny Intervals,A gentle breeze from the west north west,WNW,WNW,West North Westerly,18,11,2024-11-20T16:42:00-05:00,2024-11-20T19:29:30.63-05:00,4140963,Washington DC
Sunny intervals and a gentle breeze,3,9,49,31,19,50,2024-11-24,0,Precipitation is not expected,1017,11,53,11:00,1,Good,3,Sunny Intervals,A gentle breeze from the west north west,WNW,WNW,West North Westerly,18,11,2024-11-20T16:42:00-05:00,2024-11-20T19:29:30.63-05:00,4140963,Washington DC
Sunny intervals and a gentle breeze,3,11,51,30,19,48,2024-11-24,0,Precipitation is not expected,1017,12,54,12:00,1,Good,3,Sunny Intervals,A gentle breeze from the west north west,WNW,WNW,West North Westerly,17,11,2024-11-20T16:42:00-05:00,2024-11-20T19:29:30.63-05:00,4140963,Washington DC
Sunny intervals and a gentle breeze,3,11,53,28,17,46,2024-11-24,0,Precipitation is not expected,1016,13,55,13:00,1,Good,3,Sunny Intervals,A gentle breeze from the west,W,W,Westerly,17,11,2024-11-20T16:42:00-05:00,2024-11-20T19:29:30.63-05:00,4140963,Washington DC
Sunny intervals and a gentle breeze,3,12,54,26,16,44,2024-11-24,0,Precipitation is not expected,1016,14,57,14:00,1,Good,3,Sunny Intervals,A gentle breeze from the west,W,W,Westerly,14,9,2024-11-20T16:42:00-05:00,2024-11-20T19:29:30.63-05:00,4140963,Washington DC
Sunny intervals and a gentle breeze,3,12,54,24,15,45,2024-11-24,0,Precipitation is not expected,1016,14,57,15:00,1,Good,3,Sunny Intervals,A gentle breeze from the west,W,W,Westerly,13,8,2024-11-20T16:42:00-05:00,2024-11-20T19:29:30.63-05:00,4140963,Washington DC
Sunny intervals and a gentle breeze,3,12,53,18,11,45,2024-11-24,0,Precipitation is not expected,1016,13,56,16:00,1,Good,3,Sunny Intervals,A gentle breeze from the west north west,WNW,WNW,West North Westerly,12,8,2024-11-20T16:42:00-05:00,2024-11-20T19:29:30.63-05:00,4140963,Washington DC
Partly cloudy and light winds,2,11,52,13,8,48,2024-11-24,0,Precipitation is not expected,1017,12,54,17:00,1,Good,2,Partly Cloudy,Light winds from the west,W,W,Westerly,11,7,2024-11-20T16:42:00-05:00,2024-11-20T19:29:30.63-05:00,4140963,Washington DC
Partly cloudy and light winds,2,10,50,8,5,54,2024-11-24,0,Precipitation is not expected,1018,11,52,18:00,1,Good,2,Partly Cloudy,Light winds from the west,W,W,Westerly,9,6,2024-11-20T16:42:00-05:00,2024-11-20T19:29:30.63-05:00,4140963,Washington DC
A clear sky and light winds,0,9,49,7,5,57,2024-11-24,0,Precipitation is not expected,1018,10,51,19:00,1,Good,0,Clear Sky,Light winds from the south west,SW,SW,South Westerly,7,5,2024-11-20T16:42:00-05:00,2024-11-20T19:29:30.63-05:00,4140963,Washington DC
A clear sky and light winds,0,9,48,7,4,63,2024-11-24,0,Precipitation is not expected,1018,9,49,20:00,1,Good,0,Clear Sky,Light winds from the south west,SW,SW,South Westerly,6,4,2024-11-20T16:42:00-05:00,2024-11-20T19:29:30.63-05:00,4140963,Washington DC
A clear sky and light winds,0,9,48,7,4,64,2024-11-24,0,Precipitation is not expected,1019,9,49,21:00,1,Good,0,Clear Sky,Light winds from the west south west,WSW,WSW,West South Westerly,6,4,2024-11-20T16:42:00-05:00,2024-11-20T19:29:30.63-05:00,4140963,Washington DC
A clear sky and light winds,0,8,47,7,4,66,2024-11-24,0,Precipitation is not expected,1019,9,48,22:00,1,Good,0,Clear Sky,Light winds from the south south west,SSW,SSW,South South Westerly,6,4,2024-11-20T16:42:00-05:00,2024-11-20T19:29:30.63-05:00,4140963,Washington DC
A clear sky and light winds,0,8,46,7,4,68,2024-11-24,0,Precipitation is not expected,1019,8,47,23:00,1,Good,0,Clear Sky,Light winds from the south west,SW,SW,South Westerly,6,4,2024-11-20T16:42:00-05:00,2024-11-20T19:29:30.63-05:00,4140963,Washington DC
A clear sky and light winds,0,8,46,7,4,70,2024-11-25,0,Precipitation is not expected,1019,8,47,00:00,1,Good,0,Clear Sky,Light winds from the south west,SW,SW,South Westerly,7,4,2024-11-20T16:42:00-05:00,2024-11-20T19:29:30.63-05:00,4140963,Washington DC
A clear sky and light winds,0,7,45,6,4,73,2024-11-25,0,Precipitation is not expected,1019,8,46,01:00,1,Good,0,Clear Sky,Light winds from the south west,SW,SW,South Westerly,7,4,2024-11-20T16:42:00-05:00,2024-11-20T19:29:30.63-05:00,4140963,Washington DC
A clear sky and light winds,0,7,45,6,4,72,2024-11-25,0,Precipitation is not expected,1019,7,45,02:00,1,Good,0,Clear Sky,Light winds from the west,W,W,Westerly,5,3,2024-11-20T16:42:00-05:00,2024-11-20T19:29:30.63-05:00,4140963,Washington DC
A clear sky and light winds,0,7,44,6,4,74,2024-11-25,0,Precipitation is not expected,1019,7,44,03:00,1,Good,0,Clear Sky,Light winds from the west,W,W,Westerly,6,4,2024-11-20T16:42:00-05:00,2024-11-20T19:29:30.63-05:00,4140963,Washington DC
A clear sky and light winds,0,6,43,6,4,76,2024-11-25,0,Precipitation is not expected,1019,7,44,04:00,1,Good,0,Clear Sky,Light winds from the west,W,W,Westerly,4,3,2024-11-20T16:42:00-05:00,2024-11-20T19:29:30.63-05:00,4140963,Washington DC
A clear sky and light winds,0,6,43,6,4,76,2024-11-25,0,Precipitation is not expected,1019,6,43,05:00,1,Good,0,Clear Sky,Light winds from the west,W,W,Westerly,6,4,2024-11-20T16:42:00-05:00,2024-11-20T19:29:30.63-05:00,4140963,Washington DC
A clear sky and light winds,0,6,43,7,4,77,2024-11-25,0,Precipitation is not expected,1019,6,43,06:00,1,Good,0,Clear Sky,Light winds from the west north west,WNW,WNW,West North Westerly,5,3,2024-11-20T16:42:00-05:00,2024-11-20T19:29:30.63-05:00,4140963,Washington DC
Partly cloudy and light winds,2,7,44,8,5,76,2024-11-25,0,Precipitation is not expected,1020,7,44,07:00,1,Good,2,Partly Cloudy,Light winds from the north,N,N,Northerly,6,4,2024-11-20T16:42:00-05:00,2024-11-20T19:29:30.63-05:00,4140963,Washington DC
Sunny intervals and light winds,3,7,44,10,6,73,2024-11-25,0,Precipitation is not expected,1020,8,46,08:00,1,Good,3,Sunny Intervals,Light winds from the north,N,N,Northerly,8,5,2024-11-20T16:42:00-05:00,2024-11-20T19:29:30.63-05:00,4140963,Washington DC
Sunny intervals and light winds,3,8,47,12,8,68,2024-11-25,0,Precipitation is not expected,1020,9,49,09:00,1,Good,3,Sunny Intervals,Light winds from the north west,NW,NW,North Westerly,9,6,2024-11-20T16:42:00-05:00,2024-11-20T19:29:30.63-05:00,4140963,Washington DC
Sunny intervals and light winds,3,10,50,14,9,60,2024-11-25,0,Precipitation is not expected,1020,11,52,10:00,1,Good,3,Sunny Intervals,Light winds from the south south east,SSE,SSE,South South Easterly,9,6,2024-11-20T16:42:00-05:00,2024-11-20T19:29:30.63-05:00,4140963,Washington DC
Sunny intervals and light winds,3,12,54,15,9,53,2024-11-25,0,Precipitation is not expected,1019,13,56,11:00,1,Good,3,Sunny Intervals,Light winds from the south west,SW,SW,South Westerly,11,7,2024-11-20T16:42:00-05:00,2024-11-20T19:29:30.63-05:00,4140963,Washington DC
Sunny intervals and light winds,3,14,57,17,11,50,2024-11-25,0,Precipitation is not expected,1018,15,58,12:00,1,Good,3,Sunny Intervals,Light winds from the south west,SW,SW,South Westerly,11,7,2024-11-20T16:42:00-05:00,2024-11-20T19:29:30.63-05:00,4140963,Washington DC
Sunny intervals and light winds,3,15,60,16,10,48,2024-11-25,0,Precipitation is not expected,1017,16,61,13:00,1,Good,3,Sunny Intervals,Light winds from the south south west,SSW,SSW,South South Westerly,12,7,2024-11-20T16:42:00-05:00,2024-11-20T19:29:30.63-05:00,4140963,Washington DC
Sunny intervals and light winds,3,16,61,16,10,46,2024-11-25,10,Low chance of precipitation,1017,17,62,14:00,1,Good,3,Sunny Intervals,Light winds from the south west,SW,SW,South Westerly,11,7,2024-11-20T16:42:00-05:00,2024-11-20T19:29:30.63-05:00,4140963,Washington DC
Sunny intervals and light winds,3,16,61,15,9,47,2024-11-25,10,Low chance of precipitation,1016,17,62,15:00,1,Good,3,Sunny Intervals,Light winds from the west south west,WSW,WSW,West South Westerly,11,7,2024-11-20T16:42:00-05:00,2024-11-20T19:29:30.63-05:00,4140963,Washington DC
Sunny intervals and light winds,3,16,60,15,9,48,2024-11-25,10,Low chance of precipitation,1016,16,61,16:00,1,Good,3,Sunny Intervals,Light winds from the west south west,WSW,WSW,West South Westerly,10,6,2024-11-20T16:42:00-05:00,2024-11-20T19:29:30.63-05:00,4140963,Washington DC
Partly cloudy and light winds,2,15,59,15,9,50,2024-11-25,10,Low chance of precipitation,1016,15,60,17:00,1,Good,2,Partly Cloudy,Light winds from the south west,SW,SW,South Westerly,10,6,2024-11-20T16:42:00-05:00,2024-11-20T19:29:30.63-05:00,4140963,Washington DC
Partly cloudy and light winds,2,14,57,14,9,56,2024-11-25,10,Low chance of precipitation,1016,14,58,18:00,1,Good,2,Partly Cloudy,Light winds from the south west,SW,SW,South Westerly,10,6,2024-11-20T16:42:00-05:00,2024-11-20T19:29:30.63-05:00,4140963,Washington DC
A clear sky and light winds,0,13,56,16,10,59,2024-11-25,10,Low chance of precipitation,1016,14,57,19:00,1,Good,0,Clear Sky,Light winds from the south south west,SSW,SSW,South South Westerly,10,6,2024-11-20T16:42:00-05:00,2024-11-20T19:29:30.63-05:00,4140963,Washington DC
A clear sky and light winds,0,13,55,17,11,64,2024-11-25,16,Low chance of precipitation,1016,13,55,20:00,1,Good,0,Clear Sky,Light winds from the south south west,SSW,SSW,South South Westerly,9,6,2024-11-20T16:42:00-05:00,2024-11-20T19:29:30.63-05:00,4140963,Washington DC
Partly cloudy and light winds,2,13,55,19,12,64,2024-11-25,16,Low chance of precipitation,1016,13,56,21:00,1,Good,2,Partly Cloudy,Light winds from the south west,SW,SW,South Westerly,10,6,2024-11-20T16:42:00-05:00,2024-11-20T19:29:30.63-05:00,4140963,Washington DC
Partly cloudy and light winds,2,13,55,19,12,65,2024-11-25,16,Low chance of precipitation,1016,13,56,22:00,1,Good,2,Partly Cloudy,Light winds from the south west,SW,SW,South Westerly,11,7,2024-11-20T16:42:00-05:00,2024-11-20T19:29:30.63-05:00,4140963,Washington DC
Partly cloudy and light winds,2,12,54,19,12,66,2024-11-25,0,Precipitation is not expected,1015,13,55,23:00,1,Good,2,Partly Cloudy,Light winds from the south west,SW,SW,South Westerly,11,7,2024-11-20T16:42:00-05:00,2024-11-20T19:29:30.63-05:00,4140963,Washington DC
Partly cloudy and a gentle breeze,2,12,54,19,12,67,2024-11-26,0,Precipitation is not expected,1015,13,55,00:00,1,Good,2,Partly Cloudy,A gentle breeze from the south west,SW,SW,South Westerly,12,8,2024-11-20T16:42:00-05:00,2024-11-20T19:29:30.63-05:00,4140963,Washington DC
Partly cloudy and a gentle breeze,2,12,54,20,12,68,2024-11-26,0,Precipitation is not expected,1014,13,55,01:00,1,Good,2,Partly Cloudy,A gentle breeze from the west south west,WSW,WSW,West South Westerly,12,8,2024-11-20T16:42:00-05:00,2024-11-20T19:29:30.63-05:00,4140963,Washington DC
Partly cloudy and light winds,2,12,54,20,13,69,2024-11-26,8,Low chance of precipitation,1014,13,55,02:00,1,Good,2,Partly Cloudy,Light winds from the west,W,W,Westerly,12,7,2024-11-20T16:42:00-05:00,2024-11-20T19:29:30.63-05:00,4140963,Washington DC
Partly cloudy and a gentle breeze,2,11,52,21,13,71,2024-11-26,8,Low chance of precipitation,1014,12,54,03:00,1,Good,2,Partly Cloudy,A gentle breeze from the west,W,W,Westerly,12,8,2024-11-20T16:42:00-05:00,2024-11-20T19:29:30.63-05:00,4140963,Washington DC
Partly cloudy and light winds,2,11,52,23,14,73,2024-11-26,9,Low chance of precipitation,1014,12,53,04:00,1,Good,2,Partly Cloudy,Light winds from the west,W,W,Westerly,11,7,2024-11-20T16:42:00-05:00,2024-11-20T19:29:30.63-05:00,4140963,Washington DC
Partly cloudy and a gentle breeze,2,11,51,25,15,73,2024-11-26,6,Low chance of precipitation,1015,11,53,05:00,1,Good,2,Partly Cloudy,A gentle breeze from the west,W,W,Westerly,12,8,2024-11-20T16:42:00-05:00,2024-11-20T19:29:30.63-05:00,4140963,Washington DC
A clear sky and light winds,0,10,51,27,17,73,2024-11-26,6,Low chance of precipitation,1015,11,52,06:00,1,Good,0,Clear Sky,Light winds from the west north west,WNW,WNW,West North Westerly,12,7,2024-11-20T16:42:00-05:00,2024-11-20T19:29:30.63-05:00,4140963,Washington DC
A clear sky and a gentle breeze,0,10,50,30,19,72,2024-11-26,7,Low chance of precipitation,1016,11,52,07:00,1,Good,0,Clear Sky,A gentle breeze from the north west,NW,NW,North Westerly,13,8,2024-11-20T16:42:00-05:00,2024-11-20T19:29:30.63-05:00,4140963,Washington DC
Sunny intervals and a gentle breeze,3,10,50,33,21,68,2024-11-26,10,Low chance of precipitation,1016,11,53,08:00,1,Good,3,Sunny Intervals,A gentle breeze from the north west,NW,NW,North Westerly,16,10,2024-11-20T16:42:00-05:00,2024-11-20T19:29:30.63-05:00,4140963,Washington DC
Sunny intervals and a gentle breeze,3,10,50,36,23,63,2024-11-26,10,Low chance of precipitation,1017,12,53,09:00,1,Good,3,Sunny Intervals,A gentle breeze from the north west,NW,NW,North Westerly,18,11,2024-11-20T16:42:00-05:00,2024-11-20T19:29:30.63-05:00,4140963,Washington DC
Sunny intervals and a gentle breeze,3,11,52,38,23,58,2024-11-26,10,Low chance of precipitation,1017,12,54,10:00,1,Good,3,Sunny Intervals,A gentle breeze from the north west,NW,NW,North Westerly,19,12,2024-11-20T16:42:00-05:00,2024-11-20T19:29:30.63-05:00,4140963,Washington DC
Sunny intervals and a moderate breeze,3,11,51,39,24,52,2024-11-26,0,Precipitation is not expected,1017,13,55,11:00,1,Good,3,Sunny Intervals,A moderate breeze from the north west,NW,NW,North Westerly,21,13,2024-11-20T16:42:00-05:00,2024-11-20T19:29:30.63-05:00,4140963,Washington DC
Sunny intervals and a moderate breeze,3,11,52,40,25,47,2024-11-26,0,Precipitation is not expected,1017,13,55,12:00,1,Good,3,Sunny Intervals,A moderate breeze from the north west,NW,NW,North Westerly,21,13,2024-11-20T16:42:00-05:00,2024-11-20T19:29:30.63-05:00,4140963,Washington DC
Sunny intervals and a moderate breeze,3,11,52,40,25,43,2024-11-26,0,Precipitation is not expected,1016,13,55,13:00,1,Good,3,Sunny Intervals,A moderate breeze from the north west,NW,NW,North Westerly,23,14,2024-11-20T16:42:00-05:00,2024-11-20T19:29:30.63-05:00,4140963,Washington DC
Sunny intervals and a moderate breeze,3,11,52,39,24,41,2024-11-26,10,Low chance of precipitation,1016,13,56,14:00,1,Good,3,Sunny Intervals,A moderate breeze from the west north west,WNW,WNW,West North Westerly,22,14,2024-11-20T16:42:00-05:00,2024-11-20T19:29:30.63-05:00,4140963,Washington DC
Sunny intervals and a moderate breeze,3,11,52,39,24,40,2024-11-26,10,Low chance of precipitation,1016,13,56,15:00,1,Good,3,Sunny Intervals,A moderate breeze from the north west,NW,NW,North Westerly,21,13,2024-11-20T16:42:00-05:00,2024-11-20T19:29:30.63-05:00,4140963,Washington DC
Sunny and a moderate breeze,1,11,51,38,24,40,2024-11-26,10,Low chance of precipitation,1016,13,55,16:00,1,Good,1,Sunny,A moderate breeze from the north west,NW,NW,North Westerly,20,13,2024-11-20T16:42:00-05:00,2024-11-20T19:29:30.63-05:00,4140963,Washington DC
A clear sky and a gentle breeze,0,10,49,37,23,42,2024-11-26,10,Low chance of precipitation,1017,12,53,17:00,1,Good,0,Clear Sky,A gentle breeze from the west north west,WNW,WNW,West North Westerly,20,12,2024-11-20T16:42:00-05:00,2024-11-20T19:29:30.63-05:00,4140963,Washington DC
A clear sky and a gentle breeze,0,8,47,36,22,45,2024-11-26,10,Low chance of precipitation,1017,11,51,18:00,1,Good,0,Clear Sky,A gentle breeze from the west north west,WNW,WNW,West North Westerly,19,12,2024-11-20T16:42:00-05:00,2024-11-20T19:29:30.63-05:00,4140963,Washington DC
A clear sky and a gentle breeze,0,7,45,35,22,47,2024-11-26,10,Low chance of precipitation,1018,10,50,19:00,1,Good,0,Clear Sky,A gentle breeze from the west north west,WNW,WNW,West North Westerly,17,11,2024-11-20T16:42:00-05:00,2024-11-20T19:29:30.63-05:00,4140963,Washington DC
Partly cloudy and a gentle breeze,2,6,43,35,22,51,2024-11-26,10,Low chance of precipitation,1018,9,48,20:00,1,Good,2,Partly Cloudy,A gentle breeze from the north west,NW,NW,North Westerly,16,10,2024-11-20T16:42:00-05:00,2024-11-20T19:29:30.63-05:00,4140963,Washington DC
Partly cloudy and a gentle breeze,2,6,43,34,21,52,2024-11-26,10,Low chance of precipitation,1018,9,48,21:00,1,Good,2,Partly Cloudy,A gentle breeze from the north west,NW,NW,North Westerly,15,10,2024-11-20T16:42:00-05:00,2024-11-20T19:29:30.63-05:00,4140963,Washington DC
A clear sky and a gentle breeze,0,6,43,36,22,53,2024-11-26,10,Low chance of precipitation,1018,8,47,22:00,1,Good,0,Clear Sky,A gentle breeze from the north west,NW,NW,North Westerly,16,10,2024-11-20T16:42:00-05:00,2024-11-20T19:29:30.63-05:00,4140963,Washington DC
A clear sky and a gentle breeze,0,5,41,37,23,54,2024-11-26,0,Precipitation is not expected,1018,8,46,23:00,1,Good,0,Clear Sky,A gentle breeze from the north west,NW,NW,North Westerly,16,10,2024-11-20T16:42:00-05:00,2024-11-20T19:29:30.63-05:00,4140963,Washington DC
A clear sky and a gentle breeze,0,5,41,38,23,54,2024-11-27,0,Precipitation is not expected,1018,8,46,00:00,1,Good,0,Clear Sky,A gentle breeze from the north west,NW,NW,North Westerly,16,10,2024-11-20T16:42:00-05:00,2024-11-20T19:29:30.63-05:00,4140963,Washington DC
A clear sky and a gentle breeze,0,5,40,37,23,56,2024-11-27,0,Precipitation is not expected,1018,7,45,01:00,1,Good,0,Clear Sky,A gentle breeze from the north west,NW,NW,North Westerly,16,10,2024-11-20T16:42:00-05:00,2024-11-20T19:29:30.63-05:00,4140963,Washington DC
A clear sky and a gentle breeze,0,4,39,37,23,55,2024-11-27,0,Precipitation is not expected,1018,7,44,02:00,1,Good,0,Clear Sky,A gentle breeze from the north west,NW,NW,North Westerly,15,9,2024-11-20T16:42:00-05:00,2024-11-20T19:29:30.63-05:00,4140963,Washington DC
A clear sky and a gentle breeze,0,3,38,34,21,56,2024-11-27,0,Precipitation is not expected,1018,6,43,03:00,1,Good,0,Clear Sky,A gentle breeze from the north west,NW,NW,North Westerly,15,9,2024-11-20T16:42:00-05:00,2024-11-20T19:29:30.63-05:00,4140963,Washington DC
A clear sky and a gentle breeze,0,3,37,35,22,57,2024-11-27,0,Precipitation is not expected,1018,6,42,04:00,1,Good,0,Clear Sky,A gentle breeze from the north west,NW,NW,North Westerly,13,8,2024-11-20T16:42:00-05:00,2024-11-20T19:29:30.63-05:00,4140963,Washington DC
A clear sky and a gentle breeze,0,2,36,33,21,58,2024-11-27,0,Precipitation is not expected,1019,5,42,05:00,1,Good,0,Clear Sky,A gentle breeze from the north north west,NNW,NNW,North North Westerly,15,9,2024-11-20T16:42:00-05:00,2024-11-20T19:29:30.63-05:00,4140963,Washington DC
A clear sky and a gentle breeze,0,2,36,31,19,58,2024-11-27,0,Precipitation is not expected,1019,5,41,06:00,1,Good,0,Clear Sky,A gentle breeze from the north west,NW,NW,North Westerly,14,9,2024-11-20T16:42:00-05:00,2024-11-20T19:29:30.63-05:00,4140963,Washington DC
A clear sky and a gentle breeze,0,2,35,34,21,58,2024-11-27,0,Precipitation is not expected,1019,5,41,07:00,1,Good,0,Clear Sky,A gentle breeze from the north west,NW,NW,North Westerly,15,9,2024-11-20T16:42:00-05:00,2024-11-20T19:29:30.63-05:00,4140963,Washington DC
Sunny and a gentle breeze,1,2,36,33,21,57,2024-11-27,0,Precipitation is not expected,1019,6,42,08:00,1,Good,1,Sunny,A gentle breeze from the north west,NW,NW,North Westerly,17,11,2024-11-20T16:42:00-05:00,2024-11-20T19:29:30.63-05:00,4140963,Washington DC
Sunny intervals and a gentle breeze,3,3,37,33,20,52,2024-11-27,0,Precipitation is not expected,1020,6,43,09:00,1,Good,3,Sunny Intervals,A gentle breeze from the north west,NW,NW,North Westerly,18,11,2024-11-20T16:42:00-05:00,2024-11-20T19:29:30.63-05:00,4140963,Washington DC
Sunny intervals and a gentle breeze,3,4,39,33,21,48,2024-11-27,0,Precipitation is not expected,1020,7,45,10:00,1,Good,3,Sunny Intervals,A gentle breeze from the north west,NW,NW,North Westerly,19,12,2024-11-20T16:42:00-05:00,2024-11-20T19:29:30.63-05:00,4140963,Washington DC
Sunny intervals and a gentle breeze,3,5,41,34,21,43,2024-11-27,0,Precipitation is not expected,1019,8,46,11:00,1,Good,3,Sunny Intervals,A gentle breeze from the north west,NW,NW,North Westerly,20,12,2024-11-20T16:42:00-05:00,2024-11-20T19:29:30.63-05:00,4140963,Washington DC
Sunny intervals and a gentle breeze,3,6,43,34,21,41,2024-11-27,0,Precipitation is not expected,1019,9,48,12:00,1,Good,3,Sunny Intervals,A gentle breeze from the north west,NW,NW,North Westerly,19,12,2024-11-20T16:42:00-05:00,2024-11-20T19:29:30.63-05:00,4140963,Washington DC
Sunny intervals and a gentle breeze,3,7,44,33,20,39,2024-11-27,0,Precipitation is not expected,1018,9,49,13:00,1,Good,3,Sunny Intervals,A gentle breeze from the north west,NW,NW,North Westerly,20,12,2024-11-20T16:42:00-05:00,2024-11-20T19:29:30.63-05:00,4140963,Washington DC
Sunny intervals and a gentle breeze,3,8,46,31,19,37,2024-11-27,0,Precipitation is not expected,1018,10,50,14:00,1,Good,3,Sunny Intervals,A gentle breeze from the north west,NW,NW,North Westerly,18,11,2024-11-20T16:42:00-05:00,2024-11-20T19:29:30.63-05:00,4140963,Washington DC
Sunny intervals and a gentle breeze,3,8,46,30,18,37,2024-11-27,0,Precipitation is not expected,1017,10,50,15:00,1,Good,3,Sunny Intervals,A gentle breeze from the north west,NW,NW,North Westerly,17,11,2024-11-20T16:42:00-05:00,2024-11-20T19:29:30.63-05:00,4140963,Washington DC
Sunny intervals and a gentle breeze,3,7,45,27,17,37,2024-11-27,0,Precipitation is not expected,1017,10,50,16:00,1,Good,3,Sunny Intervals,A gentle breeze from the north west,NW,NW,North Westerly,16,10,2024-11-20T16:42:00-05:00,2024-11-20T19:29:30.63-05:00,4140963,Washington DC
Partly cloudy and a gentle breeze,2,7,44,24,15,39,2024-11-27,0,Precipitation is not expected,1018,9,48,17:00,1,Good,2,Partly Cloudy,A gentle breeze from the north west,NW,NW,North Westerly,14,9,2024-11-20T16:42:00-05:00,2024-11-20T19:29:30.63-05:00,4140963,Washington DC
A clear sky and a gentle breeze,0,5,41,22,14,44,2024-11-27,0,Precipitation is not expected,1018,8,46,18:00,1,Good,0,Clear Sky,A gentle breeze from the north west,NW,NW,North Westerly,13,8,2024-11-20T16:42:00-05:00,2024-11-20T19:29:30.63-05:00,4140963,Washington DC
A clear sky and light winds,0,5,40,21,13,47,2024-11-27,0,Precipitation is not expected,1018,7,45,19:00,1,Good,0,Clear Sky,Light winds from the west north west,WNW,WNW,West North Westerly,12,7,2024-11-20T16:42:00-05:00,2024-11-20T19:29:30.63-05:00,4140963,Washington DC
A clear sky and light winds,0,4,39,20,12,51,2024-11-27,0,Precipitation is not expected,1019,6,43,20:00,1,Good,0,Clear Sky,Light winds from the north west,NW,NW,North Westerly,11,7,2024-11-20T16:42:00-05:00,2024-11-20T19:29:30.63-05:00,4140963,Washington DC
A clear sky and light winds,0,4,39,19,12,52,2024-11-27,0,Precipitation is not expected,1019,6,43,21:00,1,Good,0,Clear Sky,Light winds from the north west,NW,NW,North Westerly,10,6,2024-11-20T16:42:00-05:00,2024-11-20T19:29:30.63-05:00,4140963,Washington DC
A clear sky and light winds,0,3,38,18,11,53,2024-11-27,0,Precipitation is not expected,1019,6,42,22:00,1,Good,0,Clear Sky,Light winds from the north west,NW,NW,North Westerly,11,7,2024-11-20T16:42:00-05:00,2024-11-20T19:29:30.63-05:00,4140963,Washington DC
A clear sky and light winds,0,3,37,17,11,55,2024-11-27,0,Precipitation is not expected,1019,5,41,23:00,1,Good,0,Clear Sky,Light winds from the north north west,NNW,NNW,North North Westerly,11,7,2024-11-20T16:42:00-05:00,2024-11-20T19:29:30.63-05:00,4140963,Washington DC
A clear sky and light winds,0,3,37,17,11,57,2024-11-28,0,Precipitation is not expected,1019,5,41,00:00,1,Good,0,Clear Sky,Light winds from the north west,NW,NW,North Westerly,11,7,2024-11-20T16:42:00-05:00,2024-11-20T19:29:30.63-05:00,4140963,Washington DC
Partly cloudy and light winds,2,2,36,17,11,58,2024-11-28,0,Precipitation is not expected,1018,5,41,01:00,1,Good,2,Partly Cloudy,Light winds from the north west,NW,NW,North Westerly,10,6,2024-11-20T16:42:00-05:00,2024-11-20T19:29:30.63-05:00,4140963,Washington DC
Partly cloudy and light winds,2,2,36,17,11,59,2024-11-28,0,Precipitation is not expected,1018,4,40,02:00,1,Good,2,Partly Cloudy,Light winds from the north west,NW,NW,North Westerly,9,6,2024-11-20T16:42:00-05:00,2024-11-20T19:29:30.63-05:00,4140963,Washington DC
Partly cloudy and light winds,2,1,34,17,11,62,2024-11-28,0,Precipitation is not expected,1018,4,39,03:00,1,Good,2,Partly Cloudy,Light winds from the north north west,NNW,NNW,North North Westerly,10,6,2024-11-20T16:42:00-05:00,2024-11-20T19:29:30.63-05:00,4140963,Washington DC
Partly cloudy and light winds,2,1,34,16,10,64,2024-11-28,0,Precipitation is not expected,1019,3,38,04:00,1,Good,2,Partly Cloudy,Light winds from the north north west,NNW,NNW,North North Westerly,8,5,2024-11-20T16:42:00-05:00,2024-11-20T19:29:30.63-05:00,4140963,Washington DC
Partly cloudy and light winds,2,1,33,15,10,65,2024-11-28,0,Precipitation is not expected,1019,3,38,05:00,1,Good,2,Partly Cloudy,Light winds from the north north west,NNW,NNW,North North Westerly,9,6,2024-11-20T16:42:00-05:00,2024-11-20T19:29:30.63-05:00,4140963,Washington DC
Partly cloudy and light winds,2,1,33,14,9,66,2024-11-28,0,Precipitation is not expected,1019,3,37,06:00,1,Good,2,Partly Cloudy,Light winds from the north north west,NNW,NNW,North North Westerly,9,5,2024-11-20T19:29:30-05:00,2024-11-20T19:29:30.63-05:00,4140963,Washington DC
Partly cloudy and light winds,2,1,33,15,9,65,2024-11-28,0,Precipitation is not expected,1019,3,38,07:00,1,Good,2,Partly Cloudy,Light winds from the north north west,NNW,NNW,North North Westerly,9,6,2024-11-20T19:29:30-05:00,2024-11-20T19:29:30.63-05:00,4140963,Washington DC
Sunny intervals and light winds,3,1,34,16,10,63,2024-11-28,0,Precipitation is not expected,1019,4,39,08:00,1,Good,3,Sunny Intervals,Light winds from the north north west,NNW,NNW,North North Westerly,12,7,2024-11-20T19:29:30-05:00,2024-11-20T19:29:30.63-05:00,4140963,Washington DC
Sunny intervals and a gentle breeze,3,2,35,17,11,57,2024-11-28,0,Precipitation is not expected,1019,5,41,09:00,1,Good,3,Sunny Intervals,A gentle breeze from the north north west,NNW,NNW,North North Westerly,13,8,2024-11-20T19:29:30-05:00,2024-11-20T19:29:30.63-05:00,4140963,Washington DC
Sunny intervals and a gentle breeze,3,3,38,17,11,51,2024-11-28,0,Precipitation is not expected,1020,6,43,10:00,1,Good,3,Sunny Intervals,A gentle breeze from the north north west,NNW,NNW,North North Westerly,13,8,2024-11-20T19:29:30-05:00,2024-11-20T19:29:30.63-05:00,4140963,Washington DC
Light cloud and a gentle breeze,7,4,39,17,11,47,2024-11-28,0,Precipitation is not expected,1019,7,44,11:00,1,Good,7,Light Cloud,A gentle breeze from the north north west,NNW,NNW,North North Westerly,14,9,2024-11-20T19:29:30-05:00,2024-11-20T19:29:30.63-05:00,4140963,Washington DC
Light cloud and a gentle breeze,7,5,41,17,11,45,2024-11-28,0,Precipitation is not expected,1019,7,45,12:00,1,Good,7,Light Cloud,A gentle breeze from the north west,NW,NW,North Westerly,13,8,2024-11-20T19:29:30-05:00,2024-11-20T19:29:30.63-05:00,4140963,Washington DC
Light cloud and a gentle breeze,7,5,41,17,10,43,2024-11-28,0,Precipitation is not expected,1018,8,46,13:00,1,Good,7,Light Cloud,A gentle breeze from the north west,NW,NW,North Westerly,14,9,2024-11-20T19:29:30-05:00,2024-11-20T19:29:30.63-05:00,4140963,Washington DC
Light cloud and a gentle breeze,7,6,43,16,10,41,2024-11-28,0,Precipitation is not expected,1018,9,47,14:00,1,Good,7,Light Cloud,A gentle breeze from the north west,NW,NW,North Westerly,13,8,2024-11-20T19:29:30-05:00,2024-11-20T19:29:30.63-05:00,4140963,Washington DC
Light cloud and a gentle breeze,7,6,43,16,10,41,2024-11-28,0,Precipitation is not expected,1018,9,47,15:00,1,Good,7,Light Cloud,A gentle breeze from the north west,NW,NW,North Westerly,13,8,2024-11-20T19:29:30-05:00,2024-11-20T19:29:30.63-05:00,4140963,Washington DC
Light cloud and a gentle breeze,7,6,43,15,9,41,2024-11-28,0,Precipitation is not expected,1017,8,47,16:00,1,Good,7,Light Cloud,A gentle breeze from the north west,NW,NW,North Westerly,13,8,2024-11-20T19:29:30-05:00,2024-11-20T19:29:30.63-05:00,4140963,Washington DC
Light cloud and a gentle breeze,36,5,42,15,9,43,2024-11-28,0,Precipitation is not expected,1018,8,46,17:00,1,Good,7,Light Cloud,A gentle breeze from the north west,NW,NW,North Westerly,12,8,2024-11-20T19:29:30-05:00,2024-11-20T19:29:30.63-05:00,4140963,Washington DC
Light cloud and light winds,36,4,40,14,9,48,2024-11-28,0,Precipitation is not expected,1018,7,44,18:00,1,Good,7,Light Cloud,Light winds from the north west,NW,NW,North Westerly,12,7,2024-11-20T19:29:30-05:00,2024-11-20T19:29:30.63-05:00,4140963,Washington DC
Light cloud and light winds,36,4,39,16,10,50,2024-11-28,0,Precipitation is not expected,1019,6,43,19:00,1,Good,7,Light Cloud,Light winds from the north west,NW,NW,North Westerly,11,7,2024-11-20T19:29:30-05:00,2024-11-20T19:29:30.63-05:00,4140963,Washington DC
Drizzle and light winds,38,3,37,17,11,55,2024-11-28,36,Chance of precipitation,1019,5,42,20:00,1,Good,11,Drizzle,Light winds from the north west,NW,NW,North Westerly,11,7,2024-11-20T19:29:30-05:00,2024-11-20T19:29:30.63-05:00,4140963,Washington DC
Drizzle and light winds,38,3,37,18,11,55,2024-11-28,36,Chance of precipitation,1019,5,42,21:00,1,Good,11,Drizzle,Light winds from the north west,NW,NW,North Westerly,11,7,2024-11-20T19:29:30-05:00,2024-11-20T19:29:30.63-05:00,4140963,Washington DC
Drizzle and light winds,38,2,36,19,12,57,2024-11-28,36,Chance of precipitation,1019,5,41,22:00,1,Good,11,Drizzle,Light winds from the north west,NW,NW,North Westerly,11,7,2024-11-20T19:29:30-05:00,2024-11-20T19:29:30.63-05:00,4140963,Washington DC
Sleet and light winds,41,2,35,19,12,59,2024-11-28,50,Chance of precipitation,1019,5,40,23:00,1,Good,18,Sleet,Light winds from the north west,NW,NW,North Westerly,11,7,2024-11-20T19:29:30-05:00,2024-11-20T19:29:30.63-05:00,4140963,Washington DC
Sleet and light winds,41,1,35,20,12,60,2024-11-29,50,Chance of precipitation,1019,4,40,00:00,1,Good,18,Sleet,Light winds from the north north west,NNW,NNW,North North Westerly,12,7,2024-11-20T19:29:30-05:00,2024-11-20T19:29:30.63-05:00,4140963,Washington DC
Sleet and light winds,41,1,34,22,14,63,2024-11-29,50,Chance of precipitation,1019,4,39,01:00,1,Moderate,18,Sleet,Light winds from the north north west,NNW,NNW,North North Westerly,12,7,2024-11-20T19:29:30-05:00,2024-11-20T19:29:30.63-05:00,4140963,Washington DC
Sleet showers and light winds,16,1,34,24,15,64,2024-11-29,50,Chance of precipitation,1019,4,39,02:00,1,Moderate,16,Sleet Showers,Light winds from the north north west,NNW,NNW,North North Westerly,11,7,2024-11-20T19:29:30-05:00,2024-11-20T19:29:30.63-05:00,4140963,Washington DC
Heavy snow showers and light winds,25,0,32,26,16,68,2024-11-29,50,Chance of precipitation,1019,3,37,03:00,1,Poor,25,Heavy Snow Showers,Light winds from the north north west,NNW,NNW,North North Westerly,12,7,2024-11-20T19:29:30-05:00,2024-11-20T19:29:30.63-05:00,4140963,Washington DC
Heavy snow showers and light winds,25,0,32,30,18,70,2024-11-29,50,Chance of precipitation,1018,3,37,04:00,1,Poor,25,Heavy Snow Showers,Light winds from the north north west,NNW,NNW,North North Westerly,11,7,2024-11-20T19:29:30-05:00,2024-11-20T19:29:30.63-05:00,4140963,Washington DC
Heavy snow showers and a gentle breeze,25,0,31,31,19,70,2024-11-29,50,Chance of precipitation,1018,3,37,05:00,1,Poor,25,Heavy Snow Showers,A gentle breeze from the north,N,N,Northerly,12,8,2024-11-20T19:29:30-05:00,2024-11-20T19:29:30.63-05:00,4140963,Washington DC
Heavy snow showers and a gentle breeze,25,0,32,34,21,71,2024-11-29,50,Chance of precipitation,1018,3,37,06:00,1,Poor,25,Heavy Snow Showers,A gentle breeze from the north north west,NNW,NNW,North North Westerly,12,8,2024-11-20T19:29:30-05:00,2024-11-20T19:29:30.63-05:00,4140963,Washington DC
Sleet showers and a gentle breeze,16,0,32,35,22,69,2024-11-29,50,Chance of precipitation,1018,3,38,07:00,1,Poor,16,Sleet Showers,A gentle breeze from the north north west,NNW,NNW,North North Westerly,14,9,2024-11-20T19:29:30-05:00,2024-11-20T19:29:30.63-05:00,4140963,Washington DC
Sleet showers and a gentle breeze,17,0,33,33,21,68,2024-11-29,50,Chance of precipitation,1018,4,39,08:00,1,Moderate,17,Sleet Showers,A gentle breeze from the north,N,N,Northerly,16,10,2024-11-20T19:29:30-05:00,2024-11-20T19:29:30.63-05:00,4140963,Washington DC
Sleet and a gentle breeze,18,1,34,31,19,64,2024-11-29,50,Chance of precipitation,1018,5,40,09:00,1,Moderate,18,Sleet,A gentle breeze from the north north west,NNW,NNW,North North Westerly,17,10,2024-11-20T19:29:30-05:00,2024-11-20T19:29:30.63-05:00,4140963,Washington DC
Heavy rain and a gentle breeze,15,2,36,33,21,58,2024-11-29,51,Chance of precipitation,1018,5,42,10:00,1,Moderate,15,Heavy Rain,A gentle breeze from the north,N,N,Northerly,17,11,2024-11-20T19:29:30-05:00,2024-11-20T19:29:30.63-05:00,4140963,Washington DC
Heavy rain and a gentle breeze,15,3,37,35,22,55,2024-11-29,51,Chance of precipitation,1017,6,43,11:00,1,Moderate,15,Heavy Rain,A gentle breeze from the north north west,NNW,NNW,North North Westerly,18,11,2024-11-20T19:29:30-05:00,2024-11-20T19:29:30.63-05:00,4140963,Washington DC
Heavy rain and a gentle breeze,15,4,39,37,23,53,2024-11-29,52,Chance of precipitation,1016,7,44,12:00,1,Moderate,15,Heavy Rain,A gentle breeze from the north north west,NNW,NNW,North North Westerly,18,11,2024-11-20T19:29:30-05:00,2024-11-20T19:29:30.63-05:00,4140963,Washington DC
Heavy rain and a gentle breeze,15,4,39,37,23,52,2024-11-29,52,Chance of precipitation,1015,7,45,13:00,1,Good,15,Heavy Rain,A gentle breeze from the north north west,NNW,NNW,North North Westerly,19,12,2024-11-20T19:29:30-05:00,2024-11-20T19:29:30.63-05:00,4140963,Washington DC
Light rain and a gentle breeze,12,5,41,37,23,49,2024-11-29,53,Chance of precipitation,1015,8,46,14:00,1,Good,12,Light Rain,A gentle breeze from the north north west,NNW,NNW,North North Westerly,18,11,2024-11-20T19:29:30-05:00,2024-11-20T19:29:30.63-05:00,4140963,Washington DC
Light rain and a gentle breeze,12,5,41,37,23,49,2024-11-29,53,Chance of precipitation,1015,8,46,15:00,1,Good,12,Light Rain,A gentle breeze from the north north west,NNW,NNW,North North Westerly,19,12,2024-11-20T19:29:30-05:00,2024-11-20T19:29:30.63-05:00,4140963,Washington DC
Light rain and a gentle breeze,12,5,40,35,22,48,2024-11-29,54,Chance of precipitation,1015,8,46,16:00,1,Good,12,Light Rain,A gentle breeze from the north west,NW,NW,North Westerly,19,12,2024-11-20T19:29:30-05:00,2024-11-20T19:29:30.63-05:00,4140963,Washington DC
Light rain and a gentle breeze,39,4,39,34,21,50,2024-11-29,54,Chance of precipitation,1016,7,45,17:00,1,Good,12,Light Rain,A gentle breeze from the north west,NW,NW,North Westerly,18,11,2024-11-20T19:29:30-05:00,2024-11-20T19:29:30.63-05:00,4140963,Washington DC
Light rain and a gentle breeze,39,3,37,32,20,55,2024-11-29,54,Chance of precipitation,1017,6,43,18:00,1,Good,12,Light Rain,A gentle breeze from the north west,NW,NW,North Westerly,18,11,2024-11-20T19:29:30-05:00,2024-11-20T19:29:30.63-05:00,4140963,Washington DC
Light rain and a gentle breeze,39,3,37,33,21,57,2024-11-29,55,Chance of precipitation,1017,6,42,19:00,1,Good,12,Light Rain,A gentle breeze from the north west,NW,NW,North Westerly,17,11,2024-11-20T19:29:30-05:00,2024-11-20T19:29:30.63-05:00,4140963,Washington DC
Sleet and a gentle breeze,41,2,35,34,21,61,2024-11-29,45,Chance of precipitation,1018,5,41,20:00,1,Good,18,Sleet,A gentle breeze from the north west,NW,NW,North Westerly,16,10,2024-11-20T19:29:30-05:00,2024-11-20T19:29:30.63-05:00,4140963,Washington DC
Sleet and a gentle breeze,41,2,35,35,22,60,2024-11-29,46,Chance of precipitation,1018,5,41,21:00,1,Good,18,Sleet,A gentle breeze from the north west,NW,NW,North Westerly,15,10,2024-11-20T19:29:30-05:00,2024-11-20T19:29:30.63-05:00,4140963,Washington DC
Light rain and a gentle breeze,39,1,34,38,23,61,2024-11-29,46,Chance of precipitation,1018,5,40,22:00,1,Good,12,Light Rain,A gentle breeze from the north west,NW,NW,North Westerly,16,10,2024-11-20T19:29:30-05:00,2024-11-20T19:29:30.63-05:00,4140963,Washington DC
Sleet and a gentle breeze,41,1,33,39,25,62,2024-11-29,40,Chance of precipitation,1019,4,39,23:00,1,Good,18,Sleet,A gentle breeze from the north west,NW,NW,North Westerly,16,10,2024-11-20T19:29:30-05:00,2024-11-20T19:29:30.63-05:00,4140963,Washington DC
Sleet and a gentle breeze,41,0,32,40,25,62,2024-11-30,40,Chance of precipitation,1019,4,39,00:00,1,Good,18,Sleet,A gentle breeze from the north west,NW,NW,North Westerly,16,10,2024-11-20T19:29:30-05:00,2024-11-20T19:29:30.63-05:00,4140963,Washington DC
Light snow and a gentle breeze,43,-1,31,39,24,64,2024-11-30,41,Chance of precipitation,1019,3,38,01:00,1,Good,24,Light Snow,A gentle breeze from the north west,NW,NW,North Westerly,16,10,2024-11-20T19:29:30-05:00,2024-11-20T19:29:30.63-05:00,4140963,Washington DC
Partly cloudy and a gentle breeze,2,-1,30,40,25,63,2024-11-30,19,Low chance of precipitation,1020,3,37,02:00,1,Good,2,Partly Cloudy,A gentle breeze from the north west,NW,NW,North Westerly,16,10,2024-11-20T19:29:30-05:00,2024-11-20T19:29:30.63-05:00,4140963,Washington DC
Partly cloudy and a gentle breeze,2,-2,28,37,23,65,2024-11-30,19,Low chance of precipitation,1020,2,36,03:00,1,Good,2,Partly Cloudy,A gentle breeze from the north north west,NNW,NNW,North North Westerly,16,10,2024-11-20T19:29:30-05:00,2024-11-20T19:29:30.63-05:00,4140963,Washington DC
A clear sky and a gentle breeze,0,-2,28,38,24,65,2024-11-30,19,Low chance of precipitation,1021,2,35,04:00,1,Good,0,Clear Sky,A gentle breeze from the north west,NW,NW,North Westerly,15,9,2024-11-20T19:29:30-05:00,2024-11-20T19:29:30.63-05:00,4140963,Washington DC
A clear sky and a gentle breeze,0,-2,28,34,21,65,2024-11-30,18,Low chance of precipitation,1021,2,35,05:00,1,Good,0,Clear Sky,A gentle breeze from the north north west,NNW,NNW,North North Westerly,15,9,2024-11-20T19:29:30-05:00,2024-11-20T19:29:30.63-05:00,4140963,Washington DC
A clear sky and a gentle breeze,0,-2,28,35,22,65,2024-11-30,19,Low chance of precipitation,1021,2,35,06:00,1,Good,0,Clear Sky,A gentle breeze from the north west,NW,NW,North Westerly,14,8,2024-11-20T19:29:30-05:00,2024-11-20T19:29:30.63-05:00,4140963,Washington DC
A clear sky and a gentle breeze,0,-2,29,39,25,63,2024-11-30,19,Low chance of precipitation,1022,2,36,07:00,1,Good,0,Clear Sky,A gentle breeze from the north west,NW,NW,North Westerly,14,9,2024-11-20T19:29:30-05:00,2024-11-20T19:29:30.63-05:00,4140963,Washington DC
Sunny intervals and a gentle breeze,3,-1,29,41,25,62,2024-11-30,0,Precipitation is not expected,1022,2,36,08:00,1,Good,3,Sunny Intervals,A gentle breeze from the north west,NW,NW,North Westerly,16,10,2024-11-20T19:29:30-05:00,2024-11-20T19:29:30.63-05:00,4140963,Washington DC
Sunny intervals and a gentle breeze,3,-1,31,42,26,58,2024-11-30,0,Precipitation is not expected,1022,3,38,09:00,1,Good,3,Sunny Intervals,A gentle breeze from the north west,NW,NW,North Westerly,18,11,2024-11-20T19:29:30-05:00,2024-11-20T19:29:30.63-05:00,4140963,Washington DC
Sunny intervals and a gentle breeze,3,0,33,44,28,53,2024-11-30,0,Precipitation is not expected,1022,4,40,10:00,1,Good,3,Sunny Intervals,A gentle breeze from the north west,NW,NW,North Westerly,18,11,2024-11-20T19:29:30-05:00,2024-11-20T19:29:30.63-05:00,4140963,Washington DC
Sunny intervals and a gentle breeze,3,1,34,47,29,50,2024-11-30,17,Low chance of precipitation,1022,5,41,11:00,1,Good,3,Sunny Intervals,A gentle breeze from the north west,NW,NW,North Westerly,20,12,2024-11-20T19:29:30-05:00,2024-11-20T19:29:30.63-05:00,4140963,Washington DC
Sunny intervals and a gentle breeze,3,2,35,50,31,49,2024-11-30,17,Low chance of precipitation,1022,5,42,12:00,1,Good,3,Sunny Intervals,A gentle breeze from the west north west,WNW,WNW,West North Westerly,20,12,2024-11-20T19:29:30-05:00,2024-11-20T19:29:30.63-05:00,4140963,Washington DC
Light cloud and a moderate breeze,7,2,36,48,30,49,2024-11-30,17,Low chance of precipitation,1022,6,42,13:00,1,Good,7,Light Cloud,A moderate breeze from the west north west,WNW,WNW,West North Westerly,21,13,2024-11-20T19:29:30-05:00,2024-11-20T19:29:30.63-05:00,4140963,Washington DC
Sunny intervals and a gentle breeze,3,3,37,46,29,48,2024-11-30,17,Low chance of precipitation,1022,6,43,14:00,1,Good,3,Sunny Intervals,A gentle breeze from the west north west,WNW,WNW,West North Westerly,20,12,2024-11-20T19:29:30-05:00,2024-11-20T19:29:30.63-05:00,4140963,Washington DC
Sunny intervals and a gentle breeze,3,3,37,44,27,49,2024-11-30,17,Low chance of precipitation,1022,6,43,15:00,1,Good,3,Sunny Intervals,A gentle breeze from the west north west,WNW,WNW,West North Westerly,20,12,2024-11-20T19:29:30-05:00,2024-11-20T19:29:30.63-05:00,4140963,Washington DC
Sunny and a gentle breeze,1,2,36,39,24,50,2024-11-30,17,Low chance of precipitation,1023,6,42,16:00,1,Good,1,Sunny,A gentle breeze from the west north west,WNW,WNW,West North Westerly,19,12,2024-11-20T19:29:30-05:00,2024-11-20T19:29:30.63-05:00,4140963,Washington DC
A clear sky and a gentle breeze,0,2,35,34,21,52,2024-11-30,17,Low chance of precipitation,1023,5,41,17:00,1,Good,0,Clear Sky,A gentle breeze from the west north west,WNW,WNW,West North Westerly,18,11,2024-11-20T19:29:30-05:00,2024-11-20T19:29:30.63-05:00,4140963,Washington DC
A clear sky and a gentle breeze,0,1,33,29,18,56,2024-11-30,17,Low chance of precipitation,1023,4,40,18:00,1,Good,0,Clear Sky,A gentle breeze from the west north west,WNW,WNW,West North Westerly,18,11,2024-11-20T19:29:30-05:00,2024-11-20T19:29:30.63-05:00,4140963,Washington DC
A clear sky and a gentle breeze,0,0,32,28,17,58,2024-11-30,17,Low chance of precipitation,1024,4,39,19:00,1,Good,0,Clear Sky,A gentle breeze from the west north west,WNW,WNW,West North Westerly,17,10,2024-11-20T19:29:30-05:00,2024-11-20T19:29:30.63-05:00,4140963,Washington DC
A clear sky and a gentle breeze,0,-1,31,26,16,63,2024-11-30,17,Low chance of precipitation,1024,3,37,20:00,1,Poor,0,Clear Sky,A gentle breeze from the west north west,WNW,WNW,West North Westerly,15,10,2024-11-20T19:29:30-05:00,2024-11-20T19:29:30.63-05:00,4140963,Washington DC
Partly cloudy and a gentle breeze,2,-1,31,25,16,62,2024-11-30,17,Low chance of precipitation,1024,3,37,21:00,1,Poor,2,Partly Cloudy,A gentle breeze from the west north west,WNW,WNW,West North Westerly,15,9,2024-11-20T19:29:30-05:00,2024-11-20T19:29:30.63-05:00,4140963,Washington DC
Partly cloudy and a gentle breeze,2,-1,30,23,14,64,2024-11-30,17,Low chance of precipitation,1024,3,37,22:00,1,Poor,2,Partly Cloudy,A gentle breeze from the west north west,WNW,WNW,West North Westerly,15,9,2024-11-20T19:29:30-05:00,2024-11-20T19:29:30.63-05:00,4140963,Washington DC
Partly cloudy and a gentle breeze,2,-1,29,21,13,66,2024-11-30,17,Low chance of precipitation,1024,2,36,23:00,1,Poor,2,Partly Cloudy,A gentle breeze from the west north west,WNW,WNW,West North Westerly,14,9,2024-11-20T19:29:30-05:00,2024-11-20T19:29:30.63-05:00,4140963,Washington DC
Partly cloudy and a gentle breeze,2,-2,29,18,11,67,2024-12-01,17,Low chance of precipitation,1025,2,36,00:00,1,Poor,2,Partly Cloudy,A gentle breeze from the west north west,WNW,WNW,West North Westerly,14,9,2024-11-20T19:29:30-05:00,2024-11-20T19:29:30.63-05:00,4140963,Washington DC
Partly cloudy and a gentle breeze,2,-2,29,16,10,69,2024-12-01,17,Low chance of precipitation,1025,2,35,01:00,1,Poor,2,Partly Cloudy,A gentle breeze from the west north west,WNW,WNW,West North Westerly,13,8,2024-11-20T19:29:30-05:00,2024-11-20T19:29:30.63-05:00,4140963,Washington DC
Partly cloudy and light winds,2,-2,29,13,8,69,2024-12-01,0,Precipitation is not expected,1025,2,35,02:00,1,Poor,2,Partly Cloudy,Light winds from the north west,NW,NW,North Westerly,12,7,2024-11-20T19:29:30-05:00,2024-11-20T19:29:30.63-05:00,4140963,Washington DC
Partly cloudy and light winds,2,-2,28,10,6,71,2024-12-01,0,Precipitation is not expected,1025,1,34,03:00,1,Poor,2,Partly Cloudy,Light winds from the north west,NW,NW,North Westerly,11,7,2024-11-20T19:29:30-05:00,2024-11-20T19:29:30.63-05:00,4140963,Washington DC
Partly cloudy and light winds,2,-2,28,11,7,72,2024-12-01,0,Precipitation is not expected,1026,1,33,04:00,1,Poor,2,Partly Cloudy,Light winds from the north west,NW,NW,North Westerly,9,6,2024-11-20T19:29:30-05:00,2024-11-20T19:29:30.63-05:00,4140963,Washington DC
A clear sky and light winds,0,-2,28,10,6,72,2024-12-01,0,Precipitation is not expected,1026,1,33,05:00,1,Poor,0,Clear Sky,Light winds from the north west,NW,NW,North Westerly,11,7,2024-11-20T19:29:30-05:00,2024-11-20T19:29:30.63-05:00,4140963,Washington DC
A clear sky and light winds,0,-2,28,10,6,72,2024-12-01,0,Precipitation is not expected,1026,1,33,06:00,1,Poor,0,Clear Sky,Light winds from the north west,NW,NW,North Westerly,10,6,2024-11-20T19:29:30-05:00,2024-11-20T19:29:30.63-05:00,4140963,Washington DC
A clear sky and light winds,0,-2,29,11,7,71,2024-12-01,0,Precipitation is not expected,1026,1,34,07:00,1,Poor,0,Clear Sky,Light winds from the north north west,NNW,NNW,North North Westerly,10,6,2024-11-20T19:29:30-05:00,2024-11-20T19:29:30.63-05:00,4140963,Washington DC
Sunny and light winds,1,-1,29,12,8,70,2024-12-01,12,Low chance of precipitation,1026,2,35,08:00,1,Poor,1,Sunny,Light winds from the north north west,NNW,NNW,North North Westerly,11,7,2024-11-20T19:29:30-05:00,2024-11-20T19:29:30.63-05:00,4140963,Washington DC
Sunny intervals and a gentle breeze,3,0,31,14,9,66,2024-12-01,12,Low chance of precipitation,1026,3,37,09:00,1,Poor,3,Sunny Intervals,A gentle breeze from the north west,NW,NW,North Westerly,12,8,2024-11-20T19:29:30-05:00,2024-11-20T19:29:30.63-05:00,4140963,Washington DC
Sunny intervals and a gentle breeze,3,1,34,14,9,60,2024-12-01,12,Low chance of precipitation,1026,4,39,10:00,1,Good,3,Sunny Intervals,A gentle breeze from the north west,NW,NW,North Westerly,12,8,2024-11-20T19:29:30-05:00,2024-11-20T19:29:30.63-05:00,4140963,Washington DC
Sunny intervals and a gentle breeze,3,2,35,14,9,55,2024-12-01,11,Low chance of precipitation,1026,5,41,11:00,1,Good,3,Sunny Intervals,A gentle breeze from the north west,NW,NW,North Westerly,13,8,2024-11-20T19:29:30-05:00,2024-11-20T19:29:30.63-05:00,4140963,Washington DC
Sunny intervals and a gentle breeze,3,3,37,14,9,53,2024-12-01,11,Low chance of precipitation,1026,6,42,12:00,1,Good,3,Sunny Intervals,A gentle breeze from the west north west,WNW,WNW,West North Westerly,12,8,2024-11-20T19:29:30-05:00,2024-11-20T19:29:30.63-05:00,4140963,Washington DC
Sunny intervals and a gentle breeze,3,4,38,14,9,51,2024-12-01,11,Low chance of precipitation,1025,6,43,13:00,1,Good,3,Sunny Intervals,A gentle breeze from the west north west,WNW,WNW,West North Westerly,13,8,2024-11-20T19:29:30-05:00,2024-11-20T19:29:30.63-05:00,4140963,Washington DC
Sunny intervals and a gentle breeze,3,4,40,13,8,49,2024-12-01,17,Low chance of precipitation,1025,7,44,14:00,1,Good,3,Sunny Intervals,A gentle breeze from the west north west,WNW,WNW,West North Westerly,12,8,2024-11-20T19:29:30-05:00,2024-11-20T19:29:30.63-05:00,4140963,Washington DC
Sunny and light winds,1,5,40,13,8,49,2024-12-01,17,Low chance of precipitation,1025,7,45,15:00,1,Good,1,Sunny,Light winds from the north west,NW,NW,North Westerly,11,7,2024-11-20T19:29:30-05:00,2024-11-20T19:29:30.63-05:00,4140963,Washington DC
Sunny and light winds,1,5,40,11,7,48,2024-12-01,17,Low chance of precipitation,1025,7,44,16:00,1,Good,1,Sunny,Light winds from the west north west,WNW,WNW,West North Westerly,10,6,2024-11-20T19:29:30-05:00,2024-11-20T19:29:30.63-05:00,4140963,Washington DC
A clear sky and light winds,0,4,39,8,5,52,2024-12-01,17,Low chance of precipitation,1026,6,43,17:00,1,Good,0,Clear Sky,Light winds from the west north west,WNW,WNW,West North Westerly,9,6,2024-11-20T19:29:30-05:00,2024-11-20T19:29:30.63-05:00,4140963,Washington DC
A clear sky and light winds,0,3,37,7,4,57,2024-12-01,17,Low chance of precipitation,1026,5,41,18:00,1,Good,0,Clear Sky,Light winds from the west north west,WNW,WNW,West North Westerly,8,5,2024-11-20T19:29:30-05:00,2024-11-20T19:29:30.63-05:00,4140963,Washington DC
A clear sky and light winds,0,4,39,7,4,60,2024-12-01,17,Low chance of precipitation,1026,4,40,19:00,1,Moderate,0,Clear Sky,Light winds from the north west,NW,NW,North Westerly,7,4,2024-11-20T19:29:30-05:00,2024-11-20T19:29:30.63-05:00,4140963,Washington DC
Partly cloudy and light winds,2,3,38,7,4,65,2024-12-01,17,Low chance of precipitation,1026,4,39,20:00,1,Moderate,2,Partly Cloudy,Light winds from the north west,NW,NW,North Westerly,7,4,2024-11-20T19:29:30-05:00,2024-11-20T19:29:30.63-05:00,4140963,Washington DC
Partly cloudy and light winds,2,3,38,7,5,65,2024-12-01,17,Low chance of precipitation,1026,4,39,21:00,1,Good,2,Partly Cloudy,Light winds from the north west,NW,NW,North Westerly,7,4,2024-11-20T19:29:30-05:00,2024-11-20T19:29:30.63-05:00,4140963,Washington DC
Partly cloudy and light winds,2,3,38,8,5,66,2024-12-01,17,Low chance of precipitation,1026,3,38,22:00,1,Good,2,Partly Cloudy,Light winds from the north west,NW,NW,North Westerly,7,5,2024-11-20T19:29:30-05:00,2024-11-20T19:29:30.63-05:00,4140963,Washington DC
Partly cloudy and light winds,2,1,33,9,6,68,2024-12-01,17,Low chance of precipitation,1026,3,37,23:00,1,Good,2,Partly Cloudy,Light winds from the north west,NW,NW,North Westerly,8,5,2024-11-20T19:29:30-05:00,2024-11-20T19:29:30.63-05:00,4140963,Washington DC
Partly cloudy and light winds,2,1,33,10,6,69,2024-12-02,17,Low chance of precipitation,1026,3,37,00:00,1,Good,2,Partly Cloudy,Light winds from the north west,NW,NW,North Westerly,9,6,2024-11-20T19:29:30-05:00,2024-11-20T19:29:30.63-05:00,4140963,Washington DC
Partly cloudy and light winds,2,0,32,10,6,70,2024-12-02,17,Low chance of precipitation,1025,3,37,01:00,1,Good,2,Partly Cloudy,Light winds from the north north west,NNW,NNW,North North Westerly,10,6,2024-11-20T19:29:30-05:00,2024-11-20T19:29:30.63-05:00,4140963,Washington DC
Sleet showers and light winds,16,0,32,10,6,69,2024-12-02,33,Chance of precipitation,1026,3,37,02:00,1,Moderate,16,Sleet Showers,Light winds from the north north west,NNW,NNW,North North Westerly,8,5,2024-11-20T19:29:30-05:00,2024-11-20T19:29:30.63-05:00,4140963,Washington DC
Sleet showers and light winds,16,-1,31,10,6,72,2024-12-02,50,Chance of precipitation,1026,2,36,03:00,1,Good,16,Sleet Showers,Light winds from the north north west,NNW,NNW,North North Westerly,10,6,2024-11-20T19:29:30-05:00,2024-11-20T19:29:30.63-05:00,4140963,Washington DC
Sleet showers and light winds,16,-1,31,11,7,73,2024-12-02,33,Chance of precipitation,1026,2,36,04:00,1,Moderate,16,Sleet Showers,Light winds from the north north west,NNW,NNW,North North Westerly,9,5,2024-11-20T19:29:30-05:00,2024-11-20T19:29:30.63-05:00,4140963,Washington DC
Sleet showers and light winds,16,-1,30,11,7,74,2024-12-02,50,Chance of precipitation,1026,2,35,05:00,1,Good,16,Sleet Showers,Light winds from the north west,NW,NW,North Westerly,11,7,2024-11-20T19:29:30-05:00,2024-11-20T19:29:30.63-05:00,4140963,Washington DC
Sleet showers and light winds,16,-1,30,12,7,74,2024-12-02,33,Chance of precipitation,1026,2,35,06:00,1,Moderate,16,Sleet Showers,Light winds from the north north west,NNW,NNW,North North Westerly,10,6,2024-11-20T19:29:30-05:00,2024-11-20T19:29:30.63-05:00,4140963,Washington DC
Sleet showers and light winds,16,-1,30,17,11,73,2024-12-02,33,Chance of precipitation,1026,2,36,07:00,1,Moderate,16,Sleet Showers,Light winds from the north north west,NNW,NNW,North North Westerly,11,7,2024-11-20T19:29:30-05:00,2024-11-20T19:29:30.63-05:00,4140963,Washington DC
Sleet and a gentle breeze,18,-1,31,23,14,72,2024-12-02,34,Chance of precipitation,1026,3,37,08:00,1,Moderate,18,Sleet,A gentle breeze from the north north west,NNW,NNW,North North Westerly,12,8,2024-11-20T19:29:30-05:00,2024-11-20T19:29:30.63-05:00,4140963,Washington DC
Sleet and light winds,18,1,33,28,18,66,2024-12-02,34,Chance of precipitation,1026,3,38,09:00,1,Moderate,18,Sleet,Light winds from the north north west,NNW,NNW,North North Westerly,12,7,2024-11-20T19:29:30-05:00,2024-11-20T19:29:30.63-05:00,4140963,Washington DC
Sleet and a gentle breeze,18,1,34,30,18,61,2024-12-02,32,Chance of precipitation,1025,4,40,10:00,1,Good,18,Sleet,A gentle breeze from the north west,NW,NW,North Westerly,14,9,2024-11-20T19:29:30-05:00,2024-11-20T19:29:30.63-05:00,4140963,Washington DC
Drizzle and a gentle breeze,11,2,36,31,19,56,2024-12-02,34,Chance of precipitation,1025,5,42,11:00,1,Good,11,Drizzle,A gentle breeze from the north west,NW,NW,North Westerly,15,9,2024-11-20T19:29:30-05:00,2024-11-20T19:29:30.63-05:00,4140963,Washington DC
Drizzle and a gentle breeze,11,3,37,32,20,54,2024-12-02,34,Chance of precipitation,1024,6,43,12:00,1,Good,11,Drizzle,A gentle breeze from the west north west,WNW,WNW,West North Westerly,15,9,2024-11-20T19:29:30-05:00,2024-11-20T19:29:30.63-05:00,4140963,Washington DC
Drizzle and a gentle breeze,11,3,38,33,21,52,2024-12-02,34,Chance of precipitation,1024,6,43,13:00,1,Good,11,Drizzle,A gentle breeze from the west north west,WNW,WNW,West North Westerly,16,10,2024-11-20T19:29:30-05:00,2024-11-20T19:29:30.63-05:00,4140963,Washington DC
Light cloud and a gentle breeze,7,5,40,34,21,49,2024-12-02,17,Low chance of precipitation,1024,7,45,14:00,1,Good,7,Light Cloud,A gentle breeze from the west,W,W,Westerly,15,9,2024-11-20T19:29:30-05:00,2024-11-20T19:29:30.63-05:00,4140963,Washington DC
Light cloud and a gentle breeze,7,5,40,35,22,48,2024-12-02,12,Low chance of precipitation,1024,7,45,15:00,1,Good,7,Light Cloud,A gentle breeze from the west north west,WNW,WNW,West North Westerly,15,9,2024-11-20T19:29:30-05:00,2024-11-20T19:29:30.63-05:00,4140963,Washington DC
Sunny intervals and a gentle breeze,3,5,40,29,18,48,2024-12-02,12,Low chance of precipitation,1023,7,45,16:00,1,Good,3,Sunny Intervals,A gentle breeze from the west north west,WNW,WNW,West North Westerly,15,9,2024-11-20T19:29:30-05:00,2024-11-20T19:29:30.63-05:00,4140963,Washington DC
Partly cloudy and light winds,2,4,39,33,20,50,2024-12-02,13,Low chance of precipitation,1023,7,44,17:00,1,Good,2,Partly Cloudy,Light winds from the west north west,WNW,WNW,West North Westerly,12,7,2024-11-20T19:29:30-05:00,2024-11-20T19:29:30.63-05:00,4140963,Washington DC
Partly cloudy and a gentle breeze,2,3,37,30,19,55,2024-12-02,21,Low chance of precipitation,1023,5,42,18:00,1,Good,2,Partly Cloudy,A gentle breeze from the west,W,W,Westerly,13,8,2024-11-20T19:29:30-05:00,2024-11-20T19:29:30.63-05:00,4140963,Washington DC
Partly cloudy and a gentle breeze,2,2,36,28,18,57,2024-12-02,11,Low chance of precipitation,1023,5,41,19:00,1,Good,2,Partly Cloudy,A gentle breeze from the west,W,W,Westerly,12,8,2024-11-20T19:29:30-05:00,2024-11-20T19:29:30.63-05:00,4140963,Washington DC
Partly cloudy and light winds,2,1,35,31,19,63,2024-12-02,11,Low chance of precipitation,1023,4,40,20:00,1,Good,2,Partly Cloudy,Light winds from the west north west,WNW,WNW,West North Westerly,11,7,2024-11-20T19:29:30-05:00,2024-11-20T19:29:30.63-05:00,4140963,Washington DC
Sleet showers and a gentle breeze,16,1,34,31,19,63,2024-12-02,25,Low chance of precipitation,1022,4,39,21:00,1,Good,16,Sleet Showers,A gentle breeze from the west,W,W,Westerly,12,8,2024-11-20T19:29:30-05:00,2024-11-20T19:29:30.63-05:00,4140963,Washington DC
Light cloud and a gentle breeze,36,1,33,33,20,64,2024-12-02,17,Low chance of precipitation,1022,4,39,22:00,1,Good,7,Light Cloud,A gentle breeze from the west,W,W,Westerly,13,8,2024-11-20T19:29:30-05:00,2024-11-20T19:29:30.63-05:00,4140963,Washington DC
Light cloud and a gentle breeze,36,1,33,34,21,65,2024-12-02,17,Low chance of precipitation,1022,4,39,23:00,1,Good,7,Light Cloud,A gentle breeze from the west,W,W,Westerly,13,8,2024-11-20T19:29:30-05:00,2024-11-20T19:29:30.63-05:00,4140963,Washington DC
Light cloud and a gentle breeze,36,0,33,34,21,66,2024-12-03,17,Low chance of precipitation,1022,4,39,00:00,1,Good,7,Light Cloud,A gentle breeze from the west north west,WNW,WNW,West North Westerly,14,8,2024-11-20T19:29:30-05:00,2024-11-20T19:29:30.63-05:00,4140963,Washington DC
Light cloud and a gentle breeze,36,0,32,33,21,68,2024-12-03,17,Low chance of precipitation,1022,3,38,01:00,1,Good,7,Light Cloud,A gentle breeze from the west north west,WNW,WNW,West North Westerly,14,9,2024-11-20T19:29:30-05:00,2024-11-20T19:29:30.63-05:00,4140963,Washington DC
Light rain and a gentle breeze,39,0,32,34,21,68,2024-12-03,49,Chance of precipitation,1022,3,38,02:00,1,Good,12,Light Rain,A gentle breeze from the west north west,WNW,WNW,West North Westerly,13,8,2024-11-20T19:29:30-05:00,2024-11-20T19:29:30.63-05:00,4140963,Washington DC
Light rain and a gentle breeze,39,-1,31,33,21,69,2024-12-03,49,Chance of precipitation,1022,3,37,03:00,1,Good,12,Light Rain,A gentle breeze from the west north west,WNW,WNW,West North Westerly,14,9,2024-11-20T19:29:30-05:00,2024-11-20T19:29:30.63-05:00,4140963,Washington DC
Light rain and a gentle breeze,39,-1,31,34,21,70,2024-12-03,49,Chance of precipitation,1022,3,37,04:00,1,Good,12,Light Rain,A gentle breeze from the west north west,WNW,WNW,West North Westerly,13,8,2024-11-20T19:29:30-05:00,2024-11-20T19:29:30.63-05:00,4140963,Washington DC
Light rain showers and a gentle breeze,9,-1,30,33,21,70,2024-12-03,25,Low chance of precipitation,1022,3,37,05:00,1,Good,9,Light Rain Showers,A gentle breeze from the west north west,WNW,WNW,West North Westerly,14,8,2024-11-20T19:29:30-05:00,2024-11-20T19:29:30.63-05:00,4140963,Washington DC
Light rain showers and a gentle breeze,9,-1,31,33,21,70,2024-12-03,25,Low chance of precipitation,1022,3,37,06:00,1,Good,9,Light Rain Showers,A gentle breeze from the west north west,WNW,WNW,West North Westerly,13,8,2024-11-20T19:29:30-05:00,2024-11-20T19:29:30.63-05:00,4140963,Washington DC
Light rain showers and a gentle breeze,9,0,33,36,22,71,2024-12-03,25,Low chance of precipitation,1022,4,39,07:00,1,Moderate,9,Light Rain Showers,A gentle breeze from the north west,NW,NW,North Westerly,13,8,2024-11-20T19:29:30-05:00,2024-11-20T19:29:30.63-05:00,4140963,Washington DC
Sleet showers and a gentle breeze,17,1,33,35,22,71,2024-12-03,62,Chance of precipitation,1022,4,39,08:00,1,Moderate,17,Sleet Showers,A gentle breeze from the north north west,NNW,NNW,North North Westerly,15,9,2024-11-20T19:29:30-05:00,2024-11-20T19:29:30.63-05:00,4140963,Washington DC
Sleet and a gentle breeze,18,2,35,35,22,68,2024-12-03,62,Chance of precipitation,1021,5,41,09:00,1,Moderate,18,Sleet,A gentle breeze from the north west,NW,NW,North Westerly,16,10,2024-11-20T19:29:30-05:00,2024-11-20T19:29:30.63-05:00,4140963,Washington DC
Light rain and a gentle breeze,12,2,36,33,20,61,2024-12-03,62,Chance of precipitation,1021,5,42,10:00,1,Good,12,Light Rain,A gentle breeze from the north west,NW,NW,North Westerly,16,10,2024-11-20T19:29:30-05:00,2024-11-20T19:29:30.63-05:00,4140963,Washington DC
Light rain and a gentle breeze,12,3,38,31,19,56,2024-12-03,40,Chance of precipitation,1021,6,43,11:00,1,Good,12,Light Rain,A gentle breeze from the north west,NW,NW,North Westerly,17,10,2024-11-20T19:29:30-05:00,2024-11-20T19:29:30.63-05:00,4140963,Washington DC
Light rain and a gentle breeze,12,4,39,29,18,54,2024-12-03,40,Chance of precipitation,1021,7,45,12:00,1,Good,12,Light Rain,A gentle breeze from the west north west,WNW,WNW,West North Westerly,16,10,2024-11-20T19:29:30-05:00,2024-11-20T19:29:30.63-05:00,4140963,Washington DC
Light rain and a gentle breeze,12,5,41,28,17,55,2024-12-03,40,Chance of precipitation,1021,8,46,13:00,1,Moderate,12,Light Rain,A gentle breeze from the west north west,WNW,WNW,West North Westerly,16,10,2024-11-20T19:29:30-05:00,2024-11-20T19:29:30.63-05:00,4140963,Washington DC
Light rain and a gentle breeze,12,6,42,27,17,49,2024-12-03,50,Chance of precipitation,1021,8,47,14:00,1,Good,12,Light Rain,A gentle breeze from the west north west,WNW,WNW,West North Westerly,15,10,2024-11-20T19:29:30-05:00,2024-11-20T19:29:30.63-05:00,4140963,Washington DC
Light rain and a gentle breeze,12,6,43,26,16,51,2024-12-03,33,Chance of precipitation,1021,9,47,15:00,1,Moderate,12,Light Rain,A gentle breeze from the west north west,WNW,WNW,West North Westerly,15,9,2024-11-20T19:29:30-05:00,2024-11-20T19:29:30.63-05:00,4140963,Washington DC
Light rain and a gentle breeze,12,6,43,24,15,50,2024-12-03,50,Chance of precipitation,1021,8,47,16:00,1,Moderate,12,Light Rain,A gentle breeze from the west north west,WNW,WNW,West North Westerly,14,9,2024-11-20T19:29:30-05:00,2024-11-20T19:29:30.63-05:00,4140963,Washington DC
Light rain and a gentle breeze,39,5,41,22,14,53,2024-12-03,50,Chance of precipitation,1022,8,46,17:00,1,Moderate,12,Light Rain,A gentle breeze from the west north west,WNW,WNW,West North Westerly,13,8,2024-11-20T19:29:30-05:00,2024-11-20T19:29:30.63-05:00,4140963,Washington DC
Light rain and a gentle breeze,39,3,38,21,13,56,2024-12-03,50,Chance of precipitation,1022,6,43,18:00,1,Good,12,Light Rain,A gentle breeze from the west north west,WNW,WNW,West North Westerly,12,8,2024-11-20T19:29:30-05:00,2024-11-20T19:29:30.63-05:00,4140963,Washington DC
Light rain and light winds,39,3,37,19,12,58,2024-12-03,33,Chance of precipitation,1022,5,42,19:00,1,Good,12,Light Rain,Light winds from the north west,NW,NW,North Westerly,11,7,2024-11-20T19:29:30-05:00,2024-11-20T19:29:30.63-05:00,4140963,Washington DC
Light cloud and light winds,36,2,35,18,11,63,2024-12-03,27,Low chance of precipitation,1022,4,40,20:00,1,Good,7,Light Cloud,Light winds from the north west,NW,NW,North Westerly,10,6,2024-11-20T19:29:30-05:00,2024-11-20T19:29:30.63-05:00,4140963,Washington DC
Light cloud and light winds,36,3,37,16,10,65,2024-12-03,27,Low chance of precipitation,1022,5,41,21:00,1,Good,7,Light Cloud,Light winds from the north west,NW,NW,North Westerly,10,6,2024-11-20T19:29:30-05:00,2024-11-20T19:29:30.63-05:00,4140963,Washington DC
Sleet and light winds,41,2,35,16,10,63,2024-12-03,43,Chance of precipitation,1023,4,40,22:00,1,Good,18,Sleet,Light winds from the north west,NW,NW,North Westerly,11,7,2024-11-20T19:29:30-05:00,2024-11-20T19:29:30.63-05:00,4140963,Washington DC
Light cloud and light winds,36,1,34,16,10,64,2024-12-03,0,Precipitation is not expected,1023,4,39,23:00,1,Good,7,Light Cloud,Light winds from the north west,NW,NW,North Westerly,11,7,2024-11-20T19:29:30-05:00,2024-11-20T19:29:30.63-05:00,4140963,Washington DC
Light cloud and light winds,36,1,33,16,10,63,2024-12-04,0,Precipitation is not expected,1023,3,38,00:00,1,Good,7,Light Cloud,Light winds from the north west,NW,NW,North Westerly,11,7,2024-11-20T19:29:30-05:00,2024-11-20T19:29:30.63-05:00,4140963,Washington DC
Light cloud and light winds,36,1,33,15,10,65,2024-12-04,0,Precipitation is not expected,1023,4,39,01:00,1,Good,7,Light Cloud,Light winds from the north west,NW,NW,North Westerly,11,7,2024-11-20T19:29:30-05:00,2024-11-20T19:29:30.63-05:00,4140963,Washington DC
Sleet and light winds,41,1,33,15,9,65,2024-12-04,39,Chance of precipitation,1023,3,38,02:00,1,Good,18,Sleet,Light winds from the north west,NW,NW,North Westerly,10,6,2024-11-20T19:29:30-05:00,2024-11-20T19:29:30.63-05:00,4140963,Washington DC
Drizzle and light winds,38,-1,31,15,9,65,2024-12-04,39,Chance of precipitation,1023,2,36,03:00,1,Good,11,Drizzle,Light winds from the north west,NW,NW,North Westerly,10,6,2024-11-20T19:29:30-05:00,2024-11-20T19:29:30.63-05:00,4140963,Washington DC
Drizzle and light winds,38,0,32,16,10,68,2024-12-04,32,Chance of precipitation,1024,3,37,04:00,1,Good,11,Drizzle,Light winds from the north west,NW,NW,North Westerly,9,6,2024-11-20T19:29:30-05:00,2024-11-20T19:29:30.63-05:00,4140963,Washington DC
Light rain and light winds,39,-1,30,17,11,69,2024-12-04,41,Chance of precipitation,1024,2,35,05:00,1,Good,12,Light Rain,Light winds from the north north west,NNW,NNW,North North Westerly,11,7,2024-11-20T19:29:30-05:00,2024-11-20T19:29:30.63-05:00,4140963,Washington DC
