enhancedWeatherDescription,extendedWeatherType,feelsLikeTemperatureC,feelsLikeTemperatureF,gustSpeedKph,gustSpeedMph,humidity,localDate,precipitationProbabilityInPercent,precipitationProbabilityText,pressure,temperatureC,temperatureF,timeslot,timeslotLength,visibility,weatherType,weatherTypeText,windDescription,windDirection,windDirectionAbbreviation,windDirectionFull,windSpeedKph,windSpeedMph,issueDate,lastUpdated,location_id,location_name
Sunny intervals and a gentle breeze,3,5,42,24,15,55,2023-03-14,29,Low chance of precipitation,1010,8,46,17:00,1,Good,3,Sunny Intervals,A gentle breeze from the west,W,W,Westerly,16,10,2023-03-14T09:54:00+00:00,2023-03-14T16:02:32.777Z,2634341,City of Westminster
Sunny intervals and light winds,3,3,37,28,18,62,2023-03-14,21,Low chance of precipitation,1011,5,41,18:00,1,Good,3,Sunny Intervals,Light winds from the west south west,WSW,WSW,West South Westerly,12,7,2023-03-14T09:54:00+00:00,2023-03-14T16:02:32.777Z,2634341,City of Westminster
Partly cloudy and a gentle breeze,2,1,34,30,19,65,2023-03-14,17,Low chance of precipitation,1011,4,40,19:00,1,Good,2,Partly Cloudy,A gentle breeze from the west south west,WSW,WSW,West South Westerly,13,8,2023-03-14T09:54:00+00:00,2023-03-14T16:02:32.777Z,2634341,City of Westminster
Partly cloudy and a gentle breeze,2,0,33,35,22,68,2023-03-14,12,Low chance of precipitation,1012,3,38,20:00,1,Good,2,Partly Cloudy,A gentle breeze from the west south west,WSW,WSW,West South Westerly,13,8,2023-03-14T09:54:00+00:00,2023-03-14T16:02:32.777Z,2634341,City of Westminster
Light rain showers and a gentle breeze,9,-1,31,31,19,70,2023-03-14,19,Low chance of precipitation,1012,3,38,21:00,1,Good,9,Light Rain Showers,A gentle breeze from the west south west,WSW,WSW,West South Westerly,16,10,2023-03-14T09:54:00+00:00,2023-03-14T16:02:32.777Z,2634341,City of Westminster
Sleet showers and a gentle breeze,16,-1,30,29,18,73,2023-03-14,34,Chance of precipitation,1013,3,37,22:00,1,Good,16,Sleet Showers,A gentle breeze from the west,W,W,Westerly,15,9,2023-03-14T09:54:00+00:00,2023-03-14T16:02:32.777Z,2634341,City of Westminster
Sleet showers and a gentle breeze,16,-2,29,29,18,73,2023-03-14,28,Low chance of precipitation,1013,2,36,23:00,1,Good,16,Sleet Showers,A gentle breeze from the west,W,W,Westerly,14,9,2023-03-14T09:54:00+00:00,2023-03-14T16:02:32.777Z,2634341,City of Westminster
Partly cloudy and light winds,2,-2,29,26,16,76,2023-03-15,25,Low chance of precipitation,1014,1,35,00:00,1,Good,2,Partly Cloudy,Light winds from the west north west,WNW,WNW,West North Westerly,12,7,2023-03-14T09:54:00+00:00,2023-03-14T16:02:32.777Z,2634341,City of Westminster
Partly cloudy and light winds,2,-2,28,22,14,76,2023-03-15,0,Precipitation is not expected,1014,1,34,01:00,1,Good,2,Partly Cloudy,Light winds from the west north west,WNW,WNW,West North Westerly,12,7,2023-03-14T09:54:00+00:00,2023-03-14T16:02:32.777Z,2634341,City of Westminster
A clear sky and light winds,0,-3,27,18,11,78,2023-03-15,0,Precipitation is not expected,1015,1,33,02:00,1,Good,0,Clear Sky,Light winds from the west north west,WNW,WNW,West North Westerly,11,7,2023-03-14T09:54:00+00:00,2023-03-14T16:02:32.777Z,2634341,City of Westminster
A clear sky and light winds,0,-3,26,14,9,80,2023-03-15,0,Precipitation is not expected,1015,0,32,03:00,1,Good,0,Clear Sky,Light winds from the west north west,WNW,WNW,West North Westerly,9,6,2023-03-14T09:54:00+00:00,2023-03-14T16:02:32.777Z,2634341,City of Westminster
A clear sky and light winds,0,-4,25,11,7,82,2023-03-15,0,Precipitation is not expected,1015,-1,31,04:00,1,Good,0,Clear Sky,Light winds from the west north west,WNW,WNW,West North Westerly,9,5,2023-03-14T09:54:00+00:00,2023-03-14T16:02:32.777Z,2634341,City of Westminster
A clear sky and light winds,0,-5,24,10,6,83,2023-03-15,0,Precipitation is not expected,1016,-1,30,05:00,1,Good,0,Clear Sky,Light winds from the west north west,WNW,WNW,West North Westerly,10,6,2023-03-14T09:54:00+00:00,2023-03-14T16:02:32.777Z,2634341,City of Westminster
A clear sky and light winds,0,-1,30,9,6,89,2023-03-15,0,Precipitation is not expected,1016,2,35,06:00,1,Good,0,Clear Sky,Light winds from the west,W,W,Westerly,9,6,2023-03-14T09:54:00+00:00,2023-03-14T16:02:32.777Z,2634341,City of Westminster
Sunny and light winds,1,-1,31,9,5,88,2023-03-15,0,Precipitation is not expected,1017,2,35,07:00,1,Good,1,Sunny,Light winds from the west,W,W,Westerly,8,5,2023-03-14T09:54:00+00:00,2023-03-14T16:02:32.777Z,2634341,City of Westminster
Sunny and light winds,1,1,34,8,5,85,2023-03-15,0,Precipitation is not expected,1017,3,37,08:00,1,Good,1,Sunny,Light winds from the west south west,WSW,WSW,West South Westerly,8,5,2023-03-14T09:54:00+00:00,2023-03-14T16:02:32.777Z,2634341,City of Westminster
Sunny and light winds,1,4,39,11,7,81,2023-03-15,0,Precipitation is not expected,1017,4,40,09:00,1,Good,1,Sunny,Light winds from the south west,SW,SW,South Westerly,6,4,2023-03-14T09:54:00+00:00,2023-03-14T16:02:32.777Z,2634341,City of Westminster
Sunny and light winds,1,4,39,13,8,69,2023-03-15,0,Precipitation is not expected,1018,6,42,10:00,1,Good,1,Sunny,Light winds from the south west,SW,SW,South Westerly,9,5,2023-03-14T09:54:00+00:00,2023-03-14T16:02:32.777Z,2634341,City of Westminster
Sunny and light winds,1,5,41,18,11,62,2023-03-15,0,Precipitation is not expected,1018,7,45,11:00,1,Good,1,Sunny,Light winds from the south south west,SSW,SSW,South South Westerly,10,6,2023-03-14T09:54:00+00:00,2023-03-14T16:02:32.777Z,2634341,City of Westminster
Sunny and light winds,1,6,43,22,14,56,2023-03-15,0,Precipitation is not expected,1018,8,47,12:00,1,Good,1,Sunny,Light winds from the south west,SW,SW,South Westerly,12,7,2023-03-14T09:54:00+00:00,2023-03-14T16:02:32.777Z,2634341,City of Westminster
Sunny and a gentle breeze,1,6,43,26,16,55,2023-03-15,0,Precipitation is not expected,1017,9,47,13:00,1,Good,1,Sunny,A gentle breeze from the south west,SW,SW,South Westerly,14,9,2023-03-14T09:54:00+00:00,2023-03-14T16:02:32.777Z,2634341,City of Westminster
Light cloud and a gentle breeze,7,6,43,28,17,54,2023-03-15,0,Precipitation is not expected,1017,9,47,14:00,1,Good,7,Light Cloud,A gentle breeze from the south west,SW,SW,South Westerly,16,10,2023-03-14T09:54:00+00:00,2023-03-14T16:02:32.777Z,2634341,City of Westminster
Thick cloud and a gentle breeze,8,6,43,28,17,54,2023-03-15,0,Precipitation is not expected,1017,9,48,15:00,1,Good,8,Thick Cloud,A gentle breeze from the south south west,SSW,SSW,South South Westerly,18,11,2023-03-14T09:54:00+00:00,2023-03-14T16:02:32.777Z,2634341,City of Westminster
Thick cloud and a gentle breeze,8,6,42,28,17,59,2023-03-15,16,Low chance of precipitation,1016,8,47,16:00,1,Good,8,Thick Cloud,A gentle breeze from the south south west,SSW,SSW,South South Westerly,17,11,2023-03-14T09:54:00+00:00,2023-03-14T16:02:32.777Z,2634341,City of Westminster
Thick cloud and a gentle breeze,8,6,42,29,18,63,2023-03-15,27,Low chance of precipitation,1016,8,46,17:00,1,Good,8,Thick Cloud,A gentle breeze from the south,S,S,Southerly,14,9,2023-03-14T09:54:00+00:00,2023-03-14T16:02:32.777Z,2634341,City of Westminster
Light rain and light winds,12,5,42,27,17,74,2023-03-15,31,Chance of precipitation,1016,7,45,18:00,1,Moderate,12,Light Rain,Light winds from the south,S,S,Southerly,10,6,2023-03-14T09:54:00+00:00,2023-03-14T16:02:32.777Z,2634341,City of Westminster
Light rain and light winds,39,5,41,27,17,80,2023-03-15,70,Chance of precipitation,1016,7,44,19:00,1,Moderate,12,Light Rain,Light winds from the south south east,SSE,SSE,South South Easterly,11,7,2023-03-14T09:54:00+00:00,2023-03-14T16:02:32.777Z,2634341,City of Westminster
Light rain and light winds,39,4,40,28,17,85,2023-03-15,70,Chance of precipitation,1015,6,43,20:00,1,Moderate,12,Light Rain,Light winds from the south south east,SSE,SSE,South South Easterly,11,7,2023-03-14T09:54:00+00:00,2023-03-14T16:02:32.777Z,2634341,City of Westminster
Light rain and a gentle breeze,39,4,39,31,19,90,2023-03-15,70,Chance of precipitation,1015,6,43,21:00,1,Moderate,12,Light Rain,A gentle breeze from the south south east,SSE,SSE,South South Easterly,13,8,2023-03-14T09:54:00+00:00,2023-03-14T16:02:32.777Z,2634341,City of Westminster
Light rain and a gentle breeze,39,4,40,35,22,88,2023-03-15,70,Chance of precipitation,1014,7,44,22:00,1,Moderate,12,Light Rain,A gentle breeze from the south south east,SSE,SSE,South South Easterly,14,9,2023-03-14T09:54:00+00:00,2023-03-14T16:02:32.777Z,2634341,City of Westminster
Light rain and a gentle breeze,39,5,41,37,23,88,2023-03-15,70,Chance of precipitation,1013,7,45,23:00,1,Moderate,12,Light Rain,A gentle breeze from the south south east,SSE,SSE,South South Easterly,16,10,2023-03-14T09:54:00+00:00,2023-03-14T16:02:32.777Z,2634341,City of Westminster
Light rain and a gentle breeze,39,5,42,39,24,88,2023-03-16,70,Chance of precipitation,1012,8,46,00:00,1,Moderate,12,Light Rain,A gentle breeze from the south south east,SSE,SSE,South South Easterly,18,11,2023-03-14T09:54:00+00:00,2023-03-14T16:02:32.777Z,2634341,City of Westminster
Light rain and a gentle breeze,39,6,43,37,23,89,2023-03-16,70,Chance of precipitation,1011,8,47,01:00,1,Moderate,12,Light Rain,A gentle breeze from the south south east,SSE,SSE,South South Easterly,19,12,2023-03-14T09:54:00+00:00,2023-03-14T16:02:32.777Z,2634341,City of Westminster
Light rain and a gentle breeze,39,7,44,42,26,92,2023-03-16,70,Chance of precipitation,1010,9,47,02:00,1,Moderate,12,Light Rain,A gentle breeze from the south,S,S,Southerly,20,12,2023-03-14T09:54:00+00:00,2023-03-14T16:02:32.777Z,2634341,City of Westminster
Drizzle and a gentle breeze,38,7,44,42,26,93,2023-03-16,65,Chance of precipitation,1009,9,48,03:00,1,Good,11,Drizzle,A gentle breeze from the south,S,S,Southerly,19,12,2023-03-14T09:54:00+00:00,2023-03-14T16:02:32.777Z,2634341,City of Westminster
Thick cloud and a moderate breeze,37,7,44,44,28,93,2023-03-16,30,Low chance of precipitation,1009,9,48,04:00,1,Good,8,Thick Cloud,A moderate breeze from the south,S,S,Southerly,20,13,2023-03-14T09:54:00+00:00,2023-03-14T16:02:32.777Z,2634341,City of Westminster
Drizzle and a moderate breeze,38,7,44,48,30,92,2023-03-16,35,Chance of precipitation,1009,9,48,05:00,1,Good,11,Drizzle,A moderate breeze from the south,S,S,Southerly,23,14,2023-03-14T09:54:00+00:00,2023-03-14T16:02:32.777Z,2634341,City of Westminster
Thick cloud and a moderate breeze,37,7,44,48,30,90,2023-03-16,32,Chance of precipitation,1008,9,48,06:00,1,Good,8,Thick Cloud,A moderate breeze from the south,S,S,Southerly,23,15,2023-03-14T09:54:00+00:00,2023-03-14T16:02:32.777Z,2634341,City of Westminster
Thick cloud and a moderate breeze,8,7,44,50,31,89,2023-03-16,16,Low chance of precipitation,1008,9,48,07:00,1,Good,8,Thick Cloud,A moderate breeze from the south,S,S,Southerly,23,15,2023-03-14T09:54:00+00:00,2023-03-14T16:02:32.777Z,2634341,City of Westminster
Thick cloud and a moderate breeze,8,7,45,52,32,89,2023-03-16,16,Low chance of precipitation,1008,9,49,08:00,1,Good,8,Thick Cloud,A moderate breeze from the south,S,S,Southerly,25,15,2023-03-14T09:54:00+00:00,2023-03-14T16:02:32.777Z,2634341,City of Westminster
Light cloud and a moderate breeze,7,7,45,50,31,88,2023-03-16,16,Low chance of precipitation,1008,10,49,09:00,1,Good,7,Light Cloud,A moderate breeze from the south,S,S,Southerly,26,16,2023-03-14T09:54:00+00:00,2023-03-14T16:02:32.777Z,2634341,City of Westminster
Light cloud and a moderate breeze,7,8,47,48,30,84,2023-03-16,15,Low chance of precipitation,1007,10,51,10:00,1,Good,7,Light Cloud,A moderate breeze from the south,S,S,Southerly,27,17,2023-03-14T09:54:00+00:00,2023-03-14T16:02:32.777Z,2634341,City of Westminster
Thick cloud and a moderate breeze,8,10,49,47,29,81,2023-03-16,17,Low chance of precipitation,1007,11,52,11:00,1,Good,8,Thick Cloud,A moderate breeze from the south south west,SSW,SSW,South South Westerly,27,17,2023-03-14T09:54:00+00:00,2023-03-14T16:02:32.777Z,2634341,City of Westminster
Thick cloud and a moderate breeze,8,10,51,47,29,79,2023-03-16,15,Low chance of precipitation,1007,12,53,12:00,1,Good,8,Thick Cloud,A moderate breeze from the south south west,SSW,SSW,South South Westerly,28,18,2023-03-14T09:54:00+00:00,2023-03-14T16:02:32.777Z,2634341,City of Westminster
Sunny intervals and a moderate breeze,3,11,52,48,30,77,2023-03-16,11,Low chance of precipitation,1006,12,54,13:00,1,Good,3,Sunny Intervals,A moderate breeze from the south south west,SSW,SSW,South South Westerly,26,16,2023-03-14T09:54:00+00:00,2023-03-14T16:02:32.777Z,2634341,City of Westminster
Light rain and a moderate breeze,12,11,51,48,30,78,2023-03-16,15,Low chance of precipitation,1006,12,54,14:00,1,Good,12,Light Rain,A moderate breeze from the south south west,SSW,SSW,South South Westerly,26,16,2023-03-14T09:54:00+00:00,2023-03-14T16:02:32.777Z,2634341,City of Westminster
Light rain and a moderate breeze,12,11,52,42,26,76,2023-03-16,26,Low chance of precipitation,1005,12,54,15:00,1,Good,12,Light Rain,A moderate breeze from the south south west,SSW,SSW,South South Westerly,25,15,2023-03-14T09:54:00+00:00,2023-03-14T16:02:32.777Z,2634341,City of Westminster
Light rain and a moderate breeze,12,11,52,39,24,78,2023-03-16,28,Low chance of precipitation,1005,12,54,16:00,1,Good,12,Light Rain,A moderate breeze from the south south west,SSW,SSW,South South Westerly,23,14,2023-03-14T09:54:00+00:00,2023-03-14T16:02:32.777Z,2634341,City of Westminster
Light rain and a moderate breeze,12,11,52,34,21,78,2023-03-16,31,Chance of precipitation,1005,12,54,17:00,1,Good,12,Light Rain,A moderate breeze from the south south west,SSW,SSW,South South Westerly,21,13,2023-03-14T09:54:00+00:00,2023-03-14T16:02:32.777Z,2634341,City of Westminster
Sunny and a gentle breeze,1,11,52,33,21,82,2023-03-16,30,Low chance of precipitation,1005,12,53,18:00,1,Good,1,Sunny,A gentle breeze from the south south west,SSW,SSW,South South Westerly,17,10,2023-03-14T09:54:00+00:00,2023-03-14T16:02:32.777Z,2634341,City of Westminster
Drizzle and a gentle breeze,38,11,51,32,20,85,2023-03-16,32,Chance of precipitation,1005,12,53,19:00,1,Good,11,Drizzle,A gentle breeze from the south south west,SSW,SSW,South South Westerly,16,10,2023-03-14T09:54:00+00:00,2023-03-14T16:02:32.777Z,2634341,City of Westminster
Drizzle and a gentle breeze,38,11,51,31,19,87,2023-03-16,35,Chance of precipitation,1005,11,53,20:00,1,Good,11,Drizzle,A gentle breeze from the south south west,SSW,SSW,South South Westerly,15,9,2023-03-14T09:54:00+00:00,2023-03-14T16:02:32.777Z,2634341,City of Westminster
Partly cloudy and a gentle breeze,2,11,52,32,20,87,2023-03-16,27,Low chance of precipitation,1005,12,53,21:00,1,Good,2,Partly Cloudy,A gentle breeze from the south south west,SSW,SSW,South South Westerly,16,10,2023-03-14T09:54:00+00:00,2023-03-14T16:02:32.777Z,2634341,City of Westminster
Partly cloudy and a gentle breeze,2,11,53,34,21,88,2023-03-16,11,Low chance of precipitation,1005,12,53,22:00,1,Good,2,Partly Cloudy,A gentle breeze from the south south west,SSW,SSW,South South Westerly,15,9,2023-03-14T09:54:00+00:00,2023-03-14T16:02:32.777Z,2634341,City of Westminster
Light cloud and a gentle breeze,36,12,53,36,22,88,2023-03-16,11,Low chance of precipitation,1005,12,54,23:00,1,Good,7,Light Cloud,A gentle breeze from the south south west,SSW,SSW,South South Westerly,15,9,2023-03-14T09:54:00+00:00,2023-03-14T16:02:32.777Z,2634341,City of Westminster
Light cloud and a gentle breeze,36,12,53,33,21,90,2023-03-17,13,Low chance of precipitation,1005,12,54,00:00,1,Good,7,Light Cloud,A gentle breeze from the south south west,SSW,SSW,South South Westerly,14,9,2023-03-14T09:54:00+00:00,2023-03-14T16:02:32.777Z,2634341,City of Westminster
Thick cloud and a gentle breeze,37,12,53,31,19,92,2023-03-17,28,Low chance of precipitation,1004,12,54,01:00,1,Good,8,Thick Cloud,A gentle breeze from the south south west,SSW,SSW,South South Westerly,14,9,2023-03-14T09:54:00+00:00,2023-03-14T16:02:32.777Z,2634341,City of Westminster
Thick cloud and a gentle breeze,37,12,53,29,18,93,2023-03-17,23,Low chance of precipitation,1004,12,53,02:00,1,Good,8,Thick Cloud,A gentle breeze from the south south west,SSW,SSW,South South Westerly,14,9,2023-03-14T09:54:00+00:00,2023-03-14T16:02:32.777Z,2634341,City of Westminster
Thick cloud and a gentle breeze,37,11,52,28,18,96,2023-03-17,27,Low chance of precipitation,1004,11,53,03:00,1,Good,8,Thick Cloud,A gentle breeze from the south south west,SSW,SSW,South South Westerly,13,8,2023-03-14T09:54:00+00:00,2023-03-14T16:02:32.777Z,2634341,City of Westminster
Thick cloud and a gentle breeze,37,11,51,27,17,97,2023-03-17,17,Low chance of precipitation,1004,11,52,04:00,1,Good,8,Thick Cloud,A gentle breeze from the south south west,SSW,SSW,South South Westerly,12,8,2023-03-14T09:54:00+00:00,2023-03-14T16:02:32.777Z,2634341,City of Westminster
Thick cloud and a gentle breeze,37,10,50,26,16,98,2023-03-17,18,Low chance of precipitation,1004,11,51,05:00,1,Good,8,Thick Cloud,A gentle breeze from the south south west,SSW,SSW,South South Westerly,14,9,2023-03-14T09:54:00+00:00,2023-03-14T16:02:32.777Z,2634341,City of Westminster
Thick cloud and a gentle breeze,37,10,49,27,17,96,2023-03-17,16,Low chance of precipitation,1004,10,51,06:00,1,Good,8,Thick Cloud,A gentle breeze from the south south west,SSW,SSW,South South Westerly,13,8,2023-03-14T09:54:00+00:00,2023-03-14T16:02:32.777Z,2634341,City of Westminster
Thick cloud and a gentle breeze,8,10,49,27,17,95,2023-03-17,18,Low chance of precipitation,1004,11,51,07:00,1,Good,8,Thick Cloud,A gentle breeze from the south south west,SSW,SSW,South South Westerly,14,9,2023-03-14T09:54:00+00:00,2023-03-14T16:02:32.777Z,2634341,City of Westminster
Thick cloud and a gentle breeze,8,10,50,27,17,93,2023-03-17,16,Low chance of precipitation,1004,11,52,08:00,1,Good,8,Thick Cloud,A gentle breeze from the south south west,SSW,SSW,South South Westerly,16,10,2023-03-14T09:54:00+00:00,2023-03-14T16:02:32.777Z,2634341,City of Westminster
Light rain and a gentle breeze,12,11,51,27,17,91,2023-03-17,16,Low chance of precipitation,1005,11,53,09:00,1,Good,12,Light Rain,A gentle breeze from the south south west,SSW,SSW,South South Westerly,18,11,2023-03-14T09:54:00+00:00,2023-03-14T16:02:32.777Z,2634341,City of Westminster
Light rain and a gentle breeze,12,12,53,27,17,87,2023-03-17,45,Chance of precipitation,1004,12,54,10:00,1,Good,12,Light Rain,A gentle breeze from the south south west,SSW,SSW,South South Westerly,19,12,2023-03-14T09:54:00+00:00,2023-03-14T16:02:32.777Z,2634341,City of Westminster
Light rain and a gentle breeze,12,13,55,27,17,85,2023-03-17,49,Chance of precipitation,1005,13,55,11:00,1,Good,12,Light Rain,A gentle breeze from the south south west,SSW,SSW,South South Westerly,19,12,2023-03-14T09:54:00+00:00,2023-03-14T16:02:32.777Z,2634341,City of Westminster
Light rain and a gentle breeze,12,13,56,27,17,86,2023-03-17,63,Chance of precipitation,1004,13,56,12:00,1,Good,12,Light Rain,A gentle breeze from the south south west,SSW,SSW,South South Westerly,19,12,2023-03-14T09:54:00+00:00,2023-03-14T16:02:32.777Z,2634341,City of Westminster
Light rain and a gentle breeze,12,13,56,26,16,85,2023-03-17,63,Chance of precipitation,1004,13,56,13:00,1,Moderate,12,Light Rain,A gentle breeze from the south south west,SSW,SSW,South South Westerly,19,12,2023-03-14T09:54:00+00:00,2023-03-14T16:02:32.777Z,2634341,City of Westminster
Light rain and a gentle breeze,12,13,55,24,15,84,2023-03-17,63,Chance of precipitation,1004,13,56,14:00,1,Good,12,Light Rain,A gentle breeze from the south south west,SSW,SSW,South South Westerly,19,12,2023-03-14T09:54:00+00:00,2023-03-14T16:02:32.777Z,2634341,City of Westminster
Light rain and a gentle breeze,12,13,56,26,16,82,2023-03-17,59,Chance of precipitation,1004,13,56,15:00,1,Good,12,Light Rain,A gentle breeze from the south south west,SSW,SSW,South South Westerly,19,12,2023-03-14T09:54:00+00:00,2023-03-14T16:02:32.777Z,2634341,City of Westminster
Drizzle and a gentle breeze,11,13,55,28,17,83,2023-03-17,39,Chance of precipitation,1004,13,56,16:00,1,Good,11,Drizzle,A gentle breeze from the south south west,SSW,SSW,South South Westerly,18,11,2023-03-14T09:54:00+00:00,2023-03-14T16:02:32.777Z,2634341,City of Westminster
Drizzle and a gentle breeze,11,12,54,29,18,85,2023-03-17,41,Chance of precipitation,1004,13,55,17:00,1,Good,11,Drizzle,A gentle breeze from the south south west,SSW,SSW,South South Westerly,16,10,2023-03-14T09:54:00+00:00,2023-03-14T16:02:32.777Z,2634341,City of Westminster
Sunny intervals and a gentle breeze,3,12,53,29,18,90,2023-03-17,23,Low chance of precipitation,1004,12,54,18:00,1,Good,3,Sunny Intervals,A gentle breeze from the south,S,S,Southerly,12,8,2023-03-14T09:54:00+00:00,2023-03-14T16:02:32.777Z,2634341,City of Westminster
Light cloud and light winds,36,11,52,28,17,94,2023-03-17,16,Low chance of precipitation,1005,11,53,19:00,1,Good,7,Light Cloud,Light winds from the south,S,S,Southerly,12,7,2023-03-14T09:54:00+00:00,2023-03-14T16:02:32.777Z,2634341,City of Westminster
Light cloud and light winds,36,10,51,27,17,97,2023-03-17,13,Low chance of precipitation,1005,11,51,20:00,1,Good,7,Light Cloud,Light winds from the south,S,S,Southerly,12,7,2023-03-14T09:54:00+00:00,2023-03-14T16:02:32.777Z,2634341,City of Westminster
Light cloud and a gentle breeze,36,10,50,27,17,98,2023-03-17,12,Low chance of precipitation,1005,11,51,21:00,1,Good,7,Light Cloud,A gentle breeze from the south,S,S,Southerly,12,8,2023-03-14T09:54:00+00:00,2023-03-14T16:02:32.777Z,2634341,City of Westminster
Partly cloudy and light winds,2,10,50,27,17,97,2023-03-17,26,Low chance of precipitation,1005,11,51,22:00,1,Good,2,Partly Cloudy,Light winds from the south,S,S,Southerly,12,7,2023-03-14T09:54:00+00:00,2023-03-14T16:02:32.777Z,2634341,City of Westminster
Partly cloudy and light winds,2,10,50,26,16,96,2023-03-17,13,Low chance of precipitation,1005,11,51,23:00,1,Good,2,Partly Cloudy,Light winds from the south,S,S,Southerly,12,7,2023-03-14T09:54:00+00:00,2023-03-14T16:02:32.777Z,2634341,City of Westminster
Partly cloudy and a gentle breeze,2,10,50,30,19,96,2023-03-18,13,Low chance of precipitation,1004,11,51,00:00,1,Good,2,Partly Cloudy,A gentle breeze from the south,S,S,Southerly,12,8,2023-03-14T09:54:00+00:00,2023-03-14T16:02:32.777Z,2634341,City of Westminster
Partly cloudy and a gentle breeze,2,10,50,34,21,95,2023-03-18,0,Precipitation is not expected,1004,11,51,01:00,1,Good,2,Partly Cloudy,A gentle breeze from the south,S,S,Southerly,14,9,2023-03-14T09:54:00+00:00,2023-03-14T16:02:32.777Z,2634341,City of Westminster
Light cloud and a gentle breeze,36,10,50,37,23,96,2023-03-18,0,Precipitation is not expected,1004,11,51,02:00,1,Good,7,Light Cloud,A gentle breeze from the south south west,SSW,SSW,South South Westerly,16,10,2023-03-14T09:54:00+00:00,2023-03-14T16:02:32.777Z,2634341,City of Westminster
Light rain and a gentle breeze,39,10,49,43,27,96,2023-03-18,11,Low chance of precipitation,1004,11,51,03:00,1,Good,12,Light Rain,A gentle breeze from the south south west,SSW,SSW,South South Westerly,16,10,2023-03-14T09:54:00+00:00,2023-03-14T16:02:32.777Z,2634341,City of Westminster
Light rain and a gentle breeze,39,9,49,49,30,96,2023-03-18,39,Chance of precipitation,1003,10,51,04:00,1,Good,12,Light Rain,A gentle breeze from the south south west,SSW,SSW,South South Westerly,18,11,2023-03-14T09:54:00+00:00,2023-03-14T16:02:32.777Z,2634341,City of Westminster
Light rain and a moderate breeze,39,9,48,55,34,96,2023-03-18,44,Chance of precipitation,1003,10,50,05:00,1,Good,12,Light Rain,A moderate breeze from the south south west,SSW,SSW,South South Westerly,20,13,2023-03-14T09:54:00+00:00,2023-03-14T16:02:32.777Z,2634341,City of Westminster
Light rain and a moderate breeze,39,9,48,53,33,94,2023-03-18,45,Chance of precipitation,1002,10,51,06:00,1,Moderate,12,Light Rain,A moderate breeze from the south south west,SSW,SSW,South South Westerly,21,13,2023-03-14T09:54:00+00:00,2023-03-14T16:02:32.777Z,2634341,City of Westminster
Light rain and a moderate breeze,12,9,48,50,31,93,2023-03-18,59,Chance of precipitation,1002,10,51,07:00,1,Good,12,Light Rain,A moderate breeze from the south south west,SSW,SSW,South South Westerly,21,13,2023-03-14T09:54:00+00:00,2023-03-14T16:02:32.777Z,2634341,City of Westminster
Light rain and a moderate breeze,12,9,49,48,30,91,2023-03-18,65,Chance of precipitation,1002,11,51,08:00,1,Moderate,12,Light Rain,A moderate breeze from the south south west,SSW,SSW,South South Westerly,24,15,2023-03-14T09:54:00+00:00,2023-03-14T16:02:32.777Z,2634341,City of Westminster
Light rain and a moderate breeze,12,9,49,49,30,91,2023-03-18,67,Chance of precipitation,1002,11,52,09:00,1,Moderate,12,Light Rain,A moderate breeze from the south south west,SSW,SSW,South South Westerly,24,15,2023-03-14T09:54:00+00:00,2023-03-14T16:02:32.777Z,2634341,City of Westminster
Light rain showers and a moderate breeze,10,10,50,50,31,86,2023-03-18,42,Chance of precipitation,1002,11,52,10:00,1,Moderate,10,Light Rain Showers,A moderate breeze from the south south west,SSW,SSW,South South Westerly,26,16,2023-03-14T09:54:00+00:00,2023-03-14T16:02:32.777Z,2634341,City of Westminster
Light rain showers and a moderate breeze,10,11,51,51,32,82,2023-03-18,35,Chance of precipitation,1002,12,54,11:00,1,Moderate,10,Light Rain Showers,A moderate breeze from the south south west,SSW,SSW,South South Westerly,26,16,2023-03-14T09:54:00+00:00,2023-03-14T16:02:32.777Z,2634341,City of Westminster
Light rain showers and a moderate breeze,10,11,53,51,32,80,2023-03-18,32,Chance of precipitation,1002,13,55,12:00,1,Moderate,10,Light Rain Showers,A moderate breeze from the south west,SW,SW,South Westerly,28,17,2023-03-14T09:54:00+00:00,2023-03-14T16:02:32.777Z,2634341,City of Westminster
Light rain showers and a moderate breeze,10,12,53,51,32,78,2023-03-18,32,Chance of precipitation,1002,13,55,13:00,1,Moderate,10,Light Rain Showers,A moderate breeze from the south west,SW,SW,South Westerly,28,17,2023-03-14T09:54:00+00:00,2023-03-14T16:02:32.777Z,2634341,City of Westminster
Light rain showers and a moderate breeze,10,12,53,51,32,77,2023-03-18,39,Chance of precipitation,1002,13,55,14:00,1,Good,10,Light Rain Showers,A moderate breeze from the south west,SW,SW,South Westerly,27,17,2023-03-14T09:54:00+00:00,2023-03-14T16:02:32.777Z,2634341,City of Westminster
Light rain showers and a moderate breeze,10,12,53,51,32,76,2023-03-18,35,Chance of precipitation,1002,13,55,15:00,1,Good,10,Light Rain Showers,A moderate breeze from the south west,SW,SW,South Westerly,28,18,2023-03-14T09:54:00+00:00,2023-03-14T16:02:32.777Z,2634341,City of Westminster
Light rain showers and a moderate breeze,10,11,52,52,32,77,2023-03-18,43,Chance of precipitation,1003,12,54,16:00,1,Good,10,Light Rain Showers,A moderate breeze from the south west,SW,SW,South Westerly,26,16,2023-03-14T09:54:00+00:00,2023-03-14T16:02:32.777Z,2634341,City of Westminster
Light rain showers and a moderate breeze,10,11,51,52,32,78,2023-03-18,46,Chance of precipitation,1003,12,53,17:00,1,Good,10,Light Rain Showers,A moderate breeze from the south west,SW,SW,South Westerly,23,14,2023-03-14T09:54:00+00:00,2023-03-14T16:02:32.777Z,2634341,City of Westminster
Thick cloud and a gentle breeze,8,10,50,50,31,83,2023-03-18,31,Chance of precipitation,1003,11,52,18:00,1,Good,8,Thick Cloud,A gentle breeze from the south west,SW,SW,South Westerly,19,12,2023-03-14T09:54:00+00:00,2023-03-14T16:02:32.777Z,2634341,City of Westminster
Light cloud and a gentle breeze,36,9,49,49,31,85,2023-03-18,22,Low chance of precipitation,1004,11,51,19:00,1,Good,7,Light Cloud,A gentle breeze from the south west,SW,SW,South Westerly,18,11,2023-03-14T09:54:00+00:00,2023-03-14T16:02:32.777Z,2634341,City of Westminster
Light cloud and a gentle breeze,36,9,47,48,30,88,2023-03-18,24,Low chance of precipitation,1005,10,50,20:00,1,Good,7,Light Cloud,A gentle breeze from the south west,SW,SW,South Westerly,17,11,2023-03-14T09:54:00+00:00,2023-03-14T16:02:32.777Z,2634341,City of Westminster
Partly cloudy and a gentle breeze,2,8,46,49,30,89,2023-03-18,18,Low chance of precipitation,1005,10,49,21:00,1,Good,2,Partly Cloudy,A gentle breeze from the south west,SW,SW,South Westerly,18,11,2023-03-14T09:54:00+00:00,2023-03-14T16:02:32.777Z,2634341,City of Westminster
Partly cloudy and a gentle breeze,2,8,46,49,30,88,2023-03-18,12,Low chance of precipitation,1006,9,49,22:00,1,Good,2,Partly Cloudy,A gentle breeze from the south west,SW,SW,South Westerly,17,11,2023-03-14T09:54:00+00:00,2023-03-14T16:02:32.777Z,2634341,City of Westminster
Partly cloudy and a gentle breeze,2,8,46,49,30,87,2023-03-18,13,Low chance of precipitation,1006,9,49,23:00,1,Good,2,Partly Cloudy,A gentle breeze from the south west,SW,SW,South Westerly,17,10,2023-03-14T09:54:00+00:00,2023-03-14T16:02:32.777Z,2634341,City of Westminster
Partly cloudy and a gentle breeze,2,7,45,49,30,88,2023-03-19,13,Low chance of precipitation,1006,9,48,00:00,1,Good,2,Partly Cloudy,A gentle breeze from the south west,SW,SW,South Westerly,17,11,2023-03-14T09:54:00+00:00,2023-03-14T16:02:32.777Z,2634341,City of Westminster
Partly cloudy and a gentle breeze,2,7,45,49,30,90,2023-03-19,28,Low chance of precipitation,1006,9,48,01:00,1,Good,2,Partly Cloudy,A gentle breeze from the south west,SW,SW,South Westerly,17,11,2023-03-14T09:54:00+00:00,2023-03-14T16:02:32.777Z,2634341,City of Westminster
Partly cloudy and a gentle breeze,2,7,45,49,30,91,2023-03-19,28,Low chance of precipitation,1006,9,48,02:00,1,Good,2,Partly Cloudy,A gentle breeze from the south west,SW,SW,South Westerly,17,11,2023-03-14T09:54:00+00:00,2023-03-14T16:02:32.777Z,2634341,City of Westminster
Partly cloudy and a gentle breeze,2,7,45,47,29,93,2023-03-19,28,Low chance of precipitation,1006,9,48,03:00,1,Good,2,Partly Cloudy,A gentle breeze from the south west,SW,SW,South Westerly,16,10,2023-03-14T09:54:00+00:00,2023-03-14T16:02:32.777Z,2634341,City of Westminster
Drizzle and a gentle breeze,38,7,44,45,28,94,2023-03-19,32,Chance of precipitation,1006,8,47,04:00,1,Good,11,Drizzle,A gentle breeze from the south west,SW,SW,South Westerly,16,10,2023-03-14T09:54:00+00:00,2023-03-14T16:02:32.777Z,2634341,City of Westminster
Drizzle and a gentle breeze,38,6,43,42,26,94,2023-03-19,45,Chance of precipitation,1006,8,47,05:00,1,Good,11,Drizzle,A gentle breeze from the south west,SW,SW,South Westerly,18,11,2023-03-14T09:54:00+00:00,2023-03-14T16:02:32.777Z,2634341,City of Westminster
Drizzle and a gentle breeze,38,6,43,42,26,92,2023-03-19,38,Chance of precipitation,1006,8,46,06:00,1,Good,11,Drizzle,A gentle breeze from the south west,SW,SW,South Westerly,17,11,2023-03-14T09:54:00+00:00,2023-03-14T16:02:32.777Z,2634341,City of Westminster
Drizzle and a gentle breeze,11,6,43,40,25,90,2023-03-19,40,Chance of precipitation,1007,8,47,07:00,1,Good,11,Drizzle,A gentle breeze from the south west,SW,SW,South Westerly,17,11,2023-03-14T09:54:00+00:00,2023-03-14T16:02:32.777Z,2634341,City of Westminster
Drizzle and a gentle breeze,11,7,44,39,24,89,2023-03-19,40,Chance of precipitation,1007,9,47,08:00,1,Good,11,Drizzle,A gentle breeze from the south west,SW,SW,South Westerly,18,11,2023-03-14T09:54:00+00:00,2023-03-14T16:02:32.777Z,2634341,City of Westminster
Light rain and a gentle breeze,12,7,45,41,25,87,2023-03-19,40,Chance of precipitation,1007,9,48,09:00,1,Good,12,Light Rain,A gentle breeze from the south west,SW,SW,South Westerly,18,11,2023-03-14T09:54:00+00:00,2023-03-14T16:02:32.777Z,2634341,City of Westminster
Light rain and a gentle breeze,12,8,46,42,26,82,2023-03-19,53,Chance of precipitation,1007,10,49,10:00,1,Good,12,Light Rain,A gentle breeze from the west south west,WSW,WSW,West South Westerly,19,12,2023-03-14T09:54:00+00:00,2023-03-14T16:02:32.777Z,2634341,City of Westminster
Light rain and a gentle breeze,12,9,48,44,27,79,2023-03-19,53,Chance of precipitation,1008,10,51,11:00,1,Good,12,Light Rain,A gentle breeze from the south west,SW,SW,South Westerly,19,12,2023-03-14T09:54:00+00:00,2023-03-14T16:02:32.777Z,2634341,City of Westminster
Light rain and a gentle breeze,12,10,49,44,27,78,2023-03-19,53,Chance of precipitation,1008,11,52,12:00,1,Good,12,Light Rain,A gentle breeze from the west south west,WSW,WSW,West South Westerly,19,12,2023-03-14T09:54:00+00:00,2023-03-14T16:02:32.777Z,2634341,City of Westminster
Light rain and a gentle breeze,12,10,50,44,27,79,2023-03-19,70,Chance of precipitation,1007,11,52,13:00,1,Good,12,Light Rain,A gentle breeze from the south west,SW,SW,South Westerly,18,11,2023-03-14T09:54:00+00:00,2023-03-14T16:02:32.777Z,2634341,City of Westminster
Light rain and a gentle breeze,12,10,50,43,27,79,2023-03-19,70,Chance of precipitation,1007,11,52,14:00,1,Good,12,Light Rain,A gentle breeze from the south west,SW,SW,South Westerly,18,11,2023-03-14T09:54:00+00:00,2023-03-14T16:02:32.777Z,2634341,City of Westminster
Light rain and a gentle breeze,12,10,50,44,27,79,2023-03-19,70,Chance of precipitation,1007,11,53,15:00,1,Moderate,12,Light Rain,A gentle breeze from the south west,SW,SW,South Westerly,19,12,2023-03-14T09:54:00+00:00,2023-03-14T16:02:32.777Z,2634341,City of Westminster
Light rain and a gentle breeze,12,10,50,45,28,80,2023-03-19,70,Chance of precipitation,1007,11,52,16:00,1,Moderate,12,Light Rain,A gentle breeze from the south west,SW,SW,South Westerly,19,12,2023-03-14T09:54:00+00:00,2023-03-14T16:02:32.777Z,2634341,City of Westminster
Light rain and a gentle breeze,12,10,50,46,28,81,2023-03-19,70,Chance of precipitation,1006,11,52,17:00,1,Moderate,12,Light Rain,A gentle breeze from the south west,SW,SW,South Westerly,18,11,2023-03-14T09:54:00+00:00,2023-03-14T16:02:32.777Z,2634341,City of Westminster
Light rain and a gentle breeze,12,9,49,48,30,87,2023-03-19,70,Chance of precipitation,1006,11,51,18:00,1,Moderate,12,Light Rain,A gentle breeze from the south west,SW,SW,South Westerly,15,9,2023-03-14T09:54:00+00:00,2023-03-14T16:02:32.777Z,2634341,City of Westminster
Light rain and a gentle breeze,39,9,48,49,31,90,2023-03-19,70,Chance of precipitation,1006,10,50,19:00,1,Moderate,12,Light Rain,A gentle breeze from the south south west,SSW,SSW,South South Westerly,16,10,2023-03-14T09:54:00+00:00,2023-03-14T16:02:32.777Z,2634341,City of Westminster
Light rain and a gentle breeze,39,9,47,51,32,94,2023-03-19,70,Chance of precipitation,1007,10,50,20:00,1,Moderate,12,Light Rain,A gentle breeze from the south south west,SSW,SSW,South South Westerly,16,10,2023-03-14T09:54:00+00:00,2023-03-14T16:02:32.777Z,2634341,City of Westminster
Light rain and a gentle breeze,39,8,47,52,32,95,2023-03-19,70,Chance of precipitation,1007,10,50,21:00,1,Moderate,12,Light Rain,A gentle breeze from the south south west,SSW,SSW,South South Westerly,17,11,2023-03-14T09:54:00+00:00,2023-03-14T16:02:32.777Z,2634341,City of Westminster
Light rain and a gentle breeze,39,9,47,52,32,94,2023-03-19,70,Chance of precipitation,1007,10,50,22:00,1,Moderate,12,Light Rain,A gentle breeze from the south south west,SSW,SSW,South South Westerly,18,11,2023-03-14T09:54:00+00:00,2023-03-14T16:02:32.777Z,2634341,City of Westminster
Light rain and a gentle breeze,39,9,48,52,32,93,2023-03-19,70,Chance of precipitation,1006,10,50,23:00,1,Moderate,12,Light Rain,A gentle breeze from the south west,SW,SW,South Westerly,18,11,2023-03-14T09:54:00+00:00,2023-03-14T16:02:32.777Z,2634341,City of Westminster
Drizzle and a gentle breeze,38,9,48,53,33,93,2023-03-20,70,Chance of precipitation,1006,10,51,00:00,1,Moderate,11,Drizzle,A gentle breeze from the south west,SW,SW,South Westerly,19,12,2023-03-14T09:54:00+00:00,2023-03-14T16:02:32.777Z,2634341,City of Westminster
Drizzle and a gentle breeze,38,9,48,52,32,93,2023-03-20,66,Chance of precipitation,1006,10,51,01:00,1,Moderate,11,Drizzle,A gentle breeze from the south west,SW,SW,South Westerly,20,12,2023-03-14T09:54:00+00:00,2023-03-14T16:02:32.777Z,2634341,City of Westminster
Drizzle and a moderate breeze,38,9,49,52,32,94,2023-03-20,66,Chance of precipitation,1006,11,51,02:00,1,Moderate,11,Drizzle,A moderate breeze from the south west,SW,SW,South Westerly,20,13,2023-03-14T09:54:00+00:00,2023-03-14T16:02:32.777Z,2634341,City of Westminster
Drizzle and a gentle breeze,38,9,48,49,30,94,2023-03-20,66,Chance of precipitation,1006,10,51,03:00,1,Moderate,11,Drizzle,A gentle breeze from the south west,SW,SW,South Westerly,20,12,2023-03-14T09:54:00+00:00,2023-03-14T16:02:32.777Z,2634341,City of Westminster
Drizzle and a gentle breeze,38,8,47,46,28,94,2023-03-20,60,Chance of precipitation,1007,10,50,04:00,1,Moderate,11,Drizzle,A gentle breeze from the south west,SW,SW,South Westerly,20,12,2023-03-14T09:54:00+00:00,2023-03-14T16:02:32.777Z,2634341,City of Westminster
Drizzle and a moderate breeze,38,8,46,43,27,94,2023-03-20,60,Chance of precipitation,1007,9,49,05:00,1,Good,11,Drizzle,A moderate breeze from the south west,SW,SW,South Westerly,22,14,2023-03-14T09:54:00+00:00,2023-03-14T16:02:32.777Z,2634341,City of Westminster
Drizzle and a moderate breeze,38,7,45,44,27,92,2023-03-20,60,Chance of precipitation,1007,9,49,06:00,1,Good,11,Drizzle,A moderate breeze from the south west,SW,SW,South Westerly,22,14,2023-03-14T09:54:00+00:00,2023-03-14T16:02:32.777Z,2634341,City of Westminster
Drizzle and a moderate breeze,11,7,45,45,28,91,2023-03-20,63,Chance of precipitation,1007,9,49,07:00,1,Good,11,Drizzle,A moderate breeze from the south west,SW,SW,South Westerly,22,14,2023-03-14T09:54:00+00:00,2023-03-14T16:02:32.777Z,2634341,City of Westminster
Drizzle and a moderate breeze,11,8,46,46,29,89,2023-03-20,57,Chance of precipitation,1008,10,49,08:00,1,Good,11,Drizzle,A moderate breeze from the south west,SW,SW,South Westerly,24,15,2023-03-14T09:54:00+00:00,2023-03-14T16:02:32.777Z,2634341,City of Westminster
Light rain and a moderate breeze,12,8,46,45,28,88,2023-03-20,57,Chance of precipitation,1008,10,50,09:00,1,Good,12,Light Rain,A moderate breeze from the south west,SW,SW,South Westerly,24,15,2023-03-14T09:54:00+00:00,2023-03-14T16:02:32.777Z,2634341,City of Westminster
Light rain and a moderate breeze,12,9,48,44,27,84,2023-03-20,70,Chance of precipitation,1008,11,51,10:00,1,Good,12,Light Rain,A moderate breeze from the south west,SW,SW,South Westerly,25,16,2023-03-14T09:54:00+00:00,2023-03-14T16:02:32.777Z,2634341,City of Westminster
Light rain and a moderate breeze,12,10,49,43,27,84,2023-03-20,70,Chance of precipitation,1008,11,52,11:00,1,Good,12,Light Rain,A moderate breeze from the south west,SW,SW,South Westerly,25,16,2023-03-14T09:54:00+00:00,2023-03-14T16:02:32.777Z,2634341,City of Westminster
Light rain and a moderate breeze,12,10,50,38,24,83,2023-03-20,70,Chance of precipitation,1008,12,53,12:00,1,Good,12,Light Rain,A moderate breeze from the south west,SW,SW,South Westerly,26,16,2023-03-14T09:54:00+00:00,2023-03-14T16:02:32.777Z,2634341,City of Westminster
Light rain and a moderate breeze,12,11,51,40,25,80,2023-03-20,70,Chance of precipitation,1007,12,54,13:00,1,Good,12,Light Rain,A moderate breeze from the south west,SW,SW,South Westerly,26,16,2023-03-14T09:54:00+00:00,2023-03-14T16:02:32.777Z,2634341,City of Westminster
Light rain and a moderate breeze,12,11,51,43,27,79,2023-03-20,70,Chance of precipitation,1007,12,54,14:00,1,Good,12,Light Rain,A moderate breeze from the south west,SW,SW,South Westerly,26,16,2023-03-14T09:54:00+00:00,2023-03-14T16:02:32.777Z,2634341,City of Westminster
Light rain showers and a moderate breeze,10,11,52,42,26,75,2023-03-20,70,Chance of precipitation,1006,13,55,15:00,1,Good,10,Light Rain Showers,A moderate breeze from the south west,SW,SW,South Westerly,26,16,2023-03-14T09:54:00+00:00,2023-03-14T16:02:32.777Z,2634341,City of Westminster
Light rain showers and a moderate breeze,10,11,51,40,25,77,2023-03-20,50,Chance of precipitation,1006,12,54,16:00,1,Good,10,Light Rain Showers,A moderate breeze from the south west,SW,SW,South Westerly,24,15,2023-03-14T09:54:00+00:00,2023-03-14T16:02:32.777Z,2634341,City of Westminster
Light rain showers and a moderate breeze,10,10,51,39,24,77,2023-03-20,50,Chance of precipitation,1006,12,53,17:00,1,Good,10,Light Rain Showers,A moderate breeze from the south west,SW,SW,South Westerly,22,14,2023-03-14T09:54:00+00:00,2023-03-14T16:02:32.777Z,2634341,City of Westminster
Sunny and a gentle breeze,1,10,50,37,23,80,2023-03-20,50,Chance of precipitation,1006,11,52,18:00,1,Good,1,Sunny,A gentle breeze from the south south west,SSW,SSW,South South Westerly,17,11,2023-03-14T09:54:00+00:00,2023-03-14T16:02:32.777Z,2634341,City of Westminster
A clear sky and a gentle breeze,0,9,49,36,22,83,2023-03-20,13,Low chance of precipitation,1006,11,51,19:00,1,Good,0,Clear Sky,A gentle breeze from the south south west,SSW,SSW,South South Westerly,17,11,2023-03-14T09:54:00+00:00,2023-03-14T16:02:32.777Z,2634341,City of Westminster
A clear sky and a gentle breeze,0,9,47,35,22,85,2023-03-20,13,Low chance of precipitation,1006,10,50,20:00,1,Good,0,Clear Sky,A gentle breeze from the south south west,SSW,SSW,South South Westerly,17,11,2023-03-14T09:54:00+00:00,2023-03-14T16:02:32.777Z,2634341,City of Westminster
Partly cloudy and a gentle breeze,2,8,47,34,21,86,2023-03-20,13,Low chance of precipitation,1006,10,50,21:00,1,Good,2,Partly Cloudy,A gentle breeze from the south south west,SSW,SSW,South South Westerly,17,11,2023-03-14T09:54:00+00:00,2023-03-14T16:02:32.777Z,2634341,City of Westminster
Partly cloudy and a gentle breeze,2,8,47,33,20,85,2023-03-20,29,Low chance of precipitation,1006,10,50,22:00,1,Good,2,Partly Cloudy,A gentle breeze from the south south west,SSW,SSW,South South Westerly,17,11,2023-03-14T09:54:00+00:00,2023-03-14T16:02:32.777Z,2634341,City of Westminster
Partly cloudy and a gentle breeze,2,8,47,32,20,85,2023-03-20,29,Low chance of precipitation,1006,10,50,23:00,1,Good,2,Partly Cloudy,A gentle breeze from the south south west,SSW,SSW,South South Westerly,17,10,2023-03-14T09:54:00+00:00,2023-03-14T16:02:32.777Z,2634341,City of Westminster
Partly cloudy and a gentle breeze,2,9,47,35,22,86,2023-03-21,29,Low chance of precipitation,1005,10,50,00:00,1,Good,2,Partly Cloudy,A gentle breeze from the south south west,SSW,SSW,South South Westerly,17,10,2023-03-14T09:54:00+00:00,2023-03-14T16:02:32.777Z,2634341,City of Westminster
Drizzle and a gentle breeze,38,9,47,37,23,86,2023-03-21,41,Chance of precipitation,1005,10,50,01:00,1,Good,11,Drizzle,A gentle breeze from the south south west,SSW,SSW,South South Westerly,16,10,2023-03-14T09:54:00+00:00,2023-03-14T16:02:32.777Z,2634341,City of Westminster
Drizzle and a gentle breeze,38,8,47,40,25,85,2023-03-21,41,Chance of precipitation,1005,10,50,02:00,1,Good,11,Drizzle,A gentle breeze from the south south west,SSW,SSW,South South Westerly,16,10,2023-03-14T09:54:00+00:00,2023-03-14T16:02:32.777Z,2634341,City of Westminster
Drizzle and a gentle breeze,38,8,46,41,25,87,2023-03-21,41,Chance of precipitation,1004,9,49,03:00,1,Good,11,Drizzle,A gentle breeze from the south south west,SSW,SSW,South South Westerly,15,9,2023-03-14T09:54:00+00:00,2023-03-14T16:02:32.777Z,2634341,City of Westminster
Drizzle and a gentle breeze,38,7,45,42,26,88,2023-03-21,40,Chance of precipitation,1004,9,48,04:00,1,Good,11,Drizzle,A gentle breeze from the south west,SW,SW,South Westerly,15,9,2023-03-14T09:54:00+00:00,2023-03-14T16:02:32.777Z,2634341,City of Westminster
Drizzle and a gentle breeze,38,7,44,42,26,88,2023-03-21,40,Chance of precipitation,1004,9,47,05:00,1,Good,11,Drizzle,A gentle breeze from the south west,SW,SW,South Westerly,16,10,2023-03-14T09:54:00+00:00,2023-03-14T16:02:32.777Z,2634341,City of Westminster
Light rain and a gentle breeze,39,7,45,41,26,84,2023-03-21,40,Chance of precipitation,1004,9,49,06:00,1,Good,12,Light Rain,A gentle breeze from the south west,SW,SW,South Westerly,16,10,2023-03-14T09:54:00+00:00,2023-03-14T16:02:32.777Z,2634341,City of Westminster
Light rain and a gentle breeze,12,7,45,40,25,83,2023-03-21,51,Chance of precipitation,1004,9,48,07:00,1,Good,12,Light Rain,A gentle breeze from the south west,SW,SW,South Westerly,14,9,2023-03-14T09:54:00+00:00,2023-03-14T16:02:32.777Z,2634341,City of Westminster
Light rain and a gentle breeze,12,8,46,40,25,82,2023-03-21,51,Chance of precipitation,1004,9,49,08:00,1,Good,12,Light Rain,A gentle breeze from the south west,SW,SW,South Westerly,16,10,2023-03-14T09:54:00+00:00,2023-03-14T16:02:32.777Z,2634341,City of Westminster
Light rain showers and a gentle breeze,10,7,45,39,24,85,2023-03-21,51,Chance of precipitation,1004,9,48,09:00,1,Good,10,Light Rain Showers,A gentle breeze from the south west,SW,SW,South Westerly,16,10,2023-03-14T09:54:00+00:00,2023-03-14T16:02:32.777Z,2634341,City of Westminster
Light rain showers and a gentle breeze,10,8,47,39,24,79,2023-03-21,61,Chance of precipitation,1004,10,49,10:00,1,Good,10,Light Rain Showers,A gentle breeze from the south west,SW,SW,South Westerly,16,10,2023-03-14T09:54:00+00:00,2023-03-14T16:02:32.777Z,2634341,City of Westminster
Light rain showers and a gentle breeze,10,9,48,38,24,76,2023-03-21,61,Chance of precipitation,1004,10,51,11:00,1,Good,10,Light Rain Showers,A gentle breeze from the south west,SW,SW,South Westerly,14,9,2023-03-14T09:54:00+00:00,2023-03-14T16:02:32.777Z,2634341,City of Westminster
Light rain showers and a gentle breeze,10,10,50,39,24,73,2023-03-21,30,Low chance of precipitation,1004,11,52,12:00,1,Good,10,Light Rain Showers,A gentle breeze from the west south west,WSW,WSW,West South Westerly,14,9,2023-03-14T09:54:00+00:00,2023-03-14T16:02:32.777Z,2634341,City of Westminster
Thick cloud and a gentle breeze,8,10,51,48,30,70,2023-03-21,28,Low chance of precipitation,1004,11,53,13:00,1,Good,8,Thick Cloud,A gentle breeze from the south west,SW,SW,South Westerly,14,9,2023-03-14T09:54:00+00:00,2023-03-14T16:02:32.777Z,2634341,City of Westminster
Light rain showers and a gentle breeze,10,10,51,50,31,70,2023-03-21,31,Chance of precipitation,1003,11,53,14:00,1,Good,10,Light Rain Showers,A gentle breeze from the south west,SW,SW,South Westerly,14,9,2023-03-14T09:54:00+00:00,2023-03-14T16:02:32.777Z,2634341,City of Westminster
Light rain showers and a gentle breeze,10,11,51,52,32,67,2023-03-21,49,Chance of precipitation,1003,12,53,15:00,1,Good,10,Light Rain Showers,A gentle breeze from the south west,SW,SW,South Westerly,14,9,2023-03-14T09:54:00+00:00,2023-03-14T16:02:32.777Z,2634341,City of Westminster
Light rain showers and a gentle breeze,10,10,51,54,34,69,2023-03-21,46,Chance of precipitation,1003,11,53,16:00,1,Good,10,Light Rain Showers,A gentle breeze from the south west,SW,SW,South Westerly,13,8,2023-03-14T09:54:00+00:00,2023-03-14T16:02:32.777Z,2634341,City of Westminster
Light rain showers and light winds,10,10,50,56,35,71,2023-03-21,46,Chance of precipitation,1003,11,51,17:00,1,Moderate,10,Light Rain Showers,Light winds from the south south west,SSW,SSW,South South Westerly,11,7,2023-03-14T09:54:00+00:00,2023-03-14T16:02:32.777Z,2634341,City of Westminster
Drizzle and light winds,11,10,50,59,37,77,2023-03-21,46,Chance of precipitation,1003,10,50,18:00,1,Moderate,11,Drizzle,Light winds from the south,S,S,Southerly,7,5,2023-03-14T09:54:00+00:00,2023-03-14T16:02:32.777Z,2634341,City of Westminster
Drizzle and light winds,38,8,47,62,38,81,2023-03-21,33,Chance of precipitation,1004,9,49,19:00,1,Moderate,11,Drizzle,Light winds from the south,S,S,Southerly,10,6,2023-03-14T09:54:00+00:00,2023-03-14T16:02:32.777Z,2634341,City of Westminster
Gusty winds and drizzle,38,8,46,65,40,84,2023-03-21,33,Chance of precipitation,1004,9,48,20:00,1,Moderate,11,Drizzle,Gusty winds from the south,S,S,Southerly,9,6,2023-03-14T09:54:00+00:00,2023-03-14T16:02:32.777Z,2634341,City of Westminster
Gusty winds and drizzle,38,7,45,65,40,86,2023-03-21,33,Chance of precipitation,1004,9,47,21:00,1,Moderate,11,Drizzle,Gusty winds from the south south east,SSE,SSE,South South Easterly,11,7,2023-03-14T09:54:00+00:00,2023-03-14T16:02:32.777Z,2634341,City of Westminster
Gusty winds and drizzle,38,7,45,65,41,86,2023-03-21,53,Chance of precipitation,1004,9,47,22:00,1,Moderate,11,Drizzle,Gusty winds from the south south east,SSE,SSE,South South Easterly,11,7,2023-03-14T09:54:00+00:00,2023-03-14T16:02:32.777Z,2634341,City of Westminster
Gusty winds and drizzle,38,7,45,65,41,86,2023-03-21,53,Chance of precipitation,1004,9,47,23:00,1,Moderate,11,Drizzle,Gusty winds from the south south east,SSE,SSE,South South Easterly,12,7,2023-03-14T09:54:00+00:00,2023-03-14T16:02:32.777Z,2634341,City of Westminster
Gusty winds and light rain,39,7,44,64,40,88,2023-03-22,53,Chance of precipitation,1004,8,47,00:00,1,Good,12,Light Rain,Gusty winds from the south south east,SSE,SSE,South South Easterly,13,8,2023-03-14T09:54:00+00:00,2023-03-14T16:02:32.777Z,2634341,City of Westminster
Light rain and a gentle breeze,39,6,43,63,39,88,2023-03-22,41,Chance of precipitation,1004,8,47,01:00,1,Good,12,Light Rain,A gentle breeze from the south south east,SSE,SSE,South South Easterly,13,8,2023-03-14T09:54:00+00:00,2023-03-14T16:02:32.777Z,2634341,City of Westminster
Light rain and a gentle breeze,39,6,43,62,39,89,2023-03-22,41,Chance of precipitation,1004,8,46,02:00,1,Good,12,Light Rain,A gentle breeze from the south south east,SSE,SSE,South South Easterly,14,9,2023-03-14T09:54:00+00:00,2023-03-14T16:02:32.777Z,2634341,City of Westminster
Light rain and a gentle breeze,39,6,42,62,38,90,2023-03-22,41,Chance of precipitation,1003,8,46,03:00,1,Good,12,Light Rain,A gentle breeze from the south south east,SSE,SSE,South South Easterly,14,9,2023-03-14T09:54:00+00:00,2023-03-14T16:02:32.777Z,2634341,City of Westminster
Light rain and a gentle breeze,39,5,41,62,38,90,2023-03-22,26,Low chance of precipitation,1003,7,45,04:00,1,Good,12,Light Rain,A gentle breeze from the south south east,SSE,SSE,South South Easterly,14,9,2023-03-14T09:54:00+00:00,2023-03-14T16:02:32.777Z,2634341,City of Westminster
Light rain and a gentle breeze,39,4,40,62,38,92,2023-03-22,26,Low chance of precipitation,1004,7,44,05:00,1,Good,12,Light Rain,A gentle breeze from the south south east,SSE,SSE,South South Easterly,16,10,2023-03-14T09:54:00+00:00,2023-03-14T16:02:32.777Z,2634341,City of Westminster
Light rain and a gentle breeze,12,4,39,61,38,90,2023-03-22,26,Low chance of precipitation,1004,7,44,06:00,1,Moderate,12,Light Rain,A gentle breeze from the south south east,SSE,SSE,South South Easterly,16,10,2023-03-14T16:02:32+00:00,2023-03-14T16:02:32.777Z,2634341,City of Westminster
Light rain and a gentle breeze,12,4,39,61,38,91,2023-03-22,56,Chance of precipitation,1004,7,44,07:00,1,Moderate,12,Light Rain,A gentle breeze from the south east,SE,SE,South Easterly,16,10,2023-03-14T16:02:32+00:00,2023-03-14T16:02:32.777Z,2634341,City of Westminster
Light rain and a gentle breeze,12,4,40,60,37,90,2023-03-22,36,Chance of precipitation,1004,7,44,08:00,1,Moderate,12,Light Rain,A gentle breeze from the south south east,SSE,SSE,South South Easterly,17,11,2023-03-14T16:02:32+00:00,2023-03-14T16:02:32.777Z,2634341,City of Westminster
Light rain and a gentle breeze,12,5,41,61,38,90,2023-03-22,36,Chance of precipitation,1004,7,45,09:00,1,Moderate,12,Light Rain,A gentle breeze from the south south east,SSE,SSE,South South Easterly,17,11,2023-03-14T16:02:32+00:00,2023-03-14T16:02:32.777Z,2634341,City of Westminster
Light rain and a gentle breeze,12,5,42,61,38,84,2023-03-22,43,Chance of precipitation,1004,8,46,10:00,1,Moderate,12,Light Rain,A gentle breeze from the south south east,SSE,SSE,South South Easterly,18,11,2023-03-14T16:02:32+00:00,2023-03-14T16:02:32.777Z,2634341,City of Westminster
Light rain and a gentle breeze,12,6,44,62,38,83,2023-03-22,43,Chance of precipitation,1004,9,47,11:00,1,Moderate,12,Light Rain,A gentle breeze from the south south east,SSE,SSE,South South Easterly,19,12,2023-03-14T16:02:32+00:00,2023-03-14T16:02:32.777Z,2634341,City of Westminster
Light rain showers and a gentle breeze,10,7,45,60,37,81,2023-03-22,38,Chance of precipitation,1004,9,48,12:00,1,Moderate,10,Light Rain Showers,A gentle breeze from the south,S,S,Southerly,19,12,2023-03-14T16:02:32+00:00,2023-03-14T16:02:32.777Z,2634341,City of Westminster
Light rain showers and a gentle breeze,10,8,46,58,36,79,2023-03-22,62,Chance of precipitation,1003,9,49,13:00,1,Moderate,10,Light Rain Showers,A gentle breeze from the south,S,S,Southerly,19,12,2023-03-14T16:02:32+00:00,2023-03-14T16:02:32.777Z,2634341,City of Westminster
Light rain showers and a gentle breeze,10,8,46,55,34,77,2023-03-22,62,Chance of precipitation,1003,10,49,14:00,1,Good,10,Light Rain Showers,A gentle breeze from the south,S,S,Southerly,19,12,2023-03-14T16:02:32+00:00,2023-03-14T16:02:32.777Z,2634341,City of Westminster
Light rain showers and a moderate breeze,10,8,47,55,34,75,2023-03-22,45,Chance of precipitation,1003,10,50,15:00,1,Moderate,10,Light Rain Showers,A moderate breeze from the south south west,SSW,SSW,South South Westerly,20,13,2023-03-14T16:02:32+00:00,2023-03-14T16:02:32.777Z,2634341,City of Westminster
Light rain showers and a gentle breeze,10,8,46,55,34,76,2023-03-22,45,Chance of precipitation,1003,10,49,16:00,1,Good,10,Light Rain Showers,A gentle breeze from the south,S,S,Southerly,19,12,2023-03-14T16:02:32+00:00,2023-03-14T16:02:32.777Z,2634341,City of Westminster
Light rain showers and a gentle breeze,10,7,45,54,34,78,2023-03-22,54,Chance of precipitation,1003,9,48,17:00,1,Good,10,Light Rain Showers,A gentle breeze from the south south east,SSE,SSE,South South Easterly,18,11,2023-03-14T16:02:32+00:00,2023-03-14T16:02:32.777Z,2634341,City of Westminster
Light rain showers and a gentle breeze,10,7,44,54,34,83,2023-03-22,70,Chance of precipitation,1003,8,47,18:00,1,Good,10,Light Rain Showers,A gentle breeze from the south south east,SSE,SSE,South South Easterly,16,10,2023-03-14T16:02:32+00:00,2023-03-14T16:02:32.777Z,2634341,City of Westminster
Light rain showers and a gentle breeze,9,6,43,55,34,86,2023-03-22,41,Chance of precipitation,1003,8,46,19:00,1,Good,9,Light Rain Showers,A gentle breeze from the south south east,SSE,SSE,South South Easterly,16,10,2023-03-14T16:02:32+00:00,2023-03-14T16:02:32.777Z,2634341,City of Westminster
Light rain and a gentle breeze,39,5,41,55,34,90,2023-03-22,39,Chance of precipitation,1004,7,45,20:00,1,Good,12,Light Rain,A gentle breeze from the south east,SE,SE,South Easterly,15,9,2023-03-14T16:02:32+00:00,2023-03-14T16:02:32.777Z,2634341,City of Westminster
Light rain showers and a gentle breeze,9,5,41,53,33,92,2023-03-22,41,Chance of precipitation,1004,7,45,21:00,1,Moderate,9,Light Rain Showers,A gentle breeze from the south east,SE,SE,South Easterly,16,10,2023-03-14T16:02:32+00:00,2023-03-14T16:02:32.777Z,2634341,City of Westminster
Light rain showers and a gentle breeze,9,5,41,51,32,91,2023-03-22,49,Chance of precipitation,1004,7,45,22:00,1,Moderate,9,Light Rain Showers,A gentle breeze from the south east,SE,SE,South Easterly,15,9,2023-03-14T16:02:32+00:00,2023-03-14T16:02:32.777Z,2634341,City of Westminster
Light rain showers and a gentle breeze,9,5,42,49,31,89,2023-03-22,49,Chance of precipitation,1004,8,46,23:00,1,Moderate,9,Light Rain Showers,A gentle breeze from the south east,SE,SE,South Easterly,16,10,2023-03-14T16:02:32+00:00,2023-03-14T16:02:32.777Z,2634341,City of Westminster
Light rain showers and a gentle breeze,9,5,42,50,31,89,2023-03-23,49,Chance of precipitation,1004,8,46,00:00,1,Moderate,9,Light Rain Showers,A gentle breeze from the south east,SE,SE,South Easterly,16,10,2023-03-14T16:02:32+00:00,2023-03-14T16:02:32.777Z,2634341,City of Westminster
Light rain showers and a gentle breeze,9,5,41,51,32,90,2023-03-23,60,Chance of precipitation,1004,7,45,01:00,1,Moderate,9,Light Rain Showers,A gentle breeze from the south east,SE,SE,South Easterly,16,10,2023-03-14T16:02:32+00:00,2023-03-14T16:02:32.777Z,2634341,City of Westminster
Light rain showers and a gentle breeze,9,5,42,52,32,90,2023-03-23,59,Chance of precipitation,1004,7,45,02:00,1,Moderate,9,Light Rain Showers,A gentle breeze from the south east,SE,SE,South Easterly,16,10,2023-03-14T16:02:32+00:00,2023-03-14T16:02:32.777Z,2634341,City of Westminster
Light rain and a gentle breeze,39,5,41,49,30,91,2023-03-23,58,Chance of precipitation,1004,7,45,03:00,1,Moderate,12,Light Rain,A gentle breeze from the south east,SE,SE,South Easterly,16,10,2023-03-14T16:02:32+00:00,2023-03-14T16:02:32.777Z,2634341,City of Westminster
Light rain and a gentle breeze,39,4,39,45,28,91,2023-03-23,35,Chance of precipitation,1004,7,44,04:00,1,Moderate,12,Light Rain,A gentle breeze from the south east,SE,SE,South Easterly,16,10,2023-03-14T16:02:32+00:00,2023-03-14T16:02:32.777Z,2634341,City of Westminster
Light rain and a gentle breeze,39,3,38,42,26,91,2023-03-23,33,Chance of precipitation,1004,6,43,05:00,1,Moderate,12,Light Rain,A gentle breeze from the south east,SE,SE,South Easterly,18,11,2023-03-14T16:02:32+00:00,2023-03-14T16:02:32.777Z,2634341,City of Westminster
Light rain showers and a gentle breeze,10,3,38,43,27,90,2023-03-23,31,Chance of precipitation,1004,6,43,06:00,1,Good,10,Light Rain Showers,A gentle breeze from the south east,SE,SE,South Easterly,18,11,2023-03-14T16:02:32+00:00,2023-03-14T16:02:32.777Z,2634341,City of Westminster
Light rain and a gentle breeze,12,3,38,45,28,90,2023-03-23,32,Chance of precipitation,1004,6,43,07:00,1,Good,12,Light Rain,A gentle breeze from the south south east,SSE,SSE,South South Easterly,17,11,2023-03-14T16:02:32+00:00,2023-03-14T16:02:32.777Z,2634341,City of Westminster
Light rain and a gentle breeze,12,4,39,47,29,87,2023-03-23,30,Low chance of precipitation,1004,7,44,08:00,1,Good,12,Light Rain,A gentle breeze from the south south east,SSE,SSE,South South Easterly,18,11,2023-03-14T16:02:32+00:00,2023-03-14T16:02:32.777Z,2634341,City of Westminster
Sunny intervals and a gentle breeze,3,5,40,48,30,85,2023-03-23,17,Low chance of precipitation,1004,7,45,09:00,1,Good,3,Sunny Intervals,A gentle breeze from the south south east,SSE,SSE,South South Easterly,19,12,2023-03-14T16:02:32+00:00,2023-03-14T16:02:32.777Z,2634341,City of Westminster
Sunny intervals and a moderate breeze,3,5,42,49,30,78,2023-03-23,22,Low chance of precipitation,1004,8,47,10:00,1,Good,3,Sunny Intervals,A moderate breeze from the south,S,S,Southerly,21,13,2023-03-14T16:02:32+00:00,2023-03-14T16:02:32.777Z,2634341,City of Westminster
Sunny intervals and a moderate breeze,3,7,44,50,31,73,2023-03-23,28,Low chance of precipitation,1004,9,48,11:00,1,Good,3,Sunny Intervals,A moderate breeze from the south,S,S,Southerly,22,14,2023-03-14T16:02:32+00:00,2023-03-14T16:02:32.777Z,2634341,City of Westminster
Light rain and a moderate breeze,12,7,45,51,32,69,2023-03-23,26,Low chance of precipitation,1004,10,50,12:00,1,Good,12,Light Rain,A moderate breeze from the south south west,SSW,SSW,South South Westerly,23,14,2023-03-14T16:02:32+00:00,2023-03-14T16:02:32.777Z,2634341,City of Westminster
Light rain and a moderate breeze,12,8,46,52,33,67,2023-03-23,29,Low chance of precipitation,1003,10,50,13:00,1,Good,12,Light Rain,A moderate breeze from the south south west,SSW,SSW,South South Westerly,23,15,2023-03-14T16:02:32+00:00,2023-03-14T16:02:32.777Z,2634341,City of Westminster
Light rain and a moderate breeze,12,8,47,53,33,66,2023-03-23,29,Low chance of precipitation,1003,10,51,14:00,1,Good,12,Light Rain,A moderate breeze from the south south west,SSW,SSW,South South Westerly,23,14,2023-03-14T16:02:32+00:00,2023-03-14T16:02:32.777Z,2634341,City of Westminster
Light rain and a moderate breeze,12,9,48,52,33,63,2023-03-23,29,Low chance of precipitation,1003,11,51,15:00,1,Good,12,Light Rain,A moderate breeze from the south south west,SSW,SSW,South South Westerly,24,15,2023-03-14T16:02:32+00:00,2023-03-14T16:02:32.777Z,2634341,City of Westminster
Light rain and a moderate breeze,12,8,47,52,32,65,2023-03-23,35,Chance of precipitation,1003,11,51,16:00,1,Good,12,Light Rain,A moderate breeze from the south south west,SSW,SSW,South South Westerly,22,14,2023-03-14T16:02:32+00:00,2023-03-14T16:02:32.777Z,2634341,City of Westminster
Light rain and a gentle breeze,12,8,46,51,32,68,2023-03-23,35,Chance of precipitation,1003,10,50,17:00,1,Good,12,Light Rain,A gentle breeze from the south,S,S,Southerly,19,12,2023-03-14T16:02:32+00:00,2023-03-14T16:02:32.777Z,2634341,City of Westminster
Drizzle and a gentle breeze,11,7,45,45,28,75,2023-03-23,35,Chance of precipitation,1003,9,48,18:00,1,Good,11,Drizzle,A gentle breeze from the south,S,S,Southerly,15,9,2023-03-14T16:02:32+00:00,2023-03-14T16:02:32.777Z,2634341,City of Westminster
Partly cloudy and a gentle breeze,2,6,43,40,25,80,2023-03-23,0,Precipitation is not expected,1003,8,47,19:00,1,Good,2,Partly Cloudy,A gentle breeze from the south,S,S,Southerly,16,10,2023-03-14T16:02:32+00:00,2023-03-14T16:02:32.777Z,2634341,City of Westminster
A clear sky and a gentle breeze,0,5,42,34,21,85,2023-03-23,0,Precipitation is not expected,1003,7,45,20:00,1,Good,0,Clear Sky,A gentle breeze from the south,S,S,Southerly,14,9,2023-03-14T16:02:32+00:00,2023-03-14T16:02:32.777Z,2634341,City of Westminster
A clear sky and a gentle breeze,0,5,41,29,18,86,2023-03-23,0,Precipitation is not expected,1003,7,45,21:00,1,Good,0,Clear Sky,A gentle breeze from the south,S,S,Southerly,15,9,2023-03-14T16:02:32+00:00,2023-03-14T16:02:32.777Z,2634341,City of Westminster
A clear sky and a gentle breeze,0,5,41,23,14,87,2023-03-23,0,Precipitation is not expected,1003,7,45,22:00,1,Good,0,Clear Sky,A gentle breeze from the south,S,S,Southerly,14,9,2023-03-14T16:02:32+00:00,2023-03-14T16:02:32.777Z,2634341,City of Westminster
A clear sky and a gentle breeze,0,5,41,17,11,87,2023-03-23,0,Precipitation is not expected,1003,7,45,23:00,1,Good,0,Clear Sky,A gentle breeze from the south,S,S,Southerly,13,8,2023-03-14T16:02:32+00:00,2023-03-14T16:02:32.777Z,2634341,City of Westminster
Light rain showers and a gentle breeze,9,5,41,16,10,89,2023-03-24,0,Precipitation is not expected,1003,7,45,00:00,1,Good,9,Light Rain Showers,A gentle breeze from the south south east,SSE,SSE,South South Easterly,13,8,2023-03-14T16:02:32+00:00,2023-03-14T16:02:32.777Z,2634341,City of Westminster
Light rain showers and a gentle breeze,9,5,41,16,10,89,2023-03-24,16,Low chance of precipitation,1003,7,45,01:00,1,Moderate,9,Light Rain Showers,A gentle breeze from the south south east,SSE,SSE,South South Easterly,13,8,2023-03-14T16:02:32+00:00,2023-03-14T16:02:32.777Z,2634341,City of Westminster
Light rain showers and a gentle breeze,9,5,41,15,9,91,2023-03-24,17,Low chance of precipitation,1003,7,44,02:00,1,Moderate,9,Light Rain Showers,A gentle breeze from the south south east,SSE,SSE,South South Easterly,13,8,2023-03-14T16:02:32+00:00,2023-03-14T16:02:32.777Z,2634341,City of Westminster
Light rain and a gentle breeze,39,5,40,16,10,92,2023-03-24,17,Low chance of precipitation,1003,7,44,03:00,1,Moderate,12,Light Rain,A gentle breeze from the south south east,SSE,SSE,South South Easterly,13,8,2023-03-14T16:02:32+00:00,2023-03-14T16:02:32.777Z,2634341,City of Westminster
Light rain and a gentle breeze,39,4,39,18,11,93,2023-03-24,18,Low chance of precipitation,1003,6,43,04:00,1,Moderate,12,Light Rain,A gentle breeze from the south south east,SSE,SSE,South South Easterly,14,9,2023-03-14T16:02:32+00:00,2023-03-14T16:02:32.777Z,2634341,City of Westminster
Light rain and a gentle breeze,39,3,38,19,12,94,2023-03-24,18,Low chance of precipitation,1003,6,43,05:00,1,Moderate,12,Light Rain,A gentle breeze from the south south east,SSE,SSE,South South Easterly,16,10,2023-03-14T16:02:32+00:00,2023-03-14T16:02:32.777Z,2634341,City of Westminster
Sunny and a gentle breeze,1,3,38,20,12,94,2023-03-24,13,Low chance of precipitation,1002,6,43,06:00,1,Moderate,1,Sunny,A gentle breeze from the south south east,SSE,SSE,South South Easterly,17,10,2023-03-14T16:02:32+00:00,2023-03-14T16:02:32.777Z,2634341,City of Westminster
Sunny and a gentle breeze,1,3,38,21,13,92,2023-03-24,16,Low chance of precipitation,1003,6,43,07:00,1,Good,1,Sunny,A gentle breeze from the south south east,SSE,SSE,South South Easterly,17,11,2023-03-14T16:02:32+00:00,2023-03-14T16:02:32.777Z,2634341,City of Westminster
Sunny intervals and a gentle breeze,3,4,40,23,14,89,2023-03-24,16,Low chance of precipitation,1003,7,44,08:00,1,Good,3,Sunny Intervals,A gentle breeze from the south south east,SSE,SSE,South South Easterly,19,12,2023-03-14T16:02:32+00:00,2023-03-14T16:02:32.777Z,2634341,City of Westminster
Sunny intervals and a gentle breeze,3,5,41,25,16,87,2023-03-24,16,Low chance of precipitation,1003,7,45,09:00,1,Good,3,Sunny Intervals,A gentle breeze from the south south east,SSE,SSE,South South Easterly,20,12,2023-03-14T16:02:32+00:00,2023-03-14T16:02:32.777Z,2634341,City of Westminster
Drizzle and a moderate breeze,11,6,43,29,18,81,2023-03-24,32,Chance of precipitation,1003,8,47,10:00,1,Good,11,Drizzle,A moderate breeze from the south,S,S,Southerly,21,13,2023-03-14T16:02:32+00:00,2023-03-14T16:02:32.777Z,2634341,City of Westminster
Light rain showers and a moderate breeze,10,7,45,32,20,78,2023-03-24,32,Chance of precipitation,1004,9,49,11:00,1,Good,10,Light Rain Showers,A moderate breeze from the south,S,S,Southerly,22,14,2023-03-14T16:02:32+00:00,2023-03-14T16:02:32.777Z,2634341,City of Westminster
Drizzle and a moderate breeze,11,8,47,33,20,75,2023-03-24,32,Chance of precipitation,1004,10,50,12:00,1,Good,11,Drizzle,A moderate breeze from the south south west,SSW,SSW,South South Westerly,23,15,2023-03-14T16:02:32+00:00,2023-03-14T16:02:32.777Z,2634341,City of Westminster
Thick cloud and a moderate breeze,8,9,48,33,21,73,2023-03-24,23,Low chance of precipitation,1004,11,51,13:00,1,Good,8,Thick Cloud,A moderate breeze from the south south west,SSW,SSW,South South Westerly,23,14,2023-03-14T16:02:32+00:00,2023-03-14T16:02:32.777Z,2634341,City of Westminster
Thick cloud and a moderate breeze,8,9,48,34,21,73,2023-03-24,23,Low chance of precipitation,1004,11,51,14:00,1,Good,8,Thick Cloud,A moderate breeze from the south south west,SSW,SSW,South South Westerly,23,14,2023-03-14T16:02:32+00:00,2023-03-14T16:02:32.777Z,2634341,City of Westminster
Thick cloud and a moderate breeze,8,9,48,31,19,71,2023-03-24,23,Low chance of precipitation,1004,11,51,15:00,1,Good,8,Thick Cloud,A moderate breeze from the south south west,SSW,SSW,South South Westerly,23,15,2023-03-14T16:02:32+00:00,2023-03-14T16:02:32.777Z,2634341,City of Westminster
Thick cloud and a moderate breeze,8,9,48,28,18,72,2023-03-24,22,Low chance of precipitation,1004,11,51,16:00,1,Good,8,Thick Cloud,A moderate breeze from the south south west,SSW,SSW,South South Westerly,22,14,2023-03-14T16:02:32+00:00,2023-03-14T16:02:32.777Z,2634341,City of Westminster
Light cloud and a gentle breeze,7,8,47,25,16,74,2023-03-24,22,Low chance of precipitation,1004,10,50,17:00,1,Good,7,Light Cloud,A gentle breeze from the south,S,S,Southerly,19,12,2023-03-14T16:02:32+00:00,2023-03-14T16:02:32.777Z,2634341,City of Westminster
Sunny intervals and light winds,3,9,47,26,16,79,2023-03-24,22,Low chance of precipitation,1004,10,49,18:00,1,Good,3,Sunny Intervals,Light winds from the south,S,S,Southerly,10,6,2023-03-14T16:02:32+00:00,2023-03-14T16:02:32.777Z,2634341,City of Westminster
Light cloud and a gentle breeze,36,7,45,27,17,82,2023-03-24,10,Low chance of precipitation,1004,9,48,19:00,1,Good,7,Light Cloud,A gentle breeze from the south,S,S,Southerly,15,9,2023-03-14T16:02:32+00:00,2023-03-14T16:02:32.777Z,2634341,City of Westminster
Thick cloud and a gentle breeze,37,7,44,28,18,87,2023-03-24,10,Low chance of precipitation,1004,8,47,20:00,1,Good,8,Thick Cloud,A gentle breeze from the south,S,S,Southerly,14,9,2023-03-14T16:02:32+00:00,2023-03-14T16:02:32.777Z,2634341,City of Westminster
Thick cloud and a gentle breeze,37,6,43,30,19,87,2023-03-24,10,Low chance of precipitation,1005,8,47,21:00,1,Good,8,Thick Cloud,A gentle breeze from the south,S,S,Southerly,15,9,2023-03-14T16:02:32+00:00,2023-03-14T16:02:32.777Z,2634341,City of Westminster
Drizzle and a gentle breeze,38,6,43,32,20,87,2023-03-24,36,Chance of precipitation,1005,8,47,22:00,1,Good,11,Drizzle,A gentle breeze from the south,S,S,Southerly,16,10,2023-03-14T16:02:32+00:00,2023-03-14T16:02:32.777Z,2634341,City of Westminster
Drizzle and a gentle breeze,38,6,43,35,22,87,2023-03-24,36,Chance of precipitation,1005,8,47,23:00,1,Good,11,Drizzle,A gentle breeze from the south,S,S,Southerly,16,10,2023-03-14T16:02:32+00:00,2023-03-14T16:02:32.777Z,2634341,City of Westminster
Light rain showers and a gentle breeze,9,6,43,37,23,87,2023-03-25,36,Chance of precipitation,1006,8,47,00:00,1,Good,9,Light Rain Showers,A gentle breeze from the south,S,S,Southerly,18,11,2023-03-14T16:02:32+00:00,2023-03-14T16:02:32.777Z,2634341,City of Westminster
Light rain showers and a gentle breeze,9,6,42,40,25,88,2023-03-25,28,Low chance of precipitation,1006,8,46,01:00,1,Good,9,Light Rain Showers,A gentle breeze from the south,S,S,Southerly,17,11,2023-03-14T16:02:32+00:00,2023-03-14T16:02:32.777Z,2634341,City of Westminster
Light rain showers and a gentle breeze,9,6,42,42,26,89,2023-03-25,28,Low chance of precipitation,1006,8,46,02:00,1,Good,9,Light Rain Showers,A gentle breeze from the south,S,S,Southerly,16,10,2023-03-14T16:02:32+00:00,2023-03-14T16:02:32.777Z,2634341,City of Westminster
Drizzle and a gentle breeze,38,5,41,43,27,91,2023-03-25,35,Chance of precipitation,1006,7,45,03:00,1,Good,11,Drizzle,A gentle breeze from the south south west,SSW,SSW,South South Westerly,17,10,2023-03-14T16:02:32+00:00,2023-03-14T16:02:32.777Z,2634341,City of Westminster
Light rain showers and a gentle breeze,9,4,40,44,27,92,2023-03-25,28,Low chance of precipitation,1006,7,44,04:00,1,Good,9,Light Rain Showers,A gentle breeze from the south south west,SSW,SSW,South South Westerly,18,11,2023-03-14T16:02:32+00:00,2023-03-14T16:02:32.777Z,2634341,City of Westminster
Light rain showers and a moderate breeze,9,4,39,44,27,93,2023-03-25,29,Low chance of precipitation,1006,7,44,05:00,1,Good,9,Light Rain Showers,A moderate breeze from the south south west,SSW,SSW,South South Westerly,20,13,2023-03-14T16:02:32+00:00,2023-03-14T16:02:32.777Z,2634341,City of Westminster
Light rain showers and a moderate breeze,10,4,39,42,26,93,2023-03-25,32,Chance of precipitation,1006,7,44,06:00,1,Good,10,Light Rain Showers,A moderate breeze from the south south west,SSW,SSW,South South Westerly,20,13,2023-03-14T16:02:32+00:00,2023-03-14T16:02:32.777Z,2634341,City of Westminster
Light rain showers and a gentle breeze,10,4,39,41,26,92,2023-03-25,42,Chance of precipitation,1006,7,44,07:00,1,Good,10,Light Rain Showers,A gentle breeze from the south south west,SSW,SSW,South South Westerly,19,12,2023-03-14T16:02:32+00:00,2023-03-14T16:02:32.777Z,2634341,City of Westminster
Light rain showers and a gentle breeze,10,4,40,40,25,90,2023-03-25,41,Chance of precipitation,1006,7,45,08:00,1,Moderate,10,Light Rain Showers,A gentle breeze from the south south west,SSW,SSW,South South Westerly,20,12,2023-03-14T16:02:32+00:00,2023-03-14T16:02:32.777Z,2634341,City of Westminster
Light rain showers and a moderate breeze,10,5,41,39,24,88,2023-03-25,38,Chance of precipitation,1006,7,45,09:00,1,Moderate,10,Light Rain Showers,A moderate breeze from the south south west,SSW,SSW,South South Westerly,20,13,2023-03-14T16:02:32+00:00,2023-03-14T16:02:32.777Z,2634341,City of Westminster
Thick cloud and a moderate breeze,8,6,42,37,23,82,2023-03-25,23,Low chance of precipitation,1006,8,47,10:00,1,Good,8,Thick Cloud,A moderate breeze from the south south west,SSW,SSW,South South Westerly,22,14,2023-03-14T16:02:32+00:00,2023-03-14T16:02:32.777Z,2634341,City of Westminster
Light cloud and a moderate breeze,7,7,45,36,23,78,2023-03-25,21,Low chance of precipitation,1006,9,49,11:00,1,Good,7,Light Cloud,A moderate breeze from the south south west,SSW,SSW,South South Westerly,22,14,2023-03-14T16:02:32+00:00,2023-03-14T16:02:32.777Z,2634341,City of Westminster
Light rain showers and a gentle breeze,10,8,47,35,22,75,2023-03-25,16,Low chance of precipitation,1006,10,50,12:00,1,Good,10,Light Rain Showers,A gentle breeze from the south west,SW,SW,South Westerly,19,12,2023-03-14T16:02:32+00:00,2023-03-14T16:02:32.777Z,2634341,City of Westminster
Light rain showers and a gentle breeze,10,9,48,34,21,73,2023-03-25,14,Low chance of precipitation,1006,11,51,13:00,1,Good,10,Light Rain Showers,A gentle breeze from the south west,SW,SW,South Westerly,18,11,2023-03-14T16:02:32+00:00,2023-03-14T16:02:32.777Z,2634341,City of Westminster
Light rain showers and a gentle breeze,10,9,48,34,21,70,2023-03-25,11,Low chance of precipitation,1006,11,51,14:00,1,Good,10,Light Rain Showers,A gentle breeze from the south south west,SSW,SSW,South South Westerly,18,11,2023-03-14T16:02:32+00:00,2023-03-14T16:02:32.777Z,2634341,City of Westminster
Light rain showers and a gentle breeze,10,9,49,37,23,67,2023-03-25,9,Low chance of precipitation,1006,11,52,15:00,1,Good,10,Light Rain Showers,A gentle breeze from the south south west,SSW,SSW,South South Westerly,19,12,2023-03-14T16:02:32+00:00,2023-03-14T16:02:32.777Z,2634341,City of Westminster
Light rain showers and a gentle breeze,10,9,48,41,25,70,2023-03-25,17,Low chance of precipitation,1006,11,51,16:00,1,Good,10,Light Rain Showers,A gentle breeze from the south south west,SSW,SSW,South South Westerly,18,11,2023-03-14T16:02:32+00:00,2023-03-14T16:02:32.777Z,2634341,City of Westminster
Light rain showers and a gentle breeze,10,8,47,45,28,72,2023-03-25,24,Low chance of precipitation,1006,10,50,17:00,1,Good,10,Light Rain Showers,A gentle breeze from the south south west,SSW,SSW,South South Westerly,17,11,2023-03-14T16:02:32+00:00,2023-03-14T16:02:32.777Z,2634341,City of Westminster
Sunny intervals and a gentle breeze,3,7,45,45,28,78,2023-03-25,55,Chance of precipitation,1006,9,49,18:00,1,Good,3,Sunny Intervals,A gentle breeze from the south,S,S,Southerly,16,10,2023-03-14T16:02:32+00:00,2023-03-14T16:02:32.777Z,2634341,City of Westminster
Partly cloudy and a gentle breeze,2,7,44,45,28,81,2023-03-25,18,Low chance of precipitation,1007,9,47,19:00,1,Good,2,Partly Cloudy,A gentle breeze from the south,S,S,Southerly,15,9,2023-03-14T16:02:32+00:00,2023-03-14T16:02:32.777Z,2634341,City of Westminster
Partly cloudy and a gentle breeze,2,6,42,45,28,87,2023-03-25,18,Low chance of precipitation,1007,8,46,20:00,1,Good,2,Partly Cloudy,A gentle breeze from the south,S,S,Southerly,14,9,2023-03-14T16:02:32+00:00,2023-03-14T16:02:32.777Z,2634341,City of Westminster
Partly cloudy and a gentle breeze,2,5,42,42,26,89,2023-03-25,18,Low chance of precipitation,1008,7,45,21:00,1,Good,2,Partly Cloudy,A gentle breeze from the south,S,S,Southerly,14,9,2023-03-14T16:02:32+00:00,2023-03-14T16:02:32.777Z,2634341,City of Westminster
Partly cloudy and a gentle breeze,2,5,41,39,24,90,2023-03-25,0,Precipitation is not expected,1008,7,45,22:00,1,Good,2,Partly Cloudy,A gentle breeze from the south,S,S,Southerly,13,8,2023-03-14T16:02:32+00:00,2023-03-14T16:02:32.777Z,2634341,City of Westminster
A clear sky and a gentle breeze,0,5,41,36,22,89,2023-03-25,0,Precipitation is not expected,1008,7,45,23:00,1,Good,0,Clear Sky,A gentle breeze from the south,S,S,Southerly,13,8,2023-03-14T16:02:32+00:00,2023-03-14T16:02:32.777Z,2634341,City of Westminster
A clear sky and a gentle breeze,0,5,41,32,20,90,2023-03-26,0,Precipitation is not expected,1009,7,45,00:00,1,Good,0,Clear Sky,A gentle breeze from the south,S,S,Southerly,13,8,2023-03-14T16:02:32+00:00,2023-03-14T16:02:32.777Z,2634341,City of Westminster
A clear sky and a gentle breeze,0,5,41,29,18,90,2023-03-26,17,Low chance of precipitation,1009,7,44,02:00,1,Good,0,Clear Sky,A gentle breeze from the south,S,S,Southerly,13,8,2023-03-14T16:02:32+00:00,2023-03-14T16:02:32.777Z,2634341,City of Westminster
A clear sky and a gentle breeze,0,5,40,25,16,91,2023-03-26,9,Low chance of precipitation,1009,7,44,03:00,1,Good,0,Clear Sky,A gentle breeze from the south south west,SSW,SSW,South South Westerly,13,8,2023-03-14T16:02:32+00:00,2023-03-14T16:02:32.777Z,2634341,City of Westminster
A clear sky and a gentle breeze,0,4,39,24,15,92,2023-03-26,17,Low chance of precipitation,1009,6,43,04:00,1,Good,0,Clear Sky,A gentle breeze from the south west,SW,SW,South Westerly,13,8,2023-03-14T16:02:32+00:00,2023-03-14T16:02:32.777Z,2634341,City of Westminster
A clear sky and a gentle breeze,0,3,38,23,14,93,2023-03-26,10,Low chance of precipitation,1009,6,42,05:00,1,Good,0,Clear Sky,A gentle breeze from the south west,SW,SW,South Westerly,13,8,2023-03-14T16:02:32+00:00,2023-03-14T16:02:32.777Z,2634341,City of Westminster
A clear sky and a gentle breeze,0,3,37,22,14,93,2023-03-26,17,Low chance of precipitation,1009,5,42,06:00,1,Good,0,Clear Sky,A gentle breeze from the south west,SW,SW,South Westerly,14,9,2023-03-14T16:02:32+00:00,2023-03-14T16:02:32.777Z,2634341,City of Westminster
Sunny and a gentle breeze,1,3,37,20,13,93,2023-03-26,17,Low chance of precipitation,1009,5,41,07:00,1,Good,1,Sunny,A gentle breeze from the south west,SW,SW,South Westerly,14,9,2023-03-14T16:02:32+00:00,2023-03-14T16:02:32.777Z,2634341,City of Westminster
Sunny and a gentle breeze,1,3,37,19,12,91,2023-03-26,14,Low chance of precipitation,1009,6,42,08:00,1,Good,1,Sunny,A gentle breeze from the south west,SW,SW,South Westerly,14,9,2023-03-14T16:02:32+00:00,2023-03-14T16:02:32.777Z,2634341,City of Westminster
Sunny intervals and a gentle breeze,3,4,39,19,12,88,2023-03-26,14,Low chance of precipitation,1009,6,43,09:00,1,Good,3,Sunny Intervals,A gentle breeze from the south west,SW,SW,South Westerly,16,10,2023-03-14T16:02:32+00:00,2023-03-14T16:02:32.777Z,2634341,City of Westminster
Light rain and a gentle breeze,12,5,40,21,13,85,2023-03-26,14,Low chance of precipitation,1009,7,45,10:00,1,Good,12,Light Rain,A gentle breeze from the south west,SW,SW,South Westerly,17,11,2023-03-14T16:02:32+00:00,2023-03-14T16:02:32.777Z,2634341,City of Westminster
Light rain and a gentle breeze,12,5,42,22,14,79,2023-03-26,17,Low chance of precipitation,1009,8,46,11:00,1,Good,12,Light Rain,A gentle breeze from the south west,SW,SW,South Westerly,19,12,2023-03-14T16:02:32+00:00,2023-03-14T16:02:32.777Z,2634341,City of Westminster
Light rain and a gentle breeze,12,7,44,23,15,76,2023-03-26,17,Low chance of precipitation,1009,9,48,12:00,1,Good,12,Light Rain,A gentle breeze from the south west,SW,SW,South Westerly,19,12,2023-03-14T16:02:32+00:00,2023-03-14T16:02:32.777Z,2634341,City of Westminster
Thick cloud and a moderate breeze,8,8,46,23,14,73,2023-03-26,17,Low chance of precipitation,1009,10,49,13:00,1,Good,8,Thick Cloud,A moderate breeze from the south west,SW,SW,South Westerly,21,13,2023-03-14T16:02:32+00:00,2023-03-14T16:02:32.777Z,2634341,City of Westminster
Thick cloud and a moderate breeze,8,8,47,23,14,71,2023-03-26,30,Low chance of precipitation,1009,10,50,14:00,1,Good,8,Thick Cloud,A moderate breeze from the south west,SW,SW,South Westerly,20,13,2023-03-14T16:02:32+00:00,2023-03-14T16:02:32.777Z,2634341,City of Westminster
Thick cloud and a moderate breeze,8,8,47,24,15,71,2023-03-26,30,Low chance of precipitation,1009,10,50,15:00,1,Good,8,Thick Cloud,A moderate breeze from the south west,SW,SW,South Westerly,20,13,2023-03-14T16:02:32+00:00,2023-03-14T16:02:32.777Z,2634341,City of Westminster
Thick cloud and a moderate breeze,8,9,47,26,16,68,2023-03-26,30,Low chance of precipitation,1008,11,51,16:00,1,Moderate,8,Thick Cloud,A moderate breeze from the south west,SW,SW,South Westerly,21,13,2023-03-14T16:02:32+00:00,2023-03-14T16:02:32.777Z,2634341,City of Westminster
Drizzle and a gentle breeze,11,8,47,29,18,71,2023-03-26,58,Chance of precipitation,1008,10,50,17:00,1,Moderate,11,Drizzle,A gentle breeze from the south west,SW,SW,South Westerly,20,12,2023-03-14T16:02:32+00:00,2023-03-14T16:02:32.777Z,2634341,City of Westminster
Drizzle and a gentle breeze,11,8,46,32,20,74,2023-03-26,58,Chance of precipitation,1008,10,49,18:00,1,Moderate,11,Drizzle,A gentle breeze from the south south west,SSW,SSW,South South Westerly,19,12,2023-03-14T16:02:32+00:00,2023-03-14T16:02:32.777Z,2634341,City of Westminster
Light rain showers and a gentle breeze,10,7,44,32,20,81,2023-03-26,58,Chance of precipitation,1008,9,48,19:00,1,Moderate,10,Light Rain Showers,A gentle breeze from the south south west,SSW,SSW,South South Westerly,16,10,2023-03-14T16:02:32+00:00,2023-03-14T16:02:32.777Z,2634341,City of Westminster
Light rain and a gentle breeze,39,6,43,32,20,84,2023-03-26,67,Chance of precipitation,1009,8,47,20:00,1,Moderate,12,Light Rain,A gentle breeze from the south south west,SSW,SSW,South South Westerly,15,9,2023-03-14T16:02:32+00:00,2023-03-14T16:02:32.777Z,2634341,City of Westminster
Light rain showers and a gentle breeze,9,5,42,33,21,90,2023-03-26,67,Chance of precipitation,1009,7,45,21:00,1,Moderate,9,Light Rain Showers,A gentle breeze from the south south west,SSW,SSW,South South Westerly,14,9,2023-03-14T16:02:32+00:00,2023-03-14T16:02:32.777Z,2634341,City of Westminster
Thick cloud and a gentle breeze,37,5,41,28,18,91,2023-03-26,44,Chance of precipitation,1009,7,45,22:00,1,Moderate,8,Thick Cloud,A gentle breeze from the south south west,SSW,SSW,South South Westerly,14,9,2023-03-14T16:02:32+00:00,2023-03-14T16:02:32.777Z,2634341,City of Westminster
Light rain and a gentle breeze,39,5,41,23,15,91,2023-03-26,53,Chance of precipitation,1009,7,45,23:00,1,Moderate,12,Light Rain,A gentle breeze from the south south west,SSW,SSW,South South Westerly,13,8,2023-03-14T16:02:32+00:00,2023-03-14T16:02:32.777Z,2634341,City of Westminster
Light rain and a gentle breeze,39,5,42,18,11,90,2023-03-27,53,Chance of precipitation,1009,7,45,00:00,1,Moderate,12,Light Rain,A gentle breeze from the south,S,S,Southerly,12,8,2023-03-14T16:02:32+00:00,2023-03-14T16:02:32.777Z,2634341,City of Westminster
Drizzle and light winds,38,6,42,20,13,91,2023-03-27,58,Chance of precipitation,1009,7,45,01:00,1,Good,11,Drizzle,Light winds from the south,S,S,Southerly,12,7,2023-03-14T16:02:32+00:00,2023-03-14T16:02:32.777Z,2634341,City of Westminster
Light rain and light winds,39,5,41,22,14,91,2023-03-27,46,Chance of precipitation,1009,7,45,02:00,1,Good,12,Light Rain,Light winds from the south,S,S,Southerly,12,7,2023-03-14T16:02:32+00:00,2023-03-14T16:02:32.777Z,2634341,City of Westminster
Drizzle and a gentle breeze,38,5,41,23,14,91,2023-03-27,51,Chance of precipitation,1009,7,45,03:00,1,Good,11,Drizzle,A gentle breeze from the south,S,S,Southerly,12,8,2023-03-14T16:02:32+00:00,2023-03-14T16:02:32.777Z,2634341,City of Westminster
Light rain and a gentle breeze,39,5,40,31,19,93,2023-03-27,46,Chance of precipitation,1009,7,44,04:00,1,Moderate,12,Light Rain,A gentle breeze from the south south west,SSW,SSW,South South Westerly,13,8,2023-03-14T16:02:32+00:00,2023-03-14T16:02:32.777Z,2634341,City of Westminster
Light rain and a gentle breeze,39,3,38,39,24,95,2023-03-27,66,Chance of precipitation,1009,6,43,05:00,1,Moderate,12,Light Rain,A gentle breeze from the south south west,SSW,SSW,South South Westerly,15,9,2023-03-14T16:02:32+00:00,2023-03-14T16:02:32.777Z,2634341,City of Westminster
Drizzle and a gentle breeze,38,3,37,47,29,95,2023-03-27,99,Precipitation is expected,1009,6,42,06:00,1,Poor,11,Drizzle,A gentle breeze from the south,S,S,Southerly,18,11,2023-03-14T16:02:32+00:00,2023-03-14T16:02:32.777Z,2634341,City of Westminster
Light rain showers and a gentle breeze,10,2,36,46,28,95,2023-03-27,47,Chance of precipitation,1009,5,41,07:00,1,Very Poor,10,Light Rain Showers,A gentle breeze from the south,S,S,Southerly,20,12,2023-03-14T16:02:32+00:00,2023-03-14T16:02:32.777Z,2634341,City of Westminster
Drizzle and a gentle breeze,11,2,36,44,28,94,2023-03-27,62,Chance of precipitation,1008,5,42,08:00,1,Moderate,11,Drizzle,A gentle breeze from the south,S,S,Southerly,20,12,2023-03-14T16:02:32+00:00,2023-03-14T16:02:32.777Z,2634341,City of Westminster
Light rain showers and a moderate breeze,10,3,37,43,27,93,2023-03-27,36,Chance of precipitation,1008,6,43,09:00,1,Moderate,10,Light Rain Showers,A moderate breeze from the south south west,SSW,SSW,South South Westerly,21,13,2023-03-14T16:02:32+00:00,2023-03-14T16:02:32.777Z,2634341,City of Westminster
Light rain and a moderate breeze,12,3,38,43,27,91,2023-03-27,44,Chance of precipitation,1008,6,43,10:00,1,Good,12,Light Rain,A moderate breeze from the south south west,SSW,SSW,South South Westerly,22,14,2023-03-14T16:02:32+00:00,2023-03-14T16:02:32.777Z,2634341,City of Westminster
Light rain and a moderate breeze,12,4,40,43,27,84,2023-03-27,46,Chance of precipitation,1008,7,45,11:00,1,Good,12,Light Rain,A moderate breeze from the south south west,SSW,SSW,South South Westerly,23,14,2023-03-14T16:02:32+00:00,2023-03-14T16:02:32.777Z,2634341,City of Westminster
Light rain and a moderate breeze,12,6,42,43,27,80,2023-03-27,46,Chance of precipitation,1008,8,47,12:00,1,Good,12,Light Rain,A moderate breeze from the south west,SW,SW,South Westerly,23,14,2023-03-14T16:02:32+00:00,2023-03-14T16:02:32.777Z,2634341,City of Westminster
Light rain and a moderate breeze,12,7,44,44,27,76,2023-03-27,46,Chance of precipitation,1008,9,49,13:00,1,Good,12,Light Rain,A moderate breeze from the south west,SW,SW,South Westerly,23,15,2023-03-14T16:02:32+00:00,2023-03-14T16:02:32.777Z,2634341,City of Westminster
Light rain and a moderate breeze,12,7,45,44,28,74,2023-03-27,53,Chance of precipitation,1008,10,49,14:00,1,Good,12,Light Rain,A moderate breeze from the south west,SW,SW,South Westerly,23,14,2023-03-14T16:02:32+00:00,2023-03-14T16:02:32.777Z,2634341,City of Westminster
Light rain and a moderate breeze,12,7,45,45,28,72,2023-03-27,53,Chance of precipitation,1008,10,49,15:00,1,Good,12,Light Rain,A moderate breeze from the south west,SW,SW,South Westerly,23,14,2023-03-14T16:02:32+00:00,2023-03-14T16:02:32.777Z,2634341,City of Westminster
Light rain and a moderate breeze,12,8,46,45,28,69,2023-03-27,53,Chance of precipitation,1008,10,50,16:00,1,Good,12,Light Rain,A moderate breeze from the south west,SW,SW,South Westerly,23,14,2023-03-14T16:02:32+00:00,2023-03-14T16:02:32.777Z,2634341,City of Westminster
Light rain and a moderate breeze,12,7,46,45,28,72,2023-03-27,43,Chance of precipitation,1008,10,49,17:00,1,Good,12,Light Rain,A moderate breeze from the south west,SW,SW,South Westerly,21,13,2023-03-14T16:02:32+00:00,2023-03-14T16:02:32.777Z,2634341,City of Westminster
Light rain and a gentle breeze,12,7,44,45,28,74,2023-03-27,43,Chance of precipitation,1008,9,48,18:00,1,Good,12,Light Rain,A gentle breeze from the south west,SW,SW,South Westerly,19,12,2023-03-14T16:02:32+00:00,2023-03-14T16:02:32.777Z,2634341,City of Westminster
Light rain and a gentle breeze,12,7,44,43,27,80,2023-03-27,43,Chance of precipitation,1008,9,47,19:00,1,Good,12,Light Rain,A gentle breeze from the south south west,SSW,SSW,South South Westerly,16,10,2023-03-14T16:02:32+00:00,2023-03-14T16:02:32.777Z,2634341,City of Westminster
Partly cloudy and a gentle breeze,2,6,43,41,26,83,2023-03-27,0,Precipitation is not expected,1008,8,46,20:00,1,Good,2,Partly Cloudy,A gentle breeze from the south south west,SSW,SSW,South South Westerly,15,9,2023-03-14T16:02:32+00:00,2023-03-14T16:02:32.777Z,2634341,City of Westminster
A clear sky and a gentle breeze,0,5,41,39,24,88,2023-03-27,0,Precipitation is not expected,1008,7,44,21:00,1,Good,0,Clear Sky,A gentle breeze from the south south west,SSW,SSW,South South Westerly,13,8,2023-03-14T16:02:32+00:00,2023-03-14T16:02:32.777Z,2634341,City of Westminster
A clear sky and a gentle breeze,0,5,40,35,22,90,2023-03-27,0,Precipitation is not expected,1008,7,44,22:00,1,Good,0,Clear Sky,A gentle breeze from the south west,SW,SW,South Westerly,13,8,2023-03-14T16:02:32+00:00,2023-03-14T16:02:32.777Z,2634341,City of Westminster
A clear sky and a gentle breeze,0,4,40,31,19,90,2023-03-27,0,Precipitation is not expected,1008,7,44,23:00,1,Good,0,Clear Sky,A gentle breeze from the south west,SW,SW,South Westerly,12,8,2023-03-14T16:02:32+00:00,2023-03-14T16:02:32.777Z,2634341,City of Westminster
A clear sky and light winds,0,5,40,27,17,89,2023-03-28,0,Precipitation is not expected,1008,7,44,00:00,1,Good,0,Clear Sky,Light winds from the south west,SW,SW,South Westerly,12,7,2023-03-14T16:02:32+00:00,2023-03-14T16:02:32.777Z,2634341,City of Westminster
A clear sky and light winds,0,4,40,26,16,90,2023-03-28,0,Precipitation is not expected,1008,6,43,01:00,1,Good,0,Clear Sky,Light winds from the south west,SW,SW,South Westerly,12,7,2023-03-14T16:02:32+00:00,2023-03-14T16:02:32.777Z,2634341,City of Westminster
A clear sky and light winds,0,4,40,25,15,92,2023-03-28,0,Precipitation is not expected,1008,6,43,02:00,1,Good,0,Clear Sky,Light winds from the west south west,WSW,WSW,West South Westerly,11,7,2023-03-14T16:02:32+00:00,2023-03-14T16:02:32.777Z,2634341,City of Westminster
A clear sky and light winds,0,4,40,24,15,92,2023-03-28,0,Precipitation is not expected,1008,6,43,03:00,1,Good,0,Clear Sky,Light winds from the west,W,W,Westerly,10,6,2023-03-14T16:02:32+00:00,2023-03-14T16:02:32.777Z,2634341,City of Westminster
A clear sky and light winds,0,4,39,24,15,95,2023-03-28,0,Precipitation is not expected,1008,6,42,04:00,1,Good,0,Clear Sky,Light winds from the west,W,W,Westerly,10,6,2023-03-14T16:02:32+00:00,2023-03-14T16:02:32.777Z,2634341,City of Westminster
A clear sky and light winds,0,3,37,24,15,96,2023-03-28,0,Precipitation is not expected,1008,5,41,05:00,1,Good,0,Clear Sky,Light winds from the west,W,W,Westerly,10,6,2023-03-14T16:02:32+00:00,2023-03-14T16:02:32.777Z,2634341,City of Westminster
