enhancedWeatherDescription,extendedWeatherType,feelsLikeTemperatureC,feelsLikeTemperatureF,gustSpeedKph,gustSpeedMph,humidity,localDate,precipitationProbabilityInPercent,precipitationProbabilityText,pressure,temperatureC,temperatureF,timeslot,timeslotLength,visibility,weatherType,weatherTypeText,windDescription,windDirection,windDirectionAbbreviation,windDirectionFull,windSpeedKph,windSpeedMph,issueDate,lastUpdated,location_id,location_name
A clear sky and light winds,0,2,36,14,9,75,2023-01-22,0,Precipitation is not expected,1035,3,37,17:00,1,Good,0,Clear Sky,Light winds from the north,N,N,Northerly,5,3,2023-01-22T09:05:00+00:00,2023-01-22T16:01:15.994Z,2634341,City of Westminster
A clear sky and light winds,0,1,34,14,9,78,2023-01-22,0,Precipitation is not expected,1036,1,34,18:00,1,Good,0,Clear Sky,Light winds from the north,N,N,Northerly,5,3,2023-01-22T09:05:00+00:00,2023-01-22T16:01:15.994Z,2634341,City of Westminster
A clear sky and light winds,0,0,32,14,9,80,2023-01-22,0,Precipitation is not expected,1036,0,32,19:00,1,Good,0,Clear Sky,Light winds from the north north east,NNE,NNE,North North Easterly,5,3,2023-01-22T09:05:00+00:00,2023-01-22T16:01:15.994Z,2634341,City of Westminster
A clear sky and light winds,0,-1,31,13,8,81,2023-01-22,0,Precipitation is not expected,1036,-1,31,20:00,1,Good,0,Clear Sky,Light winds from the north north east,NNE,NNE,North North Easterly,5,3,2023-01-22T09:05:00+00:00,2023-01-22T16:01:15.994Z,2634341,City of Westminster
A clear sky and light winds,0,-2,29,12,8,81,2023-01-22,1,Low chance of precipitation,1036,-2,29,21:00,1,Good,0,Clear Sky,Light winds from the north east,NE,NE,North Easterly,4,3,2023-01-22T09:05:00+00:00,2023-01-22T16:01:15.994Z,2634341,City of Westminster
A clear sky and light winds,0,-2,28,11,7,82,2023-01-22,2,Low chance of precipitation,1037,-2,28,22:00,1,Moderate,0,Clear Sky,Light winds from the north east,NE,NE,North Easterly,4,3,2023-01-22T09:05:00+00:00,2023-01-22T16:01:15.994Z,2634341,City of Westminster
A clear sky and light winds,0,-2,28,10,6,83,2023-01-22,1,Low chance of precipitation,1037,-2,28,23:00,1,Moderate,0,Clear Sky,Light winds from the north east,NE,NE,North Easterly,4,2,2023-01-22T09:05:00+00:00,2023-01-22T16:01:15.994Z,2634341,City of Westminster
A clear sky and light winds,0,-3,27,10,6,83,2023-01-23,1,Low chance of precipitation,1037,-3,27,00:00,1,Moderate,0,Clear Sky,Light winds from the east north east,ENE,ENE,East North Easterly,3,2,2023-01-22T09:05:00+00:00,2023-01-22T16:01:15.994Z,2634341,City of Westminster
A clear sky and light winds,0,-3,27,9,6,83,2023-01-23,1,Low chance of precipitation,1037,-3,27,01:00,1,Moderate,0,Clear Sky,Light winds from the north north east,NNE,NNE,North North Easterly,3,2,2023-01-22T09:05:00+00:00,2023-01-22T16:01:15.994Z,2634341,City of Westminster
A clear sky and light winds,0,-3,26,9,5,82,2023-01-23,1,Low chance of precipitation,1036,-3,26,02:00,1,Moderate,0,Clear Sky,Light winds from the north north west,NNW,NNW,North North Westerly,3,2,2023-01-22T09:05:00+00:00,2023-01-22T16:01:15.994Z,2634341,City of Westminster
A clear sky and light winds,0,-3,26,9,6,80,2023-01-23,0,Precipitation is not expected,1036,-3,26,03:00,1,Moderate,0,Clear Sky,Light winds from the north north west,NNW,NNW,North North Westerly,2,1,2023-01-22T09:05:00+00:00,2023-01-22T16:01:15.994Z,2634341,City of Westminster
A clear sky and light winds,0,-3,26,9,6,80,2023-01-23,1,Low chance of precipitation,1036,-3,26,04:00,1,Moderate,0,Clear Sky,Light winds from the north north west,NNW,NNW,North North Westerly,3,2,2023-01-22T09:05:00+00:00,2023-01-22T16:01:15.994Z,2634341,City of Westminster
A clear sky and light winds,0,-3,27,9,6,79,2023-01-23,2,Low chance of precipitation,1037,-3,27,05:00,1,Moderate,0,Clear Sky,Light winds from the north,N,N,Northerly,3,2,2023-01-22T09:05:00+00:00,2023-01-22T16:01:15.994Z,2634341,City of Westminster
A clear sky and light winds,0,-3,27,8,5,78,2023-01-23,2,Low chance of precipitation,1037,-3,27,06:00,1,Moderate,0,Clear Sky,Light winds from the north north east,NNE,NNE,North North Easterly,3,2,2023-01-22T09:05:00+00:00,2023-01-22T16:01:15.994Z,2634341,City of Westminster
A clear sky and light winds,0,-3,27,9,6,81,2023-01-23,2,Low chance of precipitation,1037,-3,27,07:00,1,Moderate,0,Clear Sky,Light winds from the north east,NE,NE,North Easterly,3,2,2023-01-22T09:05:00+00:00,2023-01-22T16:01:15.994Z,2634341,City of Westminster
Sunny and light winds,1,-3,27,10,6,85,2023-01-23,2,Low chance of precipitation,1038,-3,27,08:00,1,Moderate,1,Sunny,Light winds from the north east,NE,NE,North Easterly,3,2,2023-01-22T09:05:00+00:00,2023-01-22T16:01:15.994Z,2634341,City of Westminster
Sunny and light winds,1,-2,28,12,7,87,2023-01-23,3,Low chance of precipitation,1038,-2,28,09:00,1,Moderate,1,Sunny,Light winds from the north east,NE,NE,North Easterly,4,2,2023-01-22T09:05:00+00:00,2023-01-22T16:01:15.994Z,2634341,City of Westminster
Light cloud and light winds,7,-1,31,13,8,86,2023-01-23,5,Low chance of precipitation,1038,-1,31,10:00,1,Moderate,7,Light Cloud,Light winds from the north east,NE,NE,North Easterly,4,3,2023-01-22T09:05:00+00:00,2023-01-22T16:01:15.994Z,2634341,City of Westminster
Light cloud and light winds,7,1,33,14,9,81,2023-01-23,7,Low chance of precipitation,1038,1,33,11:00,1,Good,7,Light Cloud,Light winds from the east north east,ENE,ENE,East North Easterly,5,3,2023-01-22T09:05:00+00:00,2023-01-22T16:01:15.994Z,2634341,City of Westminster
Sunny intervals and light winds,3,1,34,14,9,78,2023-01-23,6,Low chance of precipitation,1038,1,35,12:00,1,Good,3,Sunny Intervals,Light winds from the north east,NE,NE,North Easterly,6,4,2023-01-22T09:05:00+00:00,2023-01-22T16:01:15.994Z,2634341,City of Westminster
Sunny intervals and light winds,3,2,35,14,9,76,2023-01-23,5,Low chance of precipitation,1038,2,35,13:00,1,Good,3,Sunny Intervals,Light winds from the north east,NE,NE,North Easterly,6,4,2023-01-22T09:05:00+00:00,2023-01-22T16:01:15.994Z,2634341,City of Westminster
Sunny intervals and light winds,3,2,36,14,9,74,2023-01-23,3,Low chance of precipitation,1038,3,37,14:00,1,Good,3,Sunny Intervals,Light winds from the north east,NE,NE,North Easterly,7,4,2023-01-22T09:05:00+00:00,2023-01-22T16:01:15.994Z,2634341,City of Westminster
Sunny intervals and light winds,3,3,37,14,9,73,2023-01-23,3,Low chance of precipitation,1038,3,37,15:00,1,Good,3,Sunny Intervals,Light winds from the north east,NE,NE,North Easterly,7,4,2023-01-22T09:05:00+00:00,2023-01-22T16:01:15.994Z,2634341,City of Westminster
Sunny intervals and light winds,3,2,36,14,9,75,2023-01-23,2,Low chance of precipitation,1038,3,37,16:00,1,Good,3,Sunny Intervals,Light winds from the north east,NE,NE,North Easterly,7,4,2023-01-22T09:05:00+00:00,2023-01-22T16:01:15.994Z,2634341,City of Westminster
Partly cloudy and light winds,2,2,35,15,9,80,2023-01-23,1,Low chance of precipitation,1038,2,35,17:00,1,Good,2,Partly Cloudy,Light winds from the north east,NE,NE,North Easterly,7,4,2023-01-22T09:05:00+00:00,2023-01-22T16:01:15.994Z,2634341,City of Westminster
Partly cloudy and light winds,2,1,34,15,9,84,2023-01-23,1,Low chance of precipitation,1039,1,34,18:00,1,Good,2,Partly Cloudy,Light winds from the north east,NE,NE,North Easterly,7,4,2023-01-22T09:05:00+00:00,2023-01-22T16:01:15.994Z,2634341,City of Westminster
Partly cloudy and light winds,2,1,33,15,9,86,2023-01-23,1,Low chance of precipitation,1039,1,34,19:00,1,Good,2,Partly Cloudy,Light winds from the north east,NE,NE,North Easterly,7,4,2023-01-22T09:05:00+00:00,2023-01-22T16:01:15.994Z,2634341,City of Westminster
Partly cloudy and light winds,2,1,33,14,9,87,2023-01-23,1,Low chance of precipitation,1039,1,34,20:00,1,Good,2,Partly Cloudy,Light winds from the north east,NE,NE,North Easterly,6,4,2023-01-22T09:05:00+00:00,2023-01-22T16:01:15.994Z,2634341,City of Westminster
Partly cloudy and light winds,2,1,33,14,9,87,2023-01-23,1,Low chance of precipitation,1039,1,33,21:00,1,Good,2,Partly Cloudy,Light winds from the north east,NE,NE,North Easterly,6,4,2023-01-22T09:05:00+00:00,2023-01-22T16:01:15.994Z,2634341,City of Westminster
Partly cloudy and light winds,2,1,33,13,8,88,2023-01-23,3,Low chance of precipitation,1039,1,33,22:00,1,Moderate,2,Partly Cloudy,Light winds from the north east,NE,NE,North Easterly,6,4,2023-01-22T09:05:00+00:00,2023-01-22T16:01:15.994Z,2634341,City of Westminster
Light cloud and light winds,36,1,33,13,8,89,2023-01-23,2,Low chance of precipitation,1039,1,33,23:00,1,Moderate,7,Light Cloud,Light winds from the north north east,NNE,NNE,North North Easterly,6,4,2023-01-22T09:05:00+00:00,2023-01-22T16:01:15.994Z,2634341,City of Westminster
Light cloud and light winds,36,1,33,13,8,90,2023-01-24,1,Low chance of precipitation,1040,1,34,00:00,1,Moderate,7,Light Cloud,Light winds from the north north east,NNE,NNE,North North Easterly,5,3,2023-01-22T09:05:00+00:00,2023-01-22T16:01:15.994Z,2634341,City of Westminster
Light cloud and light winds,36,1,34,12,7,91,2023-01-24,1,Low chance of precipitation,1040,1,34,01:00,1,Moderate,7,Light Cloud,Light winds from the north north east,NNE,NNE,North North Easterly,5,3,2023-01-22T09:05:00+00:00,2023-01-22T16:01:15.994Z,2634341,City of Westminster
Light cloud and light winds,36,1,34,11,7,92,2023-01-24,1,Low chance of precipitation,1040,1,34,02:00,1,Moderate,7,Light Cloud,Light winds from the north,N,N,Northerly,4,3,2023-01-22T09:05:00+00:00,2023-01-22T16:01:15.994Z,2634341,City of Westminster
Light cloud and light winds,36,1,34,11,7,93,2023-01-24,1,Low chance of precipitation,1039,1,34,03:00,1,Moderate,7,Light Cloud,Light winds from the north,N,N,Northerly,4,2,2023-01-22T09:05:00+00:00,2023-01-22T16:01:15.994Z,2634341,City of Westminster
Light cloud and light winds,36,1,34,11,7,93,2023-01-24,3,Low chance of precipitation,1040,1,34,04:00,1,Moderate,7,Light Cloud,Light winds from the north,N,N,Northerly,4,2,2023-01-22T09:05:00+00:00,2023-01-22T16:01:15.994Z,2634341,City of Westminster
Thick cloud and light winds,37,1,33,10,6,93,2023-01-24,4,Low chance of precipitation,1040,1,33,05:00,1,Moderate,8,Thick Cloud,Light winds from the north,N,N,Northerly,4,2,2023-01-22T09:05:00+00:00,2023-01-22T16:01:15.994Z,2634341,City of Westminster
Light cloud and light winds,36,1,33,9,6,93,2023-01-24,4,Low chance of precipitation,1040,1,33,06:00,1,Moderate,7,Light Cloud,Light winds from the north,N,N,Northerly,4,2,2023-01-22T09:05:00+00:00,2023-01-22T16:01:15.994Z,2634341,City of Westminster
Light cloud and light winds,36,1,33,9,5,93,2023-01-24,2,Low chance of precipitation,1040,1,33,07:00,1,Moderate,7,Light Cloud,Light winds from the north,N,N,Northerly,3,2,2023-01-22T09:05:00+00:00,2023-01-22T16:01:15.994Z,2634341,City of Westminster
Light cloud and light winds,7,1,33,9,6,93,2023-01-24,2,Low chance of precipitation,1041,1,33,08:00,1,Moderate,7,Light Cloud,Light winds from the north north east,NNE,NNE,North North Easterly,3,2,2023-01-22T09:05:00+00:00,2023-01-22T16:01:15.994Z,2634341,City of Westminster
Sunny intervals and light winds,3,1,34,10,6,92,2023-01-24,2,Low chance of precipitation,1041,1,34,09:00,1,Moderate,3,Sunny Intervals,Light winds from the north north east,NNE,NNE,North North Easterly,3,2,2023-01-22T09:05:00+00:00,2023-01-22T16:01:15.994Z,2634341,City of Westminster
Sunny intervals and light winds,3,2,35,12,8,89,2023-01-24,3,Low chance of precipitation,1041,2,35,10:00,1,Moderate,3,Sunny Intervals,Light winds from the north north east,NNE,NNE,North North Easterly,4,3,2023-01-22T09:05:00+00:00,2023-01-22T16:01:15.994Z,2634341,City of Westminster
Sunny and light winds,1,2,36,13,8,84,2023-01-24,3,Low chance of precipitation,1041,3,37,11:00,1,Moderate,1,Sunny,Light winds from the north north east,NNE,NNE,North North Easterly,5,3,2023-01-22T09:05:00+00:00,2023-01-22T16:01:15.994Z,2634341,City of Westminster
Sunny and light winds,1,3,37,13,8,81,2023-01-24,2,Low chance of precipitation,1041,3,38,12:00,1,Moderate,1,Sunny,Light winds from the north north east,NNE,NNE,North North Easterly,6,4,2023-01-22T09:05:00+00:00,2023-01-22T16:01:15.994Z,2634341,City of Westminster
Sunny and light winds,1,3,38,13,8,79,2023-01-24,3,Low chance of precipitation,1040,3,38,13:00,1,Moderate,1,Sunny,Light winds from the north north east,NNE,NNE,North North Easterly,6,4,2023-01-22T09:05:00+00:00,2023-01-22T16:01:15.994Z,2634341,City of Westminster
Sunny intervals and light winds,3,3,38,13,8,80,2023-01-24,3,Low chance of precipitation,1040,3,38,14:00,1,Moderate,3,Sunny Intervals,Light winds from the north north east,NNE,NNE,North North Easterly,6,4,2023-01-22T09:05:00+00:00,2023-01-22T16:01:15.994Z,2634341,City of Westminster
Sunny intervals and light winds,3,3,37,12,8,81,2023-01-24,3,Low chance of precipitation,1040,3,38,15:00,1,Moderate,3,Sunny Intervals,Light winds from the north north east,NNE,NNE,North North Easterly,6,4,2023-01-22T09:05:00+00:00,2023-01-22T16:01:15.994Z,2634341,City of Westminster
Sunny intervals and light winds,3,3,37,11,7,83,2023-01-24,3,Low chance of precipitation,1040,3,37,16:00,1,Moderate,3,Sunny Intervals,Light winds from the north north east,NNE,NNE,North North Easterly,5,3,2023-01-22T09:05:00+00:00,2023-01-22T16:01:15.994Z,2634341,City of Westminster
Light cloud and light winds,36,2,36,11,7,87,2023-01-24,2,Low chance of precipitation,1040,2,36,17:00,1,Moderate,7,Light Cloud,Light winds from the north north east,NNE,NNE,North North Easterly,5,3,2023-01-22T09:05:00+00:00,2023-01-22T16:01:15.994Z,2634341,City of Westminster
Light cloud and light winds,36,2,35,12,7,89,2023-01-24,1,Low chance of precipitation,1040,2,35,18:00,1,Moderate,7,Light Cloud,Light winds from the north north east,NNE,NNE,North North Easterly,4,3,2023-01-22T09:05:00+00:00,2023-01-22T16:01:15.994Z,2634341,City of Westminster
Light cloud and light winds,36,2,35,12,8,90,2023-01-24,1,Low chance of precipitation,1040,2,35,19:00,1,Moderate,7,Light Cloud,Light winds from the north north east,NNE,NNE,North North Easterly,4,3,2023-01-22T09:05:00+00:00,2023-01-22T16:01:15.994Z,2634341,City of Westminster
Light cloud and light winds,36,1,35,12,7,90,2023-01-24,1,Low chance of precipitation,1040,2,35,20:00,1,Moderate,7,Light Cloud,Light winds from the north,N,N,Northerly,4,3,2023-01-22T09:05:00+00:00,2023-01-22T16:01:15.994Z,2634341,City of Westminster
Light cloud and light winds,36,2,35,12,7,89,2023-01-24,1,Low chance of precipitation,1039,2,35,21:00,1,Moderate,7,Light Cloud,Light winds from the north,N,N,Northerly,4,3,2023-01-22T09:05:00+00:00,2023-01-22T16:01:15.994Z,2634341,City of Westminster
Light cloud and light winds,36,2,35,12,7,87,2023-01-24,3,Low chance of precipitation,1039,2,35,22:00,1,Moderate,7,Light Cloud,Light winds from the north west,NW,NW,North Westerly,4,3,2023-01-22T09:05:00+00:00,2023-01-22T16:01:15.994Z,2634341,City of Westminster
Light cloud and light winds,36,2,35,12,7,86,2023-01-24,3,Low chance of precipitation,1039,2,35,23:00,1,Moderate,7,Light Cloud,Light winds from the west,W,W,Westerly,4,3,2023-01-22T09:05:00+00:00,2023-01-22T16:01:15.994Z,2634341,City of Westminster
Light cloud and light winds,36,2,35,12,7,86,2023-01-25,3,Low chance of precipitation,1039,2,35,00:00,1,Moderate,7,Light Cloud,Light winds from the west south west,WSW,WSW,West South Westerly,4,3,2023-01-22T09:05:00+00:00,2023-01-22T16:01:15.994Z,2634341,City of Westminster
Thick cloud and light winds,37,1,35,11,7,86,2023-01-25,2,Low chance of precipitation,1039,1,35,01:00,1,Moderate,8,Thick Cloud,Light winds from the west south west,WSW,WSW,West South Westerly,4,2,2023-01-22T09:05:00+00:00,2023-01-22T16:01:15.994Z,2634341,City of Westminster
Thick cloud and light winds,37,1,34,12,7,86,2023-01-25,2,Low chance of precipitation,1038,1,34,02:00,1,Moderate,8,Thick Cloud,Light winds from the west south west,WSW,WSW,West South Westerly,4,2,2023-01-22T09:05:00+00:00,2023-01-22T16:01:15.994Z,2634341,City of Westminster
Thick cloud and light winds,37,1,34,12,7,86,2023-01-25,2,Low chance of precipitation,1038,1,34,03:00,1,Moderate,8,Thick Cloud,Light winds from the west south west,WSW,WSW,West South Westerly,4,2,2023-01-22T09:05:00+00:00,2023-01-22T16:01:15.994Z,2634341,City of Westminster
Thick cloud and light winds,37,1,34,12,7,86,2023-01-25,2,Low chance of precipitation,1037,1,34,04:00,1,Moderate,8,Thick Cloud,Light winds from the west south west,WSW,WSW,West South Westerly,4,2,2023-01-22T09:05:00+00:00,2023-01-22T16:01:15.994Z,2634341,City of Westminster
Thick cloud and light winds,37,1,33,11,7,86,2023-01-25,2,Low chance of precipitation,1037,1,34,05:00,1,Moderate,8,Thick Cloud,Light winds from the west south west,WSW,WSW,West South Westerly,4,2,2023-01-22T09:05:00+00:00,2023-01-22T16:01:15.994Z,2634341,City of Westminster
Thick cloud and light winds,37,1,33,10,6,86,2023-01-25,2,Low chance of precipitation,1036,1,33,06:00,1,Moderate,8,Thick Cloud,Light winds from the west south west,WSW,WSW,West South Westerly,4,2,2023-01-22T09:05:00+00:00,2023-01-22T16:01:15.994Z,2634341,City of Westminster
Thick cloud and light winds,37,1,34,10,6,86,2023-01-25,2,Low chance of precipitation,1036,1,34,07:00,1,Moderate,8,Thick Cloud,Light winds from the west south west,WSW,WSW,West South Westerly,3,2,2023-01-22T09:05:00+00:00,2023-01-22T16:01:15.994Z,2634341,City of Westminster
Thick cloud and light winds,8,1,34,11,7,86,2023-01-25,3,Low chance of precipitation,1036,1,34,08:00,1,Moderate,8,Thick Cloud,Light winds from the west south west,WSW,WSW,West South Westerly,3,2,2023-01-22T09:05:00+00:00,2023-01-22T16:01:15.994Z,2634341,City of Westminster
Thick cloud and light winds,8,2,35,12,8,86,2023-01-25,3,Low chance of precipitation,1036,2,35,09:00,1,Moderate,8,Thick Cloud,Light winds from the west south west,WSW,WSW,West South Westerly,4,2,2023-01-22T09:05:00+00:00,2023-01-22T16:01:15.994Z,2634341,City of Westminster
Thick cloud and light winds,8,2,36,14,9,85,2023-01-25,5,Low chance of precipitation,1035,2,36,10:00,1,Moderate,8,Thick Cloud,Light winds from the west south west,WSW,WSW,West South Westerly,5,3,2023-01-22T09:05:00+00:00,2023-01-22T16:01:15.994Z,2634341,City of Westminster
Light cloud and light winds,7,3,37,15,10,82,2023-01-25,6,Low chance of precipitation,1035,3,38,11:00,1,Moderate,7,Light Cloud,Light winds from the west south west,WSW,WSW,West South Westerly,6,4,2023-01-22T09:05:00+00:00,2023-01-22T16:01:15.994Z,2634341,City of Westminster
Light cloud and light winds,7,3,38,16,10,80,2023-01-25,6,Low chance of precipitation,1034,4,39,12:00,1,Moderate,7,Light Cloud,Light winds from the west south west,WSW,WSW,West South Westerly,7,4,2023-01-22T09:05:00+00:00,2023-01-22T16:01:15.994Z,2634341,City of Westminster
Thick cloud and light winds,8,3,37,17,10,80,2023-01-25,7,Low chance of precipitation,1034,4,40,13:00,1,Moderate,8,Thick Cloud,Light winds from the west south west,WSW,WSW,West South Westerly,8,5,2023-01-22T09:05:00+00:00,2023-01-22T16:01:15.994Z,2634341,City of Westminster
Thick cloud and light winds,8,3,37,17,10,80,2023-01-25,9,Low chance of precipitation,1033,5,41,14:00,1,Moderate,8,Thick Cloud,Light winds from the west south west,WSW,WSW,West South Westerly,8,5,2023-01-22T09:05:00+00:00,2023-01-22T16:01:15.994Z,2634341,City of Westminster
Thick cloud and light winds,8,3,37,16,10,83,2023-01-25,10,Low chance of precipitation,1032,5,41,15:00,1,Moderate,8,Thick Cloud,Light winds from the west south west,WSW,WSW,West South Westerly,8,5,2023-01-22T09:05:00+00:00,2023-01-22T16:01:15.994Z,2634341,City of Westminster
Thick cloud and light winds,8,3,37,16,10,86,2023-01-25,9,Low chance of precipitation,1032,5,41,16:00,1,Moderate,8,Thick Cloud,Light winds from the west south west,WSW,WSW,West South Westerly,8,5,2023-01-22T09:05:00+00:00,2023-01-22T16:01:15.994Z,2634341,City of Westminster
Thick cloud and light winds,37,3,38,17,10,89,2023-01-25,9,Low chance of precipitation,1031,5,41,17:00,1,Moderate,8,Thick Cloud,Light winds from the west,W,W,Westerly,7,5,2023-01-22T09:05:00+00:00,2023-01-22T16:01:15.994Z,2634341,City of Westminster
Thick cloud and light winds,37,3,38,17,11,92,2023-01-25,9,Low chance of precipitation,1030,5,41,18:00,1,Moderate,8,Thick Cloud,Light winds from the west,W,W,Westerly,8,5,2023-01-22T09:05:00+00:00,2023-01-22T16:01:15.994Z,2634341,City of Westminster
Thick cloud and light winds,37,3,38,18,11,92,2023-01-25,9,Low chance of precipitation,1029,5,41,19:00,1,Moderate,8,Thick Cloud,Light winds from the west,W,W,Westerly,9,5,2023-01-22T09:05:00+00:00,2023-01-22T16:01:15.994Z,2634341,City of Westminster
Thick cloud and light winds,37,3,38,19,12,91,2023-01-25,9,Low chance of precipitation,1029,5,41,20:00,1,Moderate,8,Thick Cloud,Light winds from the west,W,W,Westerly,9,6,2023-01-22T09:05:00+00:00,2023-01-22T16:01:15.994Z,2634341,City of Westminster
Light cloud and light winds,36,3,38,20,13,92,2023-01-25,10,Low chance of precipitation,1028,5,41,21:00,1,Moderate,7,Light Cloud,Light winds from the west north west,WNW,WNW,West North Westerly,9,6,2023-01-22T09:05:00+00:00,2023-01-22T16:01:15.994Z,2634341,City of Westminster
Light cloud and light winds,36,3,37,22,14,92,2023-01-25,11,Low chance of precipitation,1027,5,41,22:00,1,Moderate,7,Light Cloud,Light winds from the north west,NW,NW,North Westerly,10,6,2023-01-22T09:05:00+00:00,2023-01-22T16:01:15.994Z,2634341,City of Westminster
Light rain and light winds,39,3,37,23,14,92,2023-01-25,31,Chance of precipitation,1027,5,41,23:00,1,Good,12,Light Rain,Light winds from the north west,NW,NW,North Westerly,11,7,2023-01-22T09:05:00+00:00,2023-01-22T16:01:15.994Z,2634341,City of Westminster
Light rain and light winds,39,3,37,23,14,91,2023-01-26,32,Chance of precipitation,1027,5,41,00:00,1,Good,12,Light Rain,Light winds from the north north west,NNW,NNW,North North Westerly,11,7,2023-01-22T09:05:00+00:00,2023-01-22T16:01:15.994Z,2634341,City of Westminster
Light cloud and light winds,36,3,37,23,14,90,2023-01-26,13,Low chance of precipitation,1026,5,41,01:00,1,Good,7,Light Cloud,Light winds from the north north west,NNW,NNW,North North Westerly,12,7,2023-01-22T09:05:00+00:00,2023-01-22T16:01:15.994Z,2634341,City of Westminster
Light cloud and light winds,36,3,37,23,14,89,2023-01-26,13,Low chance of precipitation,1026,5,41,02:00,1,Good,7,Light Cloud,Light winds from the north north west,NNW,NNW,North North Westerly,12,7,2023-01-22T09:05:00+00:00,2023-01-22T16:01:15.994Z,2634341,City of Westminster
Light cloud and light winds,36,2,36,23,14,87,2023-01-26,12,Low chance of precipitation,1026,5,41,03:00,1,Good,7,Light Cloud,Light winds from the north north west,NNW,NNW,North North Westerly,12,7,2023-01-22T09:05:00+00:00,2023-01-22T16:01:15.994Z,2634341,City of Westminster
Light cloud and light winds,36,2,36,24,15,87,2023-01-26,11,Low chance of precipitation,1027,5,41,04:00,1,Good,7,Light Cloud,Light winds from the north north west,NNW,NNW,North North Westerly,12,7,2023-01-22T09:05:00+00:00,2023-01-22T16:01:15.994Z,2634341,City of Westminster
Light cloud and light winds,36,2,36,23,15,86,2023-01-26,11,Low chance of precipitation,1027,5,40,05:00,1,Good,7,Light Cloud,Light winds from the north north west,NNW,NNW,North North Westerly,12,7,2023-01-22T09:05:00+00:00,2023-01-22T16:01:15.994Z,2634341,City of Westminster
Light cloud and light winds,36,2,35,23,14,86,2023-01-26,10,Low chance of precipitation,1027,5,40,06:00,1,Good,7,Light Cloud,Light winds from the north north west,NNW,NNW,North North Westerly,12,7,2023-01-22T09:05:00+00:00,2023-01-22T16:01:15.994Z,2634341,City of Westminster
Light cloud and light winds,36,2,35,24,15,85,2023-01-26,8,Low chance of precipitation,1028,5,40,07:00,1,Good,7,Light Cloud,Light winds from the north,N,N,Northerly,12,7,2023-01-22T09:05:00+00:00,2023-01-22T16:01:15.994Z,2634341,City of Westminster
Light cloud and a gentle breeze,7,2,35,25,16,87,2023-01-26,8,Low chance of precipitation,1028,5,40,08:00,1,Good,7,Light Cloud,A gentle breeze from the north,N,N,Northerly,12,8,2023-01-22T09:05:00+00:00,2023-01-22T16:01:15.994Z,2634341,City of Westminster
Light cloud and a gentle breeze,7,2,36,27,17,88,2023-01-26,8,Low chance of precipitation,1028,5,41,09:00,1,Good,7,Light Cloud,A gentle breeze from the north,N,N,Northerly,13,8,2023-01-22T09:05:00+00:00,2023-01-22T16:01:15.994Z,2634341,City of Westminster
Light cloud and a gentle breeze,7,3,37,29,18,89,2023-01-26,8,Low chance of precipitation,1029,5,41,10:00,1,Good,7,Light Cloud,A gentle breeze from the north,N,N,Northerly,14,9,2023-01-22T09:05:00+00:00,2023-01-22T16:01:15.994Z,2634341,City of Westminster
Light cloud and a gentle breeze,7,3,38,31,19,86,2023-01-26,9,Low chance of precipitation,1029,6,43,11:00,1,Good,7,Light Cloud,A gentle breeze from the north,N,N,Northerly,15,9,2023-01-22T09:05:00+00:00,2023-01-22T16:01:15.994Z,2634341,City of Westminster
Light cloud and a gentle breeze,7,4,39,32,20,83,2023-01-26,8,Low chance of precipitation,1030,7,44,12:00,1,Good,7,Light Cloud,A gentle breeze from the north,N,N,Northerly,16,10,2023-01-22T09:05:00+00:00,2023-01-22T16:01:15.994Z,2634341,City of Westminster
Light cloud and a gentle breeze,7,4,40,32,20,81,2023-01-26,8,Low chance of precipitation,1030,7,44,13:00,1,Good,7,Light Cloud,A gentle breeze from the north,N,N,Northerly,16,10,2023-01-22T09:05:00+00:00,2023-01-22T16:01:15.994Z,2634341,City of Westminster
Light cloud and a gentle breeze,7,5,40,31,19,79,2023-01-26,8,Low chance of precipitation,1031,7,45,14:00,1,Good,7,Light Cloud,A gentle breeze from the north,N,N,Northerly,16,10,2023-01-22T09:05:00+00:00,2023-01-22T16:01:15.994Z,2634341,City of Westminster
Light cloud and a gentle breeze,7,4,40,30,19,79,2023-01-26,8,Low chance of precipitation,1031,7,44,15:00,1,Good,7,Light Cloud,Not available,-99,-99,Direction not available,16,10,2023-01-22T09:05:00+00:00,2023-01-22T16:01:15.994Z,2634341,City of Westminster
Light cloud and a gentle breeze,7,4,39,29,18,80,2023-01-26,7,Low chance of precipitation,1031,7,44,16:00,1,Good,7,Light Cloud,A gentle breeze from the north,N,N,Northerly,15,9,2023-01-22T09:05:00+00:00,2023-01-22T16:01:15.994Z,2634341,City of Westminster
Light cloud and a gentle breeze,36,4,39,28,17,82,2023-01-26,5,Low chance of precipitation,1032,6,43,17:00,1,Good,7,Light Cloud,A gentle breeze from the north,N,N,Northerly,14,9,2023-01-22T09:05:00+00:00,2023-01-22T16:01:15.994Z,2634341,City of Westminster
Light cloud and a gentle breeze,36,3,38,27,17,84,2023-01-26,4,Low chance of precipitation,1032,6,43,18:00,1,Good,7,Light Cloud,A gentle breeze from the north,N,N,Northerly,14,9,2023-01-22T09:05:00+00:00,2023-01-22T16:01:15.994Z,2634341,City of Westminster
Light cloud and a gentle breeze,36,3,38,27,17,85,2023-01-26,3,Low chance of precipitation,1033,6,42,19:00,1,Good,7,Light Cloud,A gentle breeze from the north,N,N,Northerly,14,9,2023-01-22T09:05:00+00:00,2023-01-22T16:01:15.994Z,2634341,City of Westminster
Light cloud and a gentle breeze,36,3,38,27,17,85,2023-01-26,2,Low chance of precipitation,1033,6,42,20:00,1,Good,7,Light Cloud,A gentle breeze from the north,N,N,Northerly,14,8,2023-01-22T09:05:00+00:00,2023-01-22T16:01:15.994Z,2634341,City of Westminster
Light cloud and a gentle breeze,36,3,37,26,16,86,2023-01-26,2,Low chance of precipitation,1033,6,42,21:00,1,Good,7,Light Cloud,A gentle breeze from the north,N,N,Northerly,13,8,2023-01-22T09:05:00+00:00,2023-01-22T16:01:15.994Z,2634341,City of Westminster
Light cloud and a gentle breeze,36,3,37,26,16,86,2023-01-26,3,Low chance of precipitation,1034,5,42,22:00,1,Good,7,Light Cloud,A gentle breeze from the north,N,N,Northerly,13,8,2023-01-22T09:05:00+00:00,2023-01-22T16:01:15.994Z,2634341,City of Westminster
Light cloud and a gentle breeze,36,3,37,25,16,87,2023-01-26,3,Low chance of precipitation,1034,5,42,23:00,1,Good,7,Light Cloud,A gentle breeze from the north,N,N,Northerly,13,8,2023-01-22T09:05:00+00:00,2023-01-22T16:01:15.994Z,2634341,City of Westminster
Light cloud and a gentle breeze,36,3,37,25,16,87,2023-01-27,2,Low chance of precipitation,1034,5,42,00:00,1,Good,7,Light Cloud,A gentle breeze from the north,N,N,Northerly,13,8,2023-01-22T09:05:00+00:00,2023-01-22T16:01:15.994Z,2634341,City of Westminster
Light cloud and a gentle breeze,36,3,37,25,15,87,2023-01-27,2,Low chance of precipitation,1034,5,42,01:00,1,Good,7,Light Cloud,A gentle breeze from the north,N,N,Northerly,12,8,2023-01-22T09:05:00+00:00,2023-01-22T16:01:15.994Z,2634341,City of Westminster
Light cloud and a gentle breeze,36,3,37,24,15,86,2023-01-27,2,Low chance of precipitation,1034,5,42,02:00,1,Good,7,Light Cloud,A gentle breeze from the north,N,N,Northerly,12,8,2023-01-22T09:05:00+00:00,2023-01-22T16:01:15.994Z,2634341,City of Westminster
Light cloud and a gentle breeze,36,3,37,24,15,85,2023-01-27,2,Low chance of precipitation,1034,5,41,03:00,1,Good,7,Light Cloud,A gentle breeze from the north,N,N,Northerly,12,8,2023-01-22T09:05:00+00:00,2023-01-22T16:01:15.994Z,2634341,City of Westminster
Light cloud and a gentle breeze,36,3,37,23,14,84,2023-01-27,3,Low chance of precipitation,1034,5,41,04:00,1,Good,7,Light Cloud,A gentle breeze from the north,N,N,Northerly,12,8,2023-01-22T09:05:00+00:00,2023-01-22T16:01:15.994Z,2634341,City of Westminster
Light cloud and light winds,36,3,37,22,14,84,2023-01-27,4,Low chance of precipitation,1034,5,41,05:00,1,Good,7,Light Cloud,Light winds from the north,N,N,Northerly,12,7,2023-01-22T09:05:00+00:00,2023-01-22T16:01:15.994Z,2634341,City of Westminster
Light cloud and light winds,36,3,37,21,13,84,2023-01-27,4,Low chance of precipitation,1034,5,41,06:00,1,Good,7,Light Cloud,Light winds from the north,N,N,Northerly,11,7,2023-01-22T09:05:00+00:00,2023-01-22T16:01:15.994Z,2634341,City of Westminster
Light cloud and light winds,36,3,37,21,13,85,2023-01-27,4,Low chance of precipitation,1034,5,41,07:00,1,Good,7,Light Cloud,Light winds from the north,N,N,Northerly,11,7,2023-01-22T09:05:00+00:00,2023-01-22T16:01:15.994Z,2634341,City of Westminster
Light cloud and light winds,7,2,36,22,14,85,2023-01-27,5,Low chance of precipitation,1035,5,41,08:00,1,Good,7,Light Cloud,Light winds from the north north east,NNE,NNE,North North Easterly,11,7,2023-01-22T09:05:00+00:00,2023-01-22T16:01:15.994Z,2634341,City of Westminster
Light cloud and light winds,7,3,37,24,15,84,2023-01-27,6,Low chance of precipitation,1035,5,41,09:00,1,Good,7,Light Cloud,Light winds from the north north east,NNE,NNE,North North Easterly,11,7,2023-01-22T09:05:00+00:00,2023-01-22T16:01:15.994Z,2634341,City of Westminster
Light cloud and light winds,7,3,37,25,16,81,2023-01-27,7,Low chance of precipitation,1035,5,42,10:00,1,Good,7,Light Cloud,Light winds from the north north east,NNE,NNE,North North Easterly,12,7,2023-01-22T09:05:00+00:00,2023-01-22T16:01:15.994Z,2634341,City of Westminster
Light cloud and a gentle breeze,7,3,38,26,16,78,2023-01-27,8,Low chance of precipitation,1035,6,42,11:00,1,Good,7,Light Cloud,A gentle breeze from the north north east,NNE,NNE,North North Easterly,12,8,2023-01-22T09:05:00+00:00,2023-01-22T16:01:15.994Z,2634341,City of Westminster
Light cloud and a gentle breeze,7,4,39,26,16,75,2023-01-27,7,Low chance of precipitation,1035,6,43,12:00,1,Good,7,Light Cloud,A gentle breeze from the north north east,NNE,NNE,North North Easterly,12,8,2023-01-22T09:05:00+00:00,2023-01-22T16:01:15.994Z,2634341,City of Westminster
Light cloud and a gentle breeze,7,4,39,25,16,73,2023-01-27,7,Low chance of precipitation,1035,6,43,13:00,1,Good,7,Light Cloud,A gentle breeze from the north north east,NNE,NNE,North North Easterly,12,8,2023-01-22T09:05:00+00:00,2023-01-22T16:01:15.994Z,2634341,City of Westminster
Light cloud and light winds,7,4,40,23,15,71,2023-01-27,8,Low chance of precipitation,1035,7,44,14:00,1,Good,7,Light Cloud,Light winds from the north,N,N,Northerly,12,7,2023-01-22T09:05:00+00:00,2023-01-22T16:01:15.994Z,2634341,City of Westminster
Light cloud and light winds,7,5,40,21,13,70,2023-01-27,8,Low chance of precipitation,1035,7,44,15:00,1,Good,7,Light Cloud,Light winds from the north,N,N,Northerly,11,7,2023-01-22T09:05:00+00:00,2023-01-22T16:01:15.994Z,2634341,City of Westminster
Light cloud and light winds,7,4,40,18,11,70,2023-01-27,7,Low chance of precipitation,1035,6,43,16:00,1,Good,7,Light Cloud,Light winds from the north,N,N,Northerly,10,6,2023-01-22T09:05:00+00:00,2023-01-22T16:01:15.994Z,2634341,City of Westminster
Light cloud and light winds,36,4,39,16,10,71,2023-01-27,5,Low chance of precipitation,1035,6,43,17:00,1,Good,7,Light Cloud,Light winds from the north,N,N,Northerly,9,5,2023-01-22T09:05:00+00:00,2023-01-22T16:01:15.994Z,2634341,City of Westminster
Light cloud and light winds,36,4,39,17,10,73,2023-01-27,4,Low chance of precipitation,1035,6,42,18:00,1,Good,7,Light Cloud,Not available,-99,-99,Direction not available,8,5,2023-01-22T09:05:00+00:00,2023-01-22T16:01:15.994Z,2634341,City of Westminster
Light cloud and light winds,36,5,41,16,10,75,2023-01-27,3,Low chance of precipitation,1035,5,41,19:00,1,Good,7,Light Cloud,Light winds from the north,N,N,Northerly,7,5,2023-01-22T09:05:00+00:00,2023-01-22T16:01:15.994Z,2634341,City of Westminster
Light cloud and light winds,36,5,40,17,10,76,2023-01-27,2,Low chance of precipitation,1035,5,41,20:00,1,Good,7,Light Cloud,Light winds from the north,N,N,Northerly,7,5,2023-01-22T09:05:00+00:00,2023-01-22T16:01:15.994Z,2634341,City of Westminster
Light cloud and light winds,36,4,40,17,11,78,2023-01-27,2,Low chance of precipitation,1034,5,40,21:00,1,Good,7,Light Cloud,Light winds from the north north west,NNW,NNW,North North Westerly,7,5,2023-01-22T09:05:00+00:00,2023-01-22T16:01:15.994Z,2634341,City of Westminster
Light cloud and light winds,36,4,39,17,10,79,2023-01-27,3,Low chance of precipitation,1034,4,40,22:00,1,Good,7,Light Cloud,Light winds from the north north west,NNW,NNW,North North Westerly,7,5,2023-01-22T09:05:00+00:00,2023-01-22T16:01:15.994Z,2634341,City of Westminster
Light cloud and light winds,36,4,39,17,10,81,2023-01-27,3,Low chance of precipitation,1034,4,40,23:00,1,Good,7,Light Cloud,Light winds from the north north west,NNW,NNW,North North Westerly,7,5,2023-01-22T09:05:00+00:00,2023-01-22T16:01:15.994Z,2634341,City of Westminster
Light cloud and light winds,36,4,39,16,10,82,2023-01-28,3,Low chance of precipitation,1034,4,39,00:00,1,Good,7,Light Cloud,Light winds from the north west,NW,NW,North Westerly,7,4,2023-01-22T09:05:00+00:00,2023-01-22T16:01:15.994Z,2634341,City of Westminster
Light cloud and light winds,36,4,39,16,10,83,2023-01-28,3,Low chance of precipitation,1034,4,39,01:00,1,Good,7,Light Cloud,Light winds from the north west,NW,NW,North Westerly,7,5,2023-01-22T09:05:00+00:00,2023-01-22T16:01:15.994Z,2634341,City of Westminster
Light cloud and light winds,36,4,38,17,10,84,2023-01-28,3,Low chance of precipitation,1033,4,39,02:00,1,Good,7,Light Cloud,Light winds from the north west,NW,NW,North Westerly,7,5,2023-01-22T09:05:00+00:00,2023-01-22T16:01:15.994Z,2634341,City of Westminster
Light cloud and light winds,36,3,38,17,11,84,2023-01-28,2,Low chance of precipitation,1033,4,39,03:00,1,Good,7,Light Cloud,Light winds from the west north west,WNW,WNW,West North Westerly,7,5,2023-01-22T09:05:00+00:00,2023-01-22T16:01:15.994Z,2634341,City of Westminster
Light cloud and light winds,36,2,35,17,11,85,2023-01-28,2,Low chance of precipitation,1033,4,39,04:00,1,Good,7,Light Cloud,Light winds from the west north west,WNW,WNW,West North Westerly,7,5,2023-01-22T09:05:00+00:00,2023-01-22T16:01:15.994Z,2634341,City of Westminster
Light cloud and light winds,36,1,35,17,11,86,2023-01-28,3,Low chance of precipitation,1032,3,38,05:00,1,Good,7,Light Cloud,Light winds from the west north west,WNW,WNW,West North Westerly,7,5,2023-01-22T09:05:00+00:00,2023-01-22T16:01:15.994Z,2634341,City of Westminster
Light cloud and light winds,36,3,38,16,10,87,2023-01-28,2,Low chance of precipitation,1032,3,38,06:00,1,Good,7,Light Cloud,Light winds from the west north west,WNW,WNW,West North Westerly,7,5,2023-01-22T09:05:00+00:00,2023-01-22T16:01:15.994Z,2634341,City of Westminster
Light cloud and light winds,36,3,38,16,10,87,2023-01-28,2,Low chance of precipitation,1032,3,38,07:00,1,Good,7,Light Cloud,Light winds from the west north west,WNW,WNW,West North Westerly,7,5,2023-01-22T09:05:00+00:00,2023-01-22T16:01:15.994Z,2634341,City of Westminster
Light cloud and light winds,7,2,35,17,11,87,2023-01-28,3,Low chance of precipitation,1032,4,39,08:00,1,Good,7,Light Cloud,Light winds from the west north west,WNW,WNW,West North Westerly,7,5,2023-01-22T09:05:00+00:00,2023-01-22T16:01:15.994Z,2634341,City of Westminster
Light cloud and light winds,7,3,37,19,12,85,2023-01-28,3,Low chance of precipitation,1031,4,40,09:00,1,Good,7,Light Cloud,Light winds from the north west,NW,NW,North Westerly,8,5,2023-01-22T09:05:00+00:00,2023-01-22T16:01:15.994Z,2634341,City of Westminster
Light cloud and light winds,7,3,38,21,13,82,2023-01-28,4,Low chance of precipitation,1031,5,41,10:00,1,Good,7,Light Cloud,Light winds from the north west,NW,NW,North Westerly,9,6,2023-01-22T09:05:00+00:00,2023-01-22T16:01:15.994Z,2634341,City of Westminster
Light cloud and light winds,7,4,39,22,14,78,2023-01-28,5,Low chance of precipitation,1031,6,43,11:00,1,Good,7,Light Cloud,Light winds from the north west,NW,NW,North Westerly,10,6,2023-01-22T09:05:00+00:00,2023-01-22T16:01:15.994Z,2634341,City of Westminster
Light cloud and light winds,7,4,40,22,14,76,2023-01-28,5,Low chance of precipitation,1031,7,44,12:00,1,Good,7,Light Cloud,Light winds from the north west,NW,NW,North Westerly,11,7,2023-01-22T09:05:00+00:00,2023-01-22T16:01:15.994Z,2634341,City of Westminster
Light cloud and light winds,7,5,41,22,14,73,2023-01-28,5,Low chance of precipitation,1031,7,44,13:00,1,Good,7,Light Cloud,Light winds from the north west,NW,NW,North Westerly,11,7,2023-01-22T09:05:00+00:00,2023-01-22T16:01:15.994Z,2634341,City of Westminster
Light cloud and light winds,7,5,41,22,14,71,2023-01-28,6,Low chance of precipitation,1031,7,45,14:00,1,Good,7,Light Cloud,Light winds from the north west,NW,NW,North Westerly,11,7,2023-01-22T09:05:00+00:00,2023-01-22T16:01:15.994Z,2634341,City of Westminster
Light cloud and light winds,7,5,42,21,13,69,2023-01-28,7,Low chance of precipitation,1030,7,45,15:00,1,Good,7,Light Cloud,Light winds from the north west,NW,NW,North Westerly,11,7,2023-01-22T09:05:00+00:00,2023-01-22T16:01:15.994Z,2634341,City of Westminster
Light cloud and light winds,7,5,42,20,13,69,2023-01-28,6,Low chance of precipitation,1030,7,45,16:00,1,Good,7,Light Cloud,Light winds from the north west,NW,NW,North Westerly,10,6,2023-01-22T09:05:00+00:00,2023-01-22T16:01:15.994Z,2634341,City of Westminster
Light cloud and light winds,36,5,41,19,12,70,2023-01-28,4,Low chance of precipitation,1030,7,44,17:00,1,Good,7,Light Cloud,Light winds from the north west,NW,NW,North Westerly,9,6,2023-01-22T09:05:00+00:00,2023-01-22T16:01:15.994Z,2634341,City of Westminster
Light cloud and light winds,36,5,40,20,12,72,2023-01-28,4,Low chance of precipitation,1030,6,43,18:00,1,Good,7,Light Cloud,Light winds from the north west,NW,NW,North Westerly,9,6,2023-01-22T09:05:00+00:00,2023-01-22T16:01:15.994Z,2634341,City of Westminster
Light cloud and light winds,36,4,39,19,12,74,2023-01-28,3,Low chance of precipitation,1030,6,43,19:00,1,Good,7,Light Cloud,Light winds from the north west,NW,NW,North Westerly,9,6,2023-01-22T09:05:00+00:00,2023-01-22T16:01:15.994Z,2634341,City of Westminster
Light cloud and light winds,36,4,39,19,12,76,2023-01-28,3,Low chance of precipitation,1030,6,42,20:00,1,Good,7,Light Cloud,Light winds from the north west,NW,NW,North Westerly,9,5,2023-01-22T09:05:00+00:00,2023-01-22T16:01:15.994Z,2634341,City of Westminster
Light cloud and light winds,36,3,38,19,12,78,2023-01-28,3,Low chance of precipitation,1030,5,41,21:00,1,Good,7,Light Cloud,Light winds from the north west,NW,NW,North Westerly,9,5,2023-01-22T09:05:00+00:00,2023-01-22T16:01:15.994Z,2634341,City of Westminster
Light cloud and light winds,36,3,37,18,11,80,2023-01-28,4,Low chance of precipitation,1030,5,41,22:00,1,Good,7,Light Cloud,Light winds from the north west,NW,NW,North Westerly,8,5,2023-01-22T09:05:00+00:00,2023-01-22T16:01:15.994Z,2634341,City of Westminster
Light cloud and light winds,36,3,37,18,11,82,2023-01-28,4,Low chance of precipitation,1030,5,40,23:00,1,Good,7,Light Cloud,Light winds from the north west,NW,NW,North Westerly,8,5,2023-01-22T09:05:00+00:00,2023-01-22T16:01:15.994Z,2634341,City of Westminster
Light cloud and light winds,36,2,36,18,11,83,2023-01-29,4,Low chance of precipitation,1030,4,40,00:00,1,Good,7,Light Cloud,Light winds from the north west,NW,NW,North Westerly,8,5,2023-01-22T09:05:00+00:00,2023-01-22T16:01:15.994Z,2634341,City of Westminster
Light cloud and light winds,36,2,35,18,11,84,2023-01-29,4,Low chance of precipitation,1029,4,39,01:00,1,Good,7,Light Cloud,Light winds from the north west,NW,NW,North Westerly,8,5,2023-01-22T09:05:00+00:00,2023-01-22T16:01:15.994Z,2634341,City of Westminster
Light cloud and light winds,36,2,35,18,11,85,2023-01-29,5,Low chance of precipitation,1029,4,39,02:00,1,Good,7,Light Cloud,Light winds from the west north west,WNW,WNW,West North Westerly,8,5,2023-01-22T09:05:00+00:00,2023-01-22T16:01:15.994Z,2634341,City of Westminster
Light cloud and light winds,36,1,35,18,11,86,2023-01-29,5,Low chance of precipitation,1029,4,39,03:00,1,Good,7,Light Cloud,Light winds from the west north west,WNW,WNW,West North Westerly,8,5,2023-01-22T09:05:00+00:00,2023-01-22T16:01:15.994Z,2634341,City of Westminster
Light cloud and light winds,36,1,34,18,11,87,2023-01-29,5,Low chance of precipitation,1029,3,38,04:00,1,Good,7,Light Cloud,Light winds from the west north west,WNW,WNW,West North Westerly,9,5,2023-01-22T09:05:00+00:00,2023-01-22T16:01:15.994Z,2634341,City of Westminster
Light cloud and light winds,36,1,34,18,11,87,2023-01-29,6,Low chance of precipitation,1029,3,38,05:00,1,Good,7,Light Cloud,Light winds from the west north west,WNW,WNW,West North Westerly,9,5,2023-01-22T09:05:00+00:00,2023-01-22T16:01:15.994Z,2634341,City of Westminster
Light cloud and light winds,36,1,34,17,11,88,2023-01-29,6,Low chance of precipitation,1029,3,38,06:00,1,Good,7,Light Cloud,Light winds from the west north west,WNW,WNW,West North Westerly,9,5,2023-01-22T09:05:00+00:00,2023-01-22T16:01:15.994Z,2634341,City of Westminster
Light cloud and light winds,36,1,34,19,12,87,2023-01-29,5,Low chance of precipitation,1029,3,38,07:00,1,Good,7,Light Cloud,Light winds from the west north west,WNW,WNW,West North Westerly,9,5,2023-01-22T09:05:00+00:00,2023-01-22T16:01:15.994Z,2634341,City of Westminster
Light cloud and light winds,7,2,35,21,13,86,2023-01-29,6,Low chance of precipitation,1029,4,39,08:00,1,Good,7,Light Cloud,Light winds from the west north west,WNW,WNW,West North Westerly,9,6,2023-01-22T09:05:00+00:00,2023-01-22T16:01:15.994Z,2634341,City of Westminster
Light cloud and light winds,7,3,37,23,14,83,2023-01-29,5,Low chance of precipitation,1029,5,41,09:00,1,Good,7,Light Cloud,Light winds from the west,W,W,Westerly,10,6,2023-01-22T09:05:00+00:00,2023-01-22T16:01:15.994Z,2634341,City of Westminster
Light cloud and light winds,7,4,40,26,16,79,2023-01-29,6,Low chance of precipitation,1029,6,43,10:00,1,Good,7,Light Cloud,Light winds from the west,W,W,Westerly,12,7,2023-01-22T09:05:00+00:00,2023-01-22T16:01:15.994Z,2634341,City of Westminster
Sunny intervals and a gentle breeze,3,6,42,28,17,75,2023-01-29,8,Low chance of precipitation,1029,8,46,11:00,1,Good,3,Sunny Intervals,A gentle breeze from the west,W,W,Westerly,13,8,2023-01-22T09:05:00+00:00,2023-01-22T16:01:15.994Z,2634341,City of Westminster
Sunny intervals and a gentle breeze,3,6,43,29,18,72,2023-01-29,8,Low chance of precipitation,1029,8,47,12:00,1,Good,3,Sunny Intervals,A gentle breeze from the west,W,W,Westerly,14,9,2023-01-22T09:05:00+00:00,2023-01-22T16:01:15.994Z,2634341,City of Westminster
Sunny intervals and a gentle breeze,3,7,45,29,18,71,2023-01-29,11,Low chance of precipitation,1028,9,48,13:00,1,Good,3,Sunny Intervals,A gentle breeze from the west,W,W,Westerly,14,9,2023-01-22T09:05:00+00:00,2023-01-22T16:01:15.994Z,2634341,City of Westminster
Light cloud and a gentle breeze,7,7,45,29,18,70,2023-01-29,14,Low chance of precipitation,1028,9,49,14:00,1,Good,7,Light Cloud,A gentle breeze from the west,W,W,Westerly,14,9,2023-01-22T09:05:00+00:00,2023-01-22T16:01:15.994Z,2634341,City of Westminster
Light cloud and a gentle breeze,7,8,46,28,17,69,2023-01-29,17,Low chance of precipitation,1028,9,49,15:00,1,Good,7,Light Cloud,A gentle breeze from the west,W,W,Westerly,14,9,2023-01-22T09:05:00+00:00,2023-01-22T16:01:15.994Z,2634341,City of Westminster
Light cloud and a gentle breeze,7,7,45,27,17,71,2023-01-29,17,Low chance of precipitation,1027,9,49,16:00,1,Good,7,Light Cloud,A gentle breeze from the west,W,W,Westerly,14,8,2023-01-22T09:05:00+00:00,2023-01-22T16:01:15.994Z,2634341,City of Westminster
Light cloud and a gentle breeze,36,7,45,27,17,73,2023-01-29,17,Low chance of precipitation,1027,9,48,17:00,1,Good,7,Light Cloud,A gentle breeze from the west,W,W,Westerly,13,8,2023-01-22T09:05:00+00:00,2023-01-22T16:01:15.994Z,2634341,City of Westminster
Light cloud and a gentle breeze,36,7,45,27,17,75,2023-01-29,17,Low chance of precipitation,1026,9,48,18:00,1,Good,7,Light Cloud,A gentle breeze from the west,W,W,Westerly,13,8,2023-01-22T09:05:00+00:00,2023-01-22T16:01:15.994Z,2634341,City of Westminster
Light cloud and a gentle breeze,36,7,44,28,17,77,2023-01-29,15,Low chance of precipitation,1026,8,47,19:00,1,Good,7,Light Cloud,A gentle breeze from the west,W,W,Westerly,13,8,2023-01-22T09:05:00+00:00,2023-01-22T16:01:15.994Z,2634341,City of Westminster
Light cloud and a gentle breeze,36,6,43,28,17,78,2023-01-29,12,Low chance of precipitation,1025,8,47,20:00,1,Good,7,Light Cloud,A gentle breeze from the west,W,W,Westerly,13,8,2023-01-22T09:05:00+00:00,2023-01-22T16:01:15.994Z,2634341,City of Westminster
Light cloud and a gentle breeze,36,6,43,28,18,80,2023-01-29,10,Low chance of precipitation,1025,8,46,21:00,1,Good,7,Light Cloud,A gentle breeze from the west,W,W,Westerly,14,9,2023-01-22T09:05:00+00:00,2023-01-22T16:01:15.994Z,2634341,City of Westminster
Light cloud and a gentle breeze,36,5,42,29,18,82,2023-01-29,9,Low chance of precipitation,1024,8,46,22:00,1,Good,7,Light Cloud,A gentle breeze from the west,W,W,Westerly,14,9,2023-01-22T09:05:00+00:00,2023-01-22T16:01:15.994Z,2634341,City of Westminster
Light cloud and a gentle breeze,36,5,42,29,18,83,2023-01-29,7,Low chance of precipitation,1023,7,45,23:00,1,Good,7,Light Cloud,A gentle breeze from the west,W,W,Westerly,14,9,2023-01-22T09:05:00+00:00,2023-01-22T16:01:15.994Z,2634341,City of Westminster
Light cloud and a gentle breeze,36,5,41,30,18,84,2023-01-30,6,Low chance of precipitation,1023,7,45,00:00,1,Good,7,Light Cloud,A gentle breeze from the west,W,W,Westerly,15,9,2023-01-22T09:05:00+00:00,2023-01-22T16:01:15.994Z,2634341,City of Westminster
Light cloud and a gentle breeze,36,5,41,30,19,83,2023-01-30,7,Low chance of precipitation,1022,7,45,01:00,1,Good,7,Light Cloud,A gentle breeze from the west,W,W,Westerly,15,10,2023-01-22T09:05:00+00:00,2023-01-22T16:01:15.994Z,2634341,City of Westminster
Light cloud and a gentle breeze,36,5,41,31,19,83,2023-01-30,8,Low chance of precipitation,1021,7,45,02:00,1,Good,7,Light Cloud,A gentle breeze from the west,W,W,Westerly,16,10,2023-01-22T09:05:00+00:00,2023-01-22T16:01:15.994Z,2634341,City of Westminster
Light cloud and a gentle breeze,36,5,41,31,19,83,2023-01-30,7,Low chance of precipitation,1021,7,45,03:00,1,Good,7,Light Cloud,A gentle breeze from the west,W,W,Westerly,16,10,2023-01-22T09:05:00+00:00,2023-01-22T16:01:15.994Z,2634341,City of Westminster
Light cloud and a gentle breeze,36,5,41,32,20,82,2023-01-30,7,Low chance of precipitation,1020,7,45,04:00,1,Good,7,Light Cloud,A gentle breeze from the west,W,W,Westerly,16,10,2023-01-22T09:05:00+00:00,2023-01-22T16:01:15.994Z,2634341,City of Westminster
Light cloud and a gentle breeze,36,5,41,32,20,82,2023-01-30,8,Low chance of precipitation,1020,7,45,05:00,1,Good,7,Light Cloud,A gentle breeze from the west,W,W,Westerly,16,10,2023-01-22T09:05:00+00:00,2023-01-22T16:01:15.994Z,2634341,City of Westminster
Light cloud and a gentle breeze,36,5,41,31,19,82,2023-01-30,7,Low chance of precipitation,1019,7,45,06:00,1,Good,7,Light Cloud,A gentle breeze from the west,W,W,Westerly,16,10,2023-01-22T16:01:16+00:00,2023-01-22T16:01:15.994Z,2634341,City of Westminster
Light cloud and a gentle breeze,36,5,41,31,19,82,2023-01-30,6,Low chance of precipitation,1019,7,45,07:00,1,Good,7,Light Cloud,A gentle breeze from the west,W,W,Westerly,16,10,2023-01-22T16:01:16+00:00,2023-01-22T16:01:15.994Z,2634341,City of Westminster
Light cloud and a gentle breeze,7,5,41,32,20,82,2023-01-30,5,Low chance of precipitation,1019,7,45,08:00,1,Good,7,Light Cloud,A gentle breeze from the west,W,W,Westerly,16,10,2023-01-22T16:01:16+00:00,2023-01-22T16:01:15.994Z,2634341,City of Westminster
Light cloud and a gentle breeze,7,6,42,34,21,81,2023-01-30,4,Low chance of precipitation,1019,8,46,09:00,1,Good,7,Light Cloud,A gentle breeze from the west,W,W,Westerly,17,11,2023-01-22T16:01:16+00:00,2023-01-22T16:01:15.994Z,2634341,City of Westminster
Light cloud and a gentle breeze,7,6,43,36,22,79,2023-01-30,4,Low chance of precipitation,1019,9,47,10:00,1,Good,7,Light Cloud,A gentle breeze from the west,W,W,Westerly,18,11,2023-01-22T16:01:16+00:00,2023-01-22T16:01:15.994Z,2634341,City of Westminster
Light cloud and a gentle breeze,7,7,45,37,23,77,2023-01-30,5,Low chance of precipitation,1019,9,49,11:00,1,Good,7,Light Cloud,A gentle breeze from the west,W,W,Westerly,19,12,2023-01-22T16:01:16+00:00,2023-01-22T16:01:15.994Z,2634341,City of Westminster
Light cloud and a gentle breeze,7,8,46,37,23,74,2023-01-30,6,Low chance of precipitation,1019,10,49,12:00,1,Good,7,Light Cloud,A gentle breeze from the west,W,W,Westerly,19,12,2023-01-22T16:01:16+00:00,2023-01-22T16:01:15.994Z,2634341,City of Westminster
Light cloud and a gentle breeze,7,8,46,37,23,73,2023-01-30,9,Low chance of precipitation,1019,10,50,13:00,1,Good,7,Light Cloud,A gentle breeze from the west,W,W,Westerly,19,12,2023-01-22T16:01:16+00:00,2023-01-22T16:01:15.994Z,2634341,City of Westminster
Light cloud and a gentle breeze,7,8,47,35,22,72,2023-01-30,13,Low chance of precipitation,1019,10,50,14:00,1,Good,7,Light Cloud,A gentle breeze from the west,W,W,Westerly,19,12,2023-01-22T16:01:16+00:00,2023-01-22T16:01:15.994Z,2634341,City of Westminster
Light cloud and a gentle breeze,7,8,46,33,20,72,2023-01-30,15,Low chance of precipitation,1019,10,50,15:00,1,Good,7,Light Cloud,A gentle breeze from the west,W,W,Westerly,18,11,2023-01-22T16:01:16+00:00,2023-01-22T16:01:15.994Z,2634341,City of Westminster
Light cloud and a gentle breeze,7,8,46,30,19,73,2023-01-30,16,Low chance of precipitation,1019,9,49,16:00,1,Good,7,Light Cloud,A gentle breeze from the west,W,W,Westerly,17,10,2023-01-22T16:01:16+00:00,2023-01-22T16:01:15.994Z,2634341,City of Westminster
Light cloud and a gentle breeze,36,7,45,28,18,75,2023-01-30,16,Low chance of precipitation,1019,9,48,17:00,1,Good,7,Light Cloud,A gentle breeze from the west,W,W,Westerly,15,9,2023-01-22T16:01:16+00:00,2023-01-22T16:01:15.994Z,2634341,City of Westminster
Light cloud and a gentle breeze,36,7,44,28,17,78,2023-01-30,16,Low chance of precipitation,1019,9,47,18:00,1,Good,7,Light Cloud,A gentle breeze from the west,W,W,Westerly,14,9,2023-01-22T16:01:16+00:00,2023-01-22T16:01:15.994Z,2634341,City of Westminster
Light cloud and a gentle breeze,36,6,43,28,17,79,2023-01-30,15,Low chance of precipitation,1019,8,47,19:00,1,Good,7,Light Cloud,A gentle breeze from the west,W,W,Westerly,14,9,2023-01-22T16:01:16+00:00,2023-01-22T16:01:15.994Z,2634341,City of Westminster
Light cloud and a gentle breeze,36,6,43,29,18,80,2023-01-30,12,Low chance of precipitation,1019,8,46,20:00,1,Good,7,Light Cloud,A gentle breeze from the west,W,W,Westerly,14,8,2023-01-22T16:01:16+00:00,2023-01-22T16:01:15.994Z,2634341,City of Westminster
Light cloud and a gentle breeze,36,6,42,29,18,81,2023-01-30,11,Low chance of precipitation,1019,8,46,21:00,1,Good,7,Light Cloud,A gentle breeze from the west,W,W,Westerly,14,9,2023-01-22T16:01:16+00:00,2023-01-22T16:01:15.994Z,2634341,City of Westminster
Light cloud and a gentle breeze,36,5,41,28,18,82,2023-01-30,9,Low chance of precipitation,1019,7,45,22:00,1,Good,7,Light Cloud,A gentle breeze from the west,W,W,Westerly,14,9,2023-01-22T16:01:16+00:00,2023-01-22T16:01:15.994Z,2634341,City of Westminster
Light cloud and a gentle breeze,36,5,41,28,18,82,2023-01-30,8,Low chance of precipitation,1019,7,45,23:00,1,Good,7,Light Cloud,A gentle breeze from the west,W,W,Westerly,14,9,2023-01-22T16:01:16+00:00,2023-01-22T16:01:15.994Z,2634341,City of Westminster
Light cloud and a gentle breeze,36,5,41,28,18,83,2023-01-31,7,Low chance of precipitation,1019,7,45,00:00,1,Good,7,Light Cloud,A gentle breeze from the west,W,W,Westerly,14,9,2023-01-22T16:01:16+00:00,2023-01-22T16:01:15.994Z,2634341,City of Westminster
Light cloud and a gentle breeze,36,5,41,28,18,82,2023-01-31,7,Low chance of precipitation,1019,7,45,01:00,1,Good,7,Light Cloud,A gentle breeze from the west,W,W,Westerly,14,9,2023-01-22T16:01:16+00:00,2023-01-22T16:01:15.994Z,2634341,City of Westminster
Light cloud and a gentle breeze,36,5,41,28,18,82,2023-01-31,8,Low chance of precipitation,1019,7,45,02:00,1,Good,7,Light Cloud,A gentle breeze from the west,W,W,Westerly,14,9,2023-01-22T16:01:16+00:00,2023-01-22T16:01:15.994Z,2634341,City of Westminster
Light cloud and a gentle breeze,36,5,41,28,18,81,2023-01-31,7,Low chance of precipitation,1019,7,45,03:00,1,Good,7,Light Cloud,A gentle breeze from the west,W,W,Westerly,14,9,2023-01-22T16:01:16+00:00,2023-01-22T16:01:15.994Z,2634341,City of Westminster
Light cloud and a gentle breeze,36,5,41,28,18,81,2023-01-31,7,Low chance of precipitation,1020,7,45,04:00,1,Good,7,Light Cloud,A gentle breeze from the west,W,W,Westerly,14,9,2023-01-22T16:01:16+00:00,2023-01-22T16:01:15.994Z,2634341,City of Westminster
Light cloud and a gentle breeze,36,5,40,28,17,81,2023-01-31,7,Low chance of precipitation,1020,7,45,05:00,1,Good,7,Light Cloud,A gentle breeze from the west,W,W,Westerly,14,9,2023-01-22T16:01:16+00:00,2023-01-22T16:01:15.994Z,2634341,City of Westminster
Light cloud and a gentle breeze,36,5,41,27,17,81,2023-01-31,7,Low chance of precipitation,1020,7,45,06:00,1,Good,7,Light Cloud,A gentle breeze from the west,W,W,Westerly,14,9,2023-01-22T16:01:16+00:00,2023-01-22T16:01:15.994Z,2634341,City of Westminster
Light cloud and a gentle breeze,36,5,40,28,18,82,2023-01-31,6,Low chance of precipitation,1021,7,44,07:00,1,Good,7,Light Cloud,A gentle breeze from the west,W,W,Westerly,14,9,2023-01-22T16:01:16+00:00,2023-01-22T16:01:15.994Z,2634341,City of Westminster
Light cloud and a gentle breeze,7,5,41,30,19,82,2023-01-31,5,Low chance of precipitation,1022,7,45,08:00,1,Good,7,Light Cloud,A gentle breeze from the west,W,W,Westerly,15,9,2023-01-22T16:01:16+00:00,2023-01-22T16:01:15.994Z,2634341,City of Westminster
Light cloud and a gentle breeze,7,5,42,33,20,81,2023-01-31,5,Low chance of precipitation,1022,8,46,09:00,1,Good,7,Light Cloud,A gentle breeze from the west,W,W,Westerly,16,10,2023-01-22T16:01:16+00:00,2023-01-22T16:01:15.994Z,2634341,City of Westminster
Light cloud and a gentle breeze,7,6,43,35,22,79,2023-01-31,5,Low chance of precipitation,1023,8,47,10:00,1,Good,7,Light Cloud,A gentle breeze from the west,W,W,Westerly,17,11,2023-01-22T16:01:16+00:00,2023-01-22T16:01:15.994Z,2634341,City of Westminster
Light cloud and a gentle breeze,7,7,44,37,23,77,2023-01-31,6,Low chance of precipitation,1023,9,48,11:00,1,Good,7,Light Cloud,A gentle breeze from the west,W,W,Westerly,19,12,2023-01-22T16:01:16+00:00,2023-01-22T16:01:15.994Z,2634341,City of Westminster
Light cloud and a gentle breeze,7,7,45,38,23,75,2023-01-31,7,Low chance of precipitation,1024,9,49,12:00,1,Good,7,Light Cloud,A gentle breeze from the west,W,W,Westerly,19,12,2023-01-22T16:01:16+00:00,2023-01-22T16:01:15.994Z,2634341,City of Westminster
Light cloud and a gentle breeze,7,8,46,38,24,74,2023-01-31,9,Low chance of precipitation,1024,10,49,13:00,1,Good,7,Light Cloud,A gentle breeze from the west,W,W,Westerly,20,12,2023-01-22T16:01:16+00:00,2023-01-22T16:01:15.994Z,2634341,City of Westminster
Light cloud and a gentle breeze,7,8,46,37,23,73,2023-01-31,12,Low chance of precipitation,1024,10,49,14:00,1,Good,7,Light Cloud,A gentle breeze from the west,W,W,Westerly,20,12,2023-01-22T16:01:16+00:00,2023-01-22T16:01:15.994Z,2634341,City of Westminster
Light cloud and a gentle breeze,7,7,45,36,22,73,2023-01-31,14,Low chance of precipitation,1024,9,49,15:00,1,Good,7,Light Cloud,A gentle breeze from the west,W,W,Westerly,19,12,2023-01-22T16:01:16+00:00,2023-01-22T16:01:15.994Z,2634341,City of Westminster
Light cloud and a gentle breeze,7,7,45,35,22,74,2023-01-31,14,Low chance of precipitation,1024,9,49,16:00,1,Good,7,Light Cloud,A gentle breeze from the west south west,WSW,WSW,West South Westerly,18,11,2023-01-22T16:01:16+00:00,2023-01-22T16:01:15.994Z,2634341,City of Westminster
Light cloud and a gentle breeze,36,7,44,33,21,76,2023-01-31,14,Low chance of precipitation,1023,9,48,17:00,1,Good,7,Light Cloud,A gentle breeze from the west south west,WSW,WSW,West South Westerly,17,11,2023-01-22T16:01:16+00:00,2023-01-22T16:01:15.994Z,2634341,City of Westminster
Light cloud and a gentle breeze,36,6,43,32,20,78,2023-01-31,14,Low chance of precipitation,1023,8,47,18:00,1,Good,7,Light Cloud,A gentle breeze from the west south west,WSW,WSW,West South Westerly,17,10,2023-01-22T16:01:16+00:00,2023-01-22T16:01:15.994Z,2634341,City of Westminster
Light cloud and a gentle breeze,36,6,42,32,20,79,2023-01-31,13,Low chance of precipitation,1023,8,46,19:00,1,Good,7,Light Cloud,A gentle breeze from the west south west,WSW,WSW,West South Westerly,16,10,2023-01-22T16:01:16+00:00,2023-01-22T16:01:15.994Z,2634341,City of Westminster
Light cloud and a gentle breeze,36,6,42,31,19,80,2023-01-31,10,Low chance of precipitation,1023,8,46,20:00,1,Good,7,Light Cloud,A gentle breeze from the west south west,WSW,WSW,West South Westerly,16,10,2023-01-22T16:01:16+00:00,2023-01-22T16:01:15.994Z,2634341,City of Westminster
Light cloud and a gentle breeze,36,5,42,30,19,80,2023-01-31,9,Low chance of precipitation,1023,8,46,21:00,1,Good,7,Light Cloud,A gentle breeze from the west south west,WSW,WSW,West South Westerly,16,10,2023-01-22T16:01:16+00:00,2023-01-22T16:01:15.994Z,2634341,City of Westminster
Light cloud and a gentle breeze,36,5,42,29,18,80,2023-01-31,8,Low chance of precipitation,1023,8,46,22:00,1,Good,7,Light Cloud,A gentle breeze from the west,W,W,Westerly,15,9,2023-01-22T16:01:16+00:00,2023-01-22T16:01:15.994Z,2634341,City of Westminster
Light cloud and a gentle breeze,36,5,41,28,18,81,2023-01-31,7,Low chance of precipitation,1023,7,45,23:00,1,Good,7,Light Cloud,A gentle breeze from the west,W,W,Westerly,15,9,2023-01-22T16:01:16+00:00,2023-01-22T16:01:15.994Z,2634341,City of Westminster
Light cloud and a gentle breeze,36,5,41,29,18,81,2023-02-01,6,Low chance of precipitation,1023,7,45,00:00,1,Good,7,Light Cloud,A gentle breeze from the west,W,W,Westerly,15,9,2023-01-22T16:01:16+00:00,2023-01-22T16:01:15.994Z,2634341,City of Westminster
Light cloud and a gentle breeze,36,5,41,29,18,81,2023-02-01,8,Low chance of precipitation,1022,7,45,01:00,1,Good,7,Light Cloud,A gentle breeze from the west,W,W,Westerly,15,9,2023-01-22T16:01:16+00:00,2023-01-22T16:01:15.994Z,2634341,City of Westminster
Light cloud and a gentle breeze,36,5,41,30,18,81,2023-02-01,11,Low chance of precipitation,1021,7,45,02:00,1,Good,7,Light Cloud,A gentle breeze from the west,W,W,Westerly,15,9,2023-01-22T16:01:16+00:00,2023-01-22T16:01:15.994Z,2634341,City of Westminster
Light cloud and a gentle breeze,36,5,41,30,19,81,2023-02-01,12,Low chance of precipitation,1020,7,45,03:00,1,Good,7,Light Cloud,A gentle breeze from the west,W,W,Westerly,15,9,2023-01-22T16:01:16+00:00,2023-01-22T16:01:15.994Z,2634341,City of Westminster
Light cloud and a gentle breeze,36,5,40,30,19,81,2023-02-01,13,Low chance of precipitation,1020,7,45,04:00,1,Good,7,Light Cloud,A gentle breeze from the west,W,W,Westerly,15,9,2023-01-22T16:01:16+00:00,2023-01-22T16:01:15.994Z,2634341,City of Westminster
Light cloud and a gentle breeze,36,4,40,30,19,82,2023-02-01,14,Low chance of precipitation,1019,7,44,05:00,1,Good,7,Light Cloud,A gentle breeze from the west,W,W,Westerly,15,9,2023-01-22T16:01:16+00:00,2023-01-22T16:01:15.994Z,2634341,City of Westminster
Light cloud and a gentle breeze,36,4,39,29,18,82,2023-02-01,14,Low chance of precipitation,1019,7,44,06:00,1,Good,7,Light Cloud,A gentle breeze from the west,W,W,Westerly,15,9,2023-01-22T16:01:16+00:00,2023-01-22T16:01:15.994Z,2634341,City of Westminster
Light cloud and a gentle breeze,36,4,39,30,18,83,2023-02-01,12,Low chance of precipitation,1020,6,43,07:00,1,Good,7,Light Cloud,A gentle breeze from the west,W,W,Westerly,15,9,2023-01-22T16:01:16+00:00,2023-01-22T16:01:15.994Z,2634341,City of Westminster
Light cloud and a gentle breeze,7,4,39,31,19,83,2023-02-01,11,Low chance of precipitation,1020,6,43,08:00,1,Good,7,Light Cloud,A gentle breeze from the west,W,W,Westerly,15,9,2023-01-22T16:01:16+00:00,2023-01-22T16:01:15.994Z,2634341,City of Westminster
Light cloud and a gentle breeze,7,4,40,32,20,82,2023-02-01,11,Low chance of precipitation,1021,7,44,09:00,1,Good,7,Light Cloud,A gentle breeze from the west,W,W,Westerly,16,10,2023-01-22T16:01:16+00:00,2023-01-22T16:01:15.994Z,2634341,City of Westminster
Light cloud and a gentle breeze,7,5,41,34,21,79,2023-02-01,12,Low chance of precipitation,1022,7,45,10:00,1,Good,7,Light Cloud,A gentle breeze from the west,W,W,Westerly,17,11,2023-01-22T16:01:16+00:00,2023-01-22T16:01:15.994Z,2634341,City of Westminster
Light cloud and a gentle breeze,7,5,42,35,22,76,2023-02-01,12,Low chance of precipitation,1023,8,46,11:00,1,Good,7,Light Cloud,A gentle breeze from the west,W,W,Westerly,18,11,2023-01-22T16:01:16+00:00,2023-01-22T16:01:15.994Z,2634341,City of Westminster
Light cloud and a gentle breeze,7,6,42,36,22,74,2023-02-01,11,Low chance of precipitation,1024,8,47,12:00,1,Good,7,Light Cloud,A gentle breeze from the west,W,W,Westerly,19,12,2023-01-22T16:01:16+00:00,2023-01-22T16:01:15.994Z,2634341,City of Westminster
Light cloud and a gentle breeze,7,6,43,36,22,72,2023-02-01,11,Low chance of precipitation,1025,8,47,13:00,1,Good,7,Light Cloud,A gentle breeze from the west,W,W,Westerly,19,12,2023-01-22T16:01:16+00:00,2023-01-22T16:01:15.994Z,2634341,City of Westminster
Light cloud and a gentle breeze,7,6,43,35,22,70,2023-02-01,12,Low chance of precipitation,1025,9,47,14:00,1,Good,7,Light Cloud,A gentle breeze from the west,W,W,Westerly,19,12,2023-01-22T16:01:16+00:00,2023-01-22T16:01:15.994Z,2634341,City of Westminster
Light cloud and a gentle breeze,7,6,43,34,21,70,2023-02-01,12,Low chance of precipitation,1026,9,47,15:00,1,Good,7,Light Cloud,A gentle breeze from the west,W,W,Westerly,18,11,2023-01-22T16:01:16+00:00,2023-01-22T16:01:15.994Z,2634341,City of Westminster
Light cloud and a gentle breeze,7,6,43,32,20,70,2023-02-01,11,Low chance of precipitation,1027,8,47,16:00,1,Good,7,Light Cloud,A gentle breeze from the west,W,W,Westerly,17,11,2023-01-22T16:01:16+00:00,2023-01-22T16:01:15.994Z,2634341,City of Westminster
Light cloud and a gentle breeze,36,5,42,31,19,72,2023-02-01,10,Low chance of precipitation,1028,8,46,17:00,1,Good,7,Light Cloud,A gentle breeze from the west,W,W,Westerly,17,10,2023-01-22T16:01:16+00:00,2023-01-22T16:01:15.994Z,2634341,City of Westminster
Light cloud and a gentle breeze,36,5,41,30,19,74,2023-02-01,8,Low chance of precipitation,1028,7,45,18:00,1,Good,7,Light Cloud,A gentle breeze from the west,W,W,Westerly,16,10,2023-01-22T16:01:16+00:00,2023-01-22T16:01:15.994Z,2634341,City of Westminster
Light cloud and a gentle breeze,36,4,40,30,19,76,2023-02-01,7,Low chance of precipitation,1029,7,44,19:00,1,Good,7,Light Cloud,A gentle breeze from the west,W,W,Westerly,15,10,2023-01-22T16:01:16+00:00,2023-01-22T16:01:15.994Z,2634341,City of Westminster
Light cloud and a gentle breeze,36,4,39,29,18,77,2023-02-01,6,Low chance of precipitation,1030,7,44,20:00,1,Good,7,Light Cloud,A gentle breeze from the west,W,W,Westerly,15,9,2023-01-22T16:01:16+00:00,2023-01-22T16:01:15.994Z,2634341,City of Westminster
Light cloud and a gentle breeze,36,4,38,28,18,79,2023-02-01,6,Low chance of precipitation,1030,6,43,21:00,1,Good,7,Light Cloud,A gentle breeze from the west,W,W,Westerly,15,9,2023-01-22T16:01:16+00:00,2023-01-22T16:01:15.994Z,2634341,City of Westminster
Light cloud and a gentle breeze,36,3,38,27,17,80,2023-02-01,7,Low chance of precipitation,1031,6,43,22:00,1,Good,7,Light Cloud,A gentle breeze from the west,W,W,Westerly,14,9,2023-01-22T16:01:16+00:00,2023-01-22T16:01:15.994Z,2634341,City of Westminster
Light cloud and a gentle breeze,36,3,37,27,17,81,2023-02-01,6,Low chance of precipitation,1032,6,42,23:00,1,Good,7,Light Cloud,A gentle breeze from the west,W,W,Westerly,14,9,2023-01-22T16:01:16+00:00,2023-01-22T16:01:15.994Z,2634341,City of Westminster
Light cloud and a gentle breeze,36,3,37,27,17,82,2023-02-02,6,Low chance of precipitation,1032,6,42,00:00,1,Good,7,Light Cloud,A gentle breeze from the west,W,W,Westerly,14,9,2023-01-22T16:01:16+00:00,2023-01-22T16:01:15.994Z,2634341,City of Westminster
Light cloud and a gentle breeze,36,3,37,27,17,82,2023-02-02,8,Low chance of precipitation,1032,5,42,01:00,1,Good,7,Light Cloud,A gentle breeze from the west,W,W,Westerly,14,8,2023-01-22T16:01:16+00:00,2023-01-22T16:01:15.994Z,2634341,City of Westminster
Light cloud and a gentle breeze,36,3,37,27,17,82,2023-02-02,9,Low chance of precipitation,1032,5,42,02:00,1,Good,7,Light Cloud,A gentle breeze from the west,W,W,Westerly,13,8,2023-01-22T16:01:16+00:00,2023-01-22T16:01:15.994Z,2634341,City of Westminster
Light cloud and a gentle breeze,36,3,37,28,17,82,2023-02-02,10,Low chance of precipitation,1033,5,42,03:00,1,Good,7,Light Cloud,A gentle breeze from the west,W,W,Westerly,13,8,2023-01-22T16:01:16+00:00,2023-01-22T16:01:15.994Z,2634341,City of Westminster
Light cloud and a gentle breeze,36,3,37,27,17,83,2023-02-02,11,Low chance of precipitation,1033,5,41,04:00,1,Good,7,Light Cloud,A gentle breeze from the west south west,WSW,WSW,West South Westerly,13,8,2023-01-22T16:01:16+00:00,2023-01-22T16:01:15.994Z,2634341,City of Westminster
Light cloud and a gentle breeze,36,3,37,27,17,83,2023-02-02,12,Low chance of precipitation,1033,5,41,05:00,1,Good,7,Light Cloud,A gentle breeze from the west south west,WSW,WSW,West South Westerly,13,8,2023-01-22T16:01:16+00:00,2023-01-22T16:01:15.994Z,2634341,City of Westminster
Light cloud and a gentle breeze,36,3,37,26,16,83,2023-02-02,12,Low chance of precipitation,1033,5,41,06:00,1,Good,7,Light Cloud,A gentle breeze from the west south west,WSW,WSW,West South Westerly,13,8,2023-01-22T16:01:16+00:00,2023-01-22T16:01:15.994Z,2634341,City of Westminster
Light cloud and a gentle breeze,36,3,37,26,16,84,2023-02-02,11,Low chance of precipitation,1033,5,41,07:00,1,Good,7,Light Cloud,A gentle breeze from the west south west,WSW,WSW,West South Westerly,13,8,2023-01-22T16:01:16+00:00,2023-01-22T16:01:15.994Z,2634341,City of Westminster
Light cloud and a gentle breeze,7,3,37,27,17,83,2023-02-02,11,Low chance of precipitation,1033,5,42,08:00,1,Good,7,Light Cloud,A gentle breeze from the west south west,WSW,WSW,West South Westerly,13,8,2023-01-22T16:01:16+00:00,2023-01-22T16:01:15.994Z,2634341,City of Westminster
Light cloud and a gentle breeze,7,3,38,29,18,82,2023-02-02,11,Low chance of precipitation,1034,6,43,09:00,1,Good,7,Light Cloud,A gentle breeze from the west south west,WSW,WSW,West South Westerly,14,8,2023-01-22T16:01:16+00:00,2023-01-22T16:01:15.994Z,2634341,City of Westminster
Light cloud and a gentle breeze,7,4,40,30,19,79,2023-02-02,12,Low chance of precipitation,1034,7,44,10:00,1,Good,7,Light Cloud,A gentle breeze from the west south west,WSW,WSW,West South Westerly,14,9,2023-01-22T16:01:16+00:00,2023-01-22T16:01:15.994Z,2634341,City of Westminster
Light cloud and a gentle breeze,7,5,41,31,19,76,2023-02-02,13,Low chance of precipitation,1034,7,45,11:00,1,Good,7,Light Cloud,A gentle breeze from the west south west,WSW,WSW,West South Westerly,15,10,2023-01-22T16:01:16+00:00,2023-01-22T16:01:15.994Z,2634341,City of Westminster
Light cloud and a gentle breeze,7,6,42,32,20,73,2023-02-02,13,Low chance of precipitation,1034,8,46,12:00,1,Good,7,Light Cloud,A gentle breeze from the west south west,WSW,WSW,West South Westerly,16,10,2023-01-22T16:01:16+00:00,2023-01-22T16:01:15.994Z,2634341,City of Westminster
Light cloud and a gentle breeze,7,6,43,32,20,72,2023-02-02,13,Low chance of precipitation,1034,8,47,13:00,1,Good,7,Light Cloud,A gentle breeze from the west south west,WSW,WSW,West South Westerly,17,10,2023-01-22T16:01:16+00:00,2023-01-22T16:01:15.994Z,2634341,City of Westminster
Light cloud and a gentle breeze,7,6,43,32,20,71,2023-02-02,14,Low chance of precipitation,1034,8,47,14:00,1,Good,7,Light Cloud,A gentle breeze from the west south west,WSW,WSW,West South Westerly,17,10,2023-01-22T16:01:16+00:00,2023-01-22T16:01:15.994Z,2634341,City of Westminster
Light cloud and a gentle breeze,7,6,43,31,19,70,2023-02-02,15,Low chance of precipitation,1035,8,47,15:00,1,Good,7,Light Cloud,A gentle breeze from the west south west,WSW,WSW,West South Westerly,16,10,2023-01-22T16:01:16+00:00,2023-01-22T16:01:15.994Z,2634341,City of Westminster
Light cloud and a gentle breeze,7,6,43,30,18,71,2023-02-02,14,Low chance of precipitation,1035,8,47,16:00,1,Good,7,Light Cloud,A gentle breeze from the west south west,WSW,WSW,West South Westerly,15,10,2023-01-22T16:01:16+00:00,2023-01-22T16:01:15.994Z,2634341,City of Westminster
Light cloud and a gentle breeze,36,5,42,29,18,73,2023-02-02,12,Low chance of precipitation,1035,8,46,17:00,1,Good,7,Light Cloud,A gentle breeze from the west south west,WSW,WSW,West South Westerly,15,9,2023-01-22T16:01:16+00:00,2023-01-22T16:01:15.994Z,2634341,City of Westminster
Light cloud and a gentle breeze,36,5,41,28,18,75,2023-02-02,11,Low chance of precipitation,1035,7,45,18:00,1,Good,7,Light Cloud,A gentle breeze from the west south west,WSW,WSW,West South Westerly,14,9,2023-01-22T16:01:16+00:00,2023-01-22T16:01:15.994Z,2634341,City of Westminster
Light cloud and a gentle breeze,36,5,40,28,17,77,2023-02-02,10,Low chance of precipitation,1035,7,44,19:00,1,Good,7,Light Cloud,A gentle breeze from the west south west,WSW,WSW,West South Westerly,14,9,2023-01-22T16:01:16+00:00,2023-01-22T16:01:15.994Z,2634341,City of Westminster
Light cloud and a gentle breeze,36,4,39,27,17,78,2023-02-02,8,Low chance of precipitation,1035,7,44,20:00,1,Good,7,Light Cloud,A gentle breeze from the west south west,WSW,WSW,West South Westerly,14,9,2023-01-22T16:01:16+00:00,2023-01-22T16:01:15.994Z,2634341,City of Westminster
Light cloud and a gentle breeze,36,4,39,27,17,79,2023-02-02,7,Low chance of precipitation,1035,6,43,21:00,1,Good,7,Light Cloud,A gentle breeze from the west south west,WSW,WSW,West South Westerly,14,8,2023-01-22T16:01:16+00:00,2023-01-22T16:01:15.994Z,2634341,City of Westminster
Light cloud and a gentle breeze,36,4,39,26,16,80,2023-02-02,7,Low chance of precipitation,1035,6,43,22:00,1,Good,7,Light Cloud,A gentle breeze from the west south west,WSW,WSW,West South Westerly,13,8,2023-01-22T16:01:16+00:00,2023-01-22T16:01:15.994Z,2634341,City of Westminster
Light cloud and a gentle breeze,36,3,38,26,16,82,2023-02-02,6,Low chance of precipitation,1035,6,43,23:00,1,Good,7,Light Cloud,A gentle breeze from the west south west,WSW,WSW,West South Westerly,13,8,2023-01-22T16:01:16+00:00,2023-01-22T16:01:15.994Z,2634341,City of Westminster
Light cloud and a gentle breeze,36,3,38,26,16,83,2023-02-03,6,Low chance of precipitation,1035,6,42,00:00,1,Good,7,Light Cloud,A gentle breeze from the west south west,WSW,WSW,West South Westerly,13,8,2023-01-22T16:01:16+00:00,2023-01-22T16:01:15.994Z,2634341,City of Westminster
Light cloud and a gentle breeze,36,3,38,25,16,83,2023-02-03,7,Low chance of precipitation,1035,6,42,01:00,1,Good,7,Light Cloud,A gentle breeze from the west south west,WSW,WSW,West South Westerly,13,8,2023-01-22T16:01:16+00:00,2023-01-22T16:01:15.994Z,2634341,City of Westminster
Light cloud and a gentle breeze,36,3,38,25,16,83,2023-02-03,9,Low chance of precipitation,1035,6,42,02:00,1,Good,7,Light Cloud,A gentle breeze from the west south west,WSW,WSW,West South Westerly,13,8,2023-01-22T16:01:16+00:00,2023-01-22T16:01:15.994Z,2634341,City of Westminster
Light cloud and a gentle breeze,36,3,37,25,16,84,2023-02-03,9,Low chance of precipitation,1035,5,42,03:00,1,Good,7,Light Cloud,A gentle breeze from the west south west,WSW,WSW,West South Westerly,12,8,2023-01-22T16:01:16+00:00,2023-01-22T16:01:15.994Z,2634341,City of Westminster
Light cloud and a gentle breeze,36,3,37,25,15,84,2023-02-03,9,Low chance of precipitation,1035,5,42,04:00,1,Good,7,Light Cloud,A gentle breeze from the west south west,WSW,WSW,West South Westerly,12,8,2023-01-22T16:01:16+00:00,2023-01-22T16:01:15.994Z,2634341,City of Westminster
Light cloud and a gentle breeze,36,3,37,24,15,85,2023-02-03,10,Low chance of precipitation,1035,5,41,05:00,1,Good,7,Light Cloud,A gentle breeze from the west south west,WSW,WSW,West South Westerly,12,8,2023-01-22T16:01:16+00:00,2023-01-22T16:01:15.994Z,2634341,City of Westminster
Light cloud and light winds,36,3,37,23,14,85,2023-02-03,10,Low chance of precipitation,1035,5,41,06:00,1,Good,7,Light Cloud,Light winds from the west south west,WSW,WSW,West South Westerly,12,7,2023-01-22T16:01:16+00:00,2023-01-22T16:01:15.994Z,2634341,City of Westminster
Light cloud and light winds,36,3,37,24,15,86,2023-02-03,9,Low chance of precipitation,1035,5,41,07:00,1,Good,7,Light Cloud,Light winds from the west south west,WSW,WSW,West South Westerly,12,7,2023-01-22T16:01:16+00:00,2023-01-22T16:01:15.994Z,2634341,City of Westminster
Light cloud and light winds,7,3,38,25,15,85,2023-02-03,8,Low chance of precipitation,1035,5,42,08:00,1,Good,7,Light Cloud,Light winds from the west south west,WSW,WSW,West South Westerly,12,7,2023-01-22T16:01:16+00:00,2023-01-22T16:01:15.994Z,2634341,City of Westminster
Light cloud and a gentle breeze,7,4,39,27,17,83,2023-02-03,8,Low chance of precipitation,1035,6,43,09:00,1,Good,7,Light Cloud,A gentle breeze from the west south west,WSW,WSW,West South Westerly,13,8,2023-01-22T16:01:16+00:00,2023-01-22T16:01:15.994Z,2634341,City of Westminster
Light cloud and a gentle breeze,7,5,40,29,18,80,2023-02-03,9,Low chance of precipitation,1036,7,44,10:00,1,Good,7,Light Cloud,A gentle breeze from the west south west,WSW,WSW,West South Westerly,14,8,2023-01-22T16:01:16+00:00,2023-01-22T16:01:15.994Z,2634341,City of Westminster
Light cloud and a gentle breeze,7,5,42,30,19,77,2023-02-03,9,Low chance of precipitation,1036,8,46,11:00,1,Good,7,Light Cloud,A gentle breeze from the west south west,WSW,WSW,West South Westerly,14,9,2023-01-22T16:01:16+00:00,2023-01-22T16:01:15.994Z,2634341,City of Westminster
Light cloud and a gentle breeze,7,6,43,31,19,74,2023-02-03,9,Low chance of precipitation,1036,8,47,12:00,1,Good,7,Light Cloud,A gentle breeze from the west south west,WSW,WSW,West South Westerly,15,9,2023-01-22T16:01:16+00:00,2023-01-22T16:01:15.994Z,2634341,City of Westminster
Light cloud and a gentle breeze,7,6,43,31,19,72,2023-02-03,10,Low chance of precipitation,1036,8,47,13:00,1,Good,7,Light Cloud,A gentle breeze from the west south west,WSW,WSW,West South Westerly,15,10,2023-01-22T16:01:16+00:00,2023-01-22T16:01:15.994Z,2634341,City of Westminster
Light cloud and a gentle breeze,7,7,44,30,18,71,2023-02-03,11,Low chance of precipitation,1037,9,47,14:00,1,Good,7,Light Cloud,A gentle breeze from the west south west,WSW,WSW,West South Westerly,15,9,2023-01-22T16:01:16+00:00,2023-01-22T16:01:15.994Z,2634341,City of Westminster
Light cloud and a gentle breeze,7,7,44,28,18,71,2023-02-03,13,Low chance of precipitation,1037,9,47,15:00,1,Good,7,Light Cloud,A gentle breeze from the west south west,WSW,WSW,West South Westerly,15,9,2023-01-22T16:01:16+00:00,2023-01-22T16:01:15.994Z,2634341,City of Westminster
Light cloud and a gentle breeze,7,6,43,27,17,71,2023-02-03,12,Low chance of precipitation,1037,8,47,16:00,1,Good,7,Light Cloud,A gentle breeze from the west south west,WSW,WSW,West South Westerly,14,9,2023-01-22T16:01:16+00:00,2023-01-22T16:01:15.994Z,2634341,City of Westminster
Light cloud and a gentle breeze,36,6,43,26,16,74,2023-02-03,11,Low chance of precipitation,1037,8,46,17:00,1,Good,7,Light Cloud,A gentle breeze from the west south west,WSW,WSW,West South Westerly,13,8,2023-01-22T16:01:16+00:00,2023-01-22T16:01:15.994Z,2634341,City of Westminster
Light cloud and a gentle breeze,36,5,42,26,16,76,2023-02-03,10,Low chance of precipitation,1037,7,45,18:00,1,Good,7,Light Cloud,A gentle breeze from the west south west,WSW,WSW,West South Westerly,13,8,2023-01-22T16:01:16+00:00,2023-01-22T16:01:15.994Z,2634341,City of Westminster
Light cloud and a gentle breeze,36,5,41,25,16,77,2023-02-03,9,Low chance of precipitation,1037,7,45,19:00,1,Good,7,Light Cloud,A gentle breeze from the west south west,WSW,WSW,West South Westerly,13,8,2023-01-22T16:01:16+00:00,2023-01-22T16:01:15.994Z,2634341,City of Westminster
Light cloud and a gentle breeze,36,5,40,25,16,78,2023-02-03,7,Low chance of precipitation,1037,7,44,20:00,1,Good,7,Light Cloud,A gentle breeze from the west south west,WSW,WSW,West South Westerly,12,8,2023-01-22T16:01:16+00:00,2023-01-22T16:01:15.994Z,2634341,City of Westminster
Light cloud and a gentle breeze,36,4,40,25,15,79,2023-02-03,7,Low chance of precipitation,1037,7,44,21:00,1,Good,7,Light Cloud,A gentle breeze from the west south west,WSW,WSW,West South Westerly,12,8,2023-01-22T16:01:16+00:00,2023-01-22T16:01:15.994Z,2634341,City of Westminster
Light cloud and a gentle breeze,36,4,39,24,15,80,2023-02-03,7,Low chance of precipitation,1037,6,43,22:00,1,Good,7,Light Cloud,A gentle breeze from the west south west,WSW,WSW,West South Westerly,12,8,2023-01-22T16:01:16+00:00,2023-01-22T16:01:15.994Z,2634341,City of Westminster
Light cloud and light winds,36,4,39,24,15,81,2023-02-03,6,Low chance of precipitation,1038,6,43,23:00,1,Good,7,Light Cloud,Light winds from the west south west,WSW,WSW,West South Westerly,12,7,2023-01-22T16:01:16+00:00,2023-01-22T16:01:15.994Z,2634341,City of Westminster
Light cloud and light winds,36,4,39,24,15,82,2023-02-04,6,Low chance of precipitation,1038,6,43,00:00,1,Good,7,Light Cloud,Light winds from the west south west,WSW,WSW,West South Westerly,12,7,2023-01-22T16:01:16+00:00,2023-01-22T16:01:15.994Z,2634341,City of Westminster
Light cloud and light winds,36,3,38,24,15,83,2023-02-04,7,Low chance of precipitation,1037,6,42,01:00,1,Good,7,Light Cloud,Light winds from the west south west,WSW,WSW,West South Westerly,12,7,2023-01-22T16:01:16+00:00,2023-01-22T16:01:15.994Z,2634341,City of Westminster
Light cloud and light winds,36,3,38,24,15,83,2023-02-04,9,Low chance of precipitation,1037,6,42,02:00,1,Good,7,Light Cloud,Light winds from the west south west,WSW,WSW,West South Westerly,12,7,2023-01-22T16:01:16+00:00,2023-01-22T16:01:15.994Z,2634341,City of Westminster
Light cloud and light winds,36,3,38,25,15,83,2023-02-04,10,Low chance of precipitation,1037,6,42,03:00,1,Good,7,Light Cloud,Light winds from the west south west,WSW,WSW,West South Westerly,12,7,2023-01-22T16:01:16+00:00,2023-01-22T16:01:15.994Z,2634341,City of Westminster
Light cloud and a gentle breeze,36,3,37,25,16,84,2023-02-04,10,Low chance of precipitation,1037,5,42,04:00,1,Good,7,Light Cloud,A gentle breeze from the west south west,WSW,WSW,West South Westerly,12,8,2023-01-22T16:01:16+00:00,2023-01-22T16:01:15.994Z,2634341,City of Westminster
Light cloud and a gentle breeze,36,3,37,25,15,84,2023-02-04,12,Low chance of precipitation,1037,5,41,05:00,1,Good,7,Light Cloud,A gentle breeze from the west south west,WSW,WSW,West South Westerly,12,8,2023-01-22T16:01:16+00:00,2023-01-22T16:01:15.994Z,2634341,City of Westminster
Light cloud and a gentle breeze,36,3,37,24,15,85,2023-02-04,11,Low chance of precipitation,1037,5,41,06:00,1,Good,7,Light Cloud,A gentle breeze from the west south west,WSW,WSW,West South Westerly,12,8,2023-01-22T16:01:16+00:00,2023-01-22T16:01:15.994Z,2634341,City of Westminster
Light cloud and a gentle breeze,36,3,37,24,15,85,2023-02-04,10,Low chance of precipitation,1036,5,41,07:00,1,Good,7,Light Cloud,A gentle breeze from the west south west,WSW,WSW,West South Westerly,12,8,2023-01-22T16:01:16+00:00,2023-01-22T16:01:15.994Z,2634341,City of Westminster
Light cloud and a gentle breeze,7,3,38,26,16,84,2023-02-04,10,Low chance of precipitation,1036,6,42,08:00,1,Good,7,Light Cloud,A gentle breeze from the south west,SW,SW,South Westerly,12,8,2023-01-22T16:01:16+00:00,2023-01-22T16:01:15.994Z,2634341,City of Westminster
Light cloud and a gentle breeze,7,4,39,28,17,82,2023-02-04,10,Low chance of precipitation,1036,6,43,09:00,1,Good,7,Light Cloud,A gentle breeze from the south west,SW,SW,South Westerly,13,8,2023-01-22T16:01:16+00:00,2023-01-22T16:01:15.994Z,2634341,City of Westminster
Light cloud and a gentle breeze,7,5,41,30,18,78,2023-02-04,11,Low chance of precipitation,1036,7,45,10:00,1,Good,7,Light Cloud,A gentle breeze from the west south west,WSW,WSW,West South Westerly,14,9,2023-01-22T16:01:16+00:00,2023-01-22T16:01:15.994Z,2634341,City of Westminster
Light cloud and a gentle breeze,7,6,42,31,19,74,2023-02-04,12,Low chance of precipitation,1036,8,46,11:00,1,Good,7,Light Cloud,A gentle breeze from the west south west,WSW,WSW,West South Westerly,15,9,2023-01-22T16:01:16+00:00,2023-01-22T16:01:15.994Z,2634341,City of Westminster
Light cloud and a gentle breeze,7,7,44,32,20,72,2023-02-04,11,Low chance of precipitation,1036,9,47,12:00,1,Good,7,Light Cloud,A gentle breeze from the west south west,WSW,WSW,West South Westerly,16,10,2023-01-22T16:01:16+00:00,2023-01-22T16:01:15.994Z,2634341,City of Westminster
Light cloud and a gentle breeze,7,7,44,32,20,70,2023-02-04,12,Low chance of precipitation,1035,9,48,13:00,1,Good,7,Light Cloud,A gentle breeze from the west south west,WSW,WSW,West South Westerly,16,10,2023-01-22T16:01:16+00:00,2023-01-22T16:01:15.994Z,2634341,City of Westminster
Light cloud and a gentle breeze,7,7,45,31,19,69,2023-02-04,13,Low chance of precipitation,1035,9,48,14:00,1,Good,7,Light Cloud,A gentle breeze from the west south west,WSW,WSW,West South Westerly,16,10,2023-01-22T16:01:16+00:00,2023-01-22T16:01:15.994Z,2634341,City of Westminster
Light cloud and a gentle breeze,7,7,44,30,19,69,2023-02-04,14,Low chance of precipitation,1035,9,48,15:00,1,Good,7,Light Cloud,A gentle breeze from the west south west,WSW,WSW,West South Westerly,16,10,2023-01-22T16:01:16+00:00,2023-01-22T16:01:15.994Z,2634341,City of Westminster
Light cloud and a gentle breeze,7,6,43,28,18,71,2023-02-04,13,Low chance of precipitation,1035,9,47,16:00,1,Good,7,Light Cloud,A gentle breeze from the west south west,WSW,WSW,West South Westerly,15,9,2023-01-22T16:01:16+00:00,2023-01-22T16:01:15.994Z,2634341,City of Westminster
Light cloud and a gentle breeze,36,6,43,27,17,73,2023-02-04,11,Low chance of precipitation,1035,8,46,17:00,1,Good,7,Light Cloud,A gentle breeze from the west south west,WSW,WSW,West South Westerly,14,9,2023-01-22T16:01:16+00:00,2023-01-22T16:01:15.994Z,2634341,City of Westminster
Light cloud and a gentle breeze,36,5,42,27,17,76,2023-02-04,10,Low chance of precipitation,1035,8,46,18:00,1,Good,7,Light Cloud,A gentle breeze from the south west,SW,SW,South Westerly,14,9,2023-01-22T16:01:16+00:00,2023-01-22T16:01:15.994Z,2634341,City of Westminster
Light cloud and a gentle breeze,36,5,41,26,16,77,2023-02-04,9,Low chance of precipitation,1035,7,45,19:00,1,Good,7,Light Cloud,A gentle breeze from the south west,SW,SW,South Westerly,13,8,2023-01-22T16:01:16+00:00,2023-01-22T16:01:15.994Z,2634341,City of Westminster
Light cloud and a gentle breeze,36,5,40,26,16,79,2023-02-04,8,Low chance of precipitation,1035,7,44,20:00,1,Good,7,Light Cloud,A gentle breeze from the south west,SW,SW,South Westerly,13,8,2023-01-22T16:01:16+00:00,2023-01-22T16:01:15.994Z,2634341,City of Westminster
Light cloud and a gentle breeze,36,4,40,25,16,79,2023-02-04,7,Low chance of precipitation,1035,7,44,21:00,1,Good,7,Light Cloud,A gentle breeze from the south west,SW,SW,South Westerly,13,8,2023-01-22T16:01:16+00:00,2023-01-22T16:01:15.994Z,2634341,City of Westminster
Light cloud and a gentle breeze,36,4,39,24,15,80,2023-02-04,8,Low chance of precipitation,1035,6,43,22:00,1,Good,7,Light Cloud,A gentle breeze from the south west,SW,SW,South Westerly,12,8,2023-01-22T16:01:16+00:00,2023-01-22T16:01:15.994Z,2634341,City of Westminster
Light cloud and light winds,36,4,39,24,15,81,2023-02-04,7,Low chance of precipitation,1035,6,43,23:00,1,Good,7,Light Cloud,Light winds from the south west,SW,SW,South Westerly,12,7,2023-01-22T16:01:16+00:00,2023-01-22T16:01:15.994Z,2634341,City of Westminster
Light cloud and light winds,36,4,39,24,15,82,2023-02-05,7,Low chance of precipitation,1035,6,43,00:00,1,Good,7,Light Cloud,Light winds from the south west,SW,SW,South Westerly,12,7,2023-01-22T16:01:16+00:00,2023-01-22T16:01:15.994Z,2634341,City of Westminster
Light cloud and light winds,36,4,39,23,14,82,2023-02-05,9,Low chance of precipitation,1035,6,43,01:00,1,Good,7,Light Cloud,Light winds from the south west,SW,SW,South Westerly,12,7,2023-01-22T16:01:16+00:00,2023-01-22T16:01:15.994Z,2634341,City of Westminster
Light cloud and light winds,36,4,39,23,14,83,2023-02-05,10,Low chance of precipitation,1035,6,43,02:00,1,Good,7,Light Cloud,Light winds from the south west,SW,SW,South Westerly,11,7,2023-01-22T16:01:16+00:00,2023-01-22T16:01:15.994Z,2634341,City of Westminster
Light cloud and light winds,36,4,39,23,14,83,2023-02-05,11,Low chance of precipitation,1035,6,42,03:00,1,Good,7,Light Cloud,Light winds from the south west,SW,SW,South Westerly,11,7,2023-01-22T16:01:16+00:00,2023-01-22T16:01:15.994Z,2634341,City of Westminster
Light cloud and light winds,36,3,38,23,14,84,2023-02-05,12,Low chance of precipitation,1034,6,42,04:00,1,Good,7,Light Cloud,Light winds from the south west,SW,SW,South Westerly,12,7,2023-01-22T16:01:16+00:00,2023-01-22T16:01:15.994Z,2634341,City of Westminster
Light cloud and light winds,36,3,38,22,14,84,2023-02-05,13,Low chance of precipitation,1034,5,42,05:00,1,Good,7,Light Cloud,Light winds from the south west,SW,SW,South Westerly,11,7,2023-01-22T16:01:16+00:00,2023-01-22T16:01:15.994Z,2634341,City of Westminster
