enhancedWeatherDescription,extendedWeatherType,feelsLikeTemperatureC,feelsLikeTemperatureF,gustSpeedKph,gustSpeedMph,humidity,localDate,precipitationProbabilityInPercent,precipitationProbabilityText,pressure,temperatureC,temperatureF,timeslot,timeslotLength,visibility,weatherType,weatherTypeText,windDescription,windDirection,windDirectionAbbreviation,windDirectionFull,windSpeedKph,windSpeedMph,issueDate,lastUpdated,location_id,location_name
Light cloud and light winds,7,21,69,22,14,67,2022-08-21,1,Low chance of precipitation,1016,19,66,10:00,1,Good,7,Light Cloud,Light winds from the west south west,WSW,WSW,West South Westerly,10,6,2022-08-20T22:03:00+01:00,2022-08-21T09:01:27.058+01:00,2634341,City of Westminster
Light cloud and light winds,7,22,72,22,14,59,2022-08-21,1,Low chance of precipitation,1016,20,69,11:00,1,Good,7,Light Cloud,Light winds from the west south west,WSW,WSW,West South Westerly,11,7,2022-08-20T22:03:00+01:00,2022-08-21T09:01:27.058+01:00,2634341,City of Westminster
Light cloud and light winds,7,23,74,23,14,54,2022-08-21,1,Low chance of precipitation,1016,21,71,12:00,1,Good,7,Light Cloud,Light winds from the west south west,WSW,WSW,West South Westerly,12,7,2022-08-20T22:03:00+01:00,2022-08-21T09:01:27.058+01:00,2634341,City of Westminster
Sunny intervals and light winds,3,24,75,22,14,49,2022-08-21,2,Low chance of precipitation,1016,22,72,13:00,1,Good,3,Sunny Intervals,Light winds from the west south west,WSW,WSW,West South Westerly,12,7,2022-08-20T22:03:00+01:00,2022-08-21T09:01:27.058+01:00,2634341,City of Westminster
Sunny intervals and light winds,3,25,76,22,14,45,2022-08-21,2,Low chance of precipitation,1016,23,74,14:00,1,Good,3,Sunny Intervals,Light winds from the south west,SW,SW,South Westerly,12,7,2022-08-20T22:03:00+01:00,2022-08-21T09:01:27.058+01:00,2634341,City of Westminster
Sunny intervals and light winds,3,25,76,22,14,42,2022-08-21,2,Low chance of precipitation,1015,23,74,15:00,1,Good,3,Sunny Intervals,Light winds from the south west,SW,SW,South Westerly,12,7,2022-08-20T22:03:00+01:00,2022-08-21T09:01:27.058+01:00,2634341,City of Westminster
Sunny intervals and light winds,3,25,77,23,14,41,2022-08-21,2,Low chance of precipitation,1015,24,75,16:00,1,Good,3,Sunny Intervals,Light winds from the south west,SW,SW,South Westerly,12,7,2022-08-20T22:03:00+01:00,2022-08-21T09:01:27.058+01:00,2634341,City of Westminster
Sunny intervals and light winds,3,25,77,24,15,43,2022-08-21,2,Low chance of precipitation,1015,24,75,17:00,1,Good,3,Sunny Intervals,Light winds from the south south west,SSW,SSW,South South Westerly,11,7,2022-08-20T22:03:00+01:00,2022-08-21T09:01:27.058+01:00,2634341,City of Westminster
Sunny intervals and light winds,3,25,77,24,15,45,2022-08-21,2,Low chance of precipitation,1015,23,74,18:00,1,Good,3,Sunny Intervals,Light winds from the south south west,SSW,SSW,South South Westerly,11,7,2022-08-20T22:03:00+01:00,2022-08-21T09:01:27.058+01:00,2634341,City of Westminster
Sunny intervals and light winds,3,24,76,24,15,49,2022-08-21,1,Low chance of precipitation,1015,23,73,19:00,1,Good,3,Sunny Intervals,Light winds from the south south west,SSW,SSW,South South Westerly,11,7,2022-08-20T22:03:00+01:00,2022-08-21T09:01:27.058+01:00,2634341,City of Westminster
Sunny intervals and light winds,3,23,74,24,15,54,2022-08-21,1,Low chance of precipitation,1015,21,71,20:00,1,Good,3,Sunny Intervals,Light winds from the south south west,SSW,SSW,South South Westerly,11,7,2022-08-20T22:03:00+01:00,2022-08-21T09:01:27.058+01:00,2634341,City of Westminster
Partly cloudy and light winds,2,22,72,23,14,60,2022-08-21,2,Low chance of precipitation,1016,20,69,21:00,1,Good,2,Partly Cloudy,Light winds from the south south west,SSW,SSW,South South Westerly,10,6,2022-08-20T22:03:00+01:00,2022-08-21T09:01:27.058+01:00,2634341,City of Westminster
Partly cloudy and light winds,2,21,70,21,13,65,2022-08-21,2,Low chance of precipitation,1016,19,67,22:00,1,Good,2,Partly Cloudy,Light winds from the south south west,SSW,SSW,South South Westerly,9,6,2022-08-20T22:03:00+01:00,2022-08-21T09:01:27.058+01:00,2634341,City of Westminster
Partly cloudy and light winds,2,20,68,18,11,70,2022-08-21,1,Low chance of precipitation,1016,18,65,23:00,1,Good,2,Partly Cloudy,Light winds from the south south west,SSW,SSW,South South Westerly,9,5,2022-08-20T22:03:00+01:00,2022-08-21T09:01:27.058+01:00,2634341,City of Westminster
Partly cloudy and light winds,2,19,67,17,11,74,2022-08-22,1,Low chance of precipitation,1016,17,63,00:00,1,Good,2,Partly Cloudy,Light winds from the south west,SW,SW,South Westerly,8,5,2022-08-20T22:03:00+01:00,2022-08-21T09:01:27.058+01:00,2634341,City of Westminster
Partly cloudy and light winds,2,18,65,17,11,78,2022-08-22,1,Low chance of precipitation,1015,17,62,01:00,1,Good,2,Partly Cloudy,Light winds from the south west,SW,SW,South Westerly,7,4,2022-08-20T22:03:00+01:00,2022-08-21T09:01:27.058+01:00,2634341,City of Westminster
Partly cloudy and light winds,2,18,65,16,10,80,2022-08-22,0,Precipitation is not expected,1015,17,62,02:00,1,Good,2,Partly Cloudy,Light winds from the south west,SW,SW,South Westerly,7,4,2022-08-20T22:03:00+01:00,2022-08-21T09:01:27.058+01:00,2634341,City of Westminster
Partly cloudy and light winds,2,18,64,16,10,81,2022-08-22,1,Low chance of precipitation,1015,16,61,03:00,1,Good,2,Partly Cloudy,Light winds from the south west,SW,SW,South Westerly,6,4,2022-08-20T22:03:00+01:00,2022-08-21T09:01:27.058+01:00,2634341,City of Westminster
Partly cloudy and light winds,2,17,63,15,9,82,2022-08-22,2,Low chance of precipitation,1015,16,61,04:00,1,Good,2,Partly Cloudy,Light winds from the south west,SW,SW,South Westerly,6,4,2022-08-20T22:03:00+01:00,2022-08-21T09:01:27.058+01:00,2634341,City of Westminster
Partly cloudy and light winds,2,17,63,14,9,85,2022-08-22,3,Low chance of precipitation,1015,16,60,05:00,1,Good,2,Partly Cloudy,Light winds from the south west,SW,SW,South Westerly,6,4,2022-08-20T22:03:00+01:00,2022-08-21T09:01:27.058+01:00,2634341,City of Westminster
Sunny intervals and light winds,3,17,63,15,9,86,2022-08-22,3,Low chance of precipitation,1015,15,60,06:00,1,Good,3,Sunny Intervals,Light winds from the south south west,SSW,SSW,South South Westerly,6,4,2022-08-20T22:03:00+01:00,2022-08-21T09:01:27.058+01:00,2634341,City of Westminster
Sunny intervals and light winds,3,17,63,17,11,86,2022-08-22,3,Low chance of precipitation,1015,16,60,07:00,1,Good,3,Sunny Intervals,Light winds from the south south west,SSW,SSW,South South Westerly,6,4,2022-08-20T22:03:00+01:00,2022-08-21T09:01:27.058+01:00,2634341,City of Westminster
Sunny intervals and light winds,3,19,65,20,12,83,2022-08-22,3,Low chance of precipitation,1015,17,62,08:00,1,Good,3,Sunny Intervals,Light winds from the south south west,SSW,SSW,South South Westerly,8,5,2022-08-20T22:03:00+01:00,2022-08-21T09:01:27.058+01:00,2634341,City of Westminster
Sunny intervals and light winds,3,20,68,23,14,76,2022-08-22,3,Low chance of precipitation,1014,18,65,09:00,1,Good,3,Sunny Intervals,Light winds from the south south west,SSW,SSW,South South Westerly,9,6,2022-08-20T22:03:00+01:00,2022-08-21T09:01:27.058+01:00,2634341,City of Westminster
Sunny intervals and light winds,3,22,71,25,15,69,2022-08-22,6,Low chance of precipitation,1014,19,67,10:00,1,Good,3,Sunny Intervals,Light winds from the south south west,SSW,SSW,South South Westerly,11,7,2022-08-20T22:03:00+01:00,2022-08-21T09:01:27.058+01:00,2634341,City of Westminster
Light cloud and a gentle breeze,7,23,73,26,16,66,2022-08-22,10,Low chance of precipitation,1014,20,69,11:00,1,Good,7,Light Cloud,A gentle breeze from the south south west,SSW,SSW,South South Westerly,12,8,2022-08-20T22:03:00+01:00,2022-08-21T09:01:27.058+01:00,2634341,City of Westminster
Light cloud and a gentle breeze,7,24,75,26,16,64,2022-08-22,17,Low chance of precipitation,1013,21,70,12:00,1,Good,7,Light Cloud,A gentle breeze from the south south west,SSW,SSW,South South Westerly,13,8,2022-08-20T22:03:00+01:00,2022-08-21T09:01:27.058+01:00,2634341,City of Westminster
Light cloud and a gentle breeze,7,24,75,27,17,64,2022-08-22,22,Low chance of precipitation,1013,21,71,13:00,1,Good,7,Light Cloud,A gentle breeze from the south south west,SSW,SSW,South South Westerly,13,8,2022-08-20T22:03:00+01:00,2022-08-21T09:01:27.058+01:00,2634341,City of Westminster
Light rain and a gentle breeze,12,25,77,27,17,64,2022-08-22,24,Low chance of precipitation,1013,22,71,14:00,1,Good,12,Light Rain,A gentle breeze from the south south west,SSW,SSW,South South Westerly,14,8,2022-08-20T22:03:00+01:00,2022-08-21T09:01:27.058+01:00,2634341,City of Westminster
Light rain and a gentle breeze,12,25,78,27,17,66,2022-08-22,24,Low chance of precipitation,1012,22,72,15:00,1,Good,12,Light Rain,A gentle breeze from the south south west,SSW,SSW,South South Westerly,14,9,2022-08-20T22:03:00+01:00,2022-08-21T09:01:27.058+01:00,2634341,City of Westminster
Light rain and a gentle breeze,12,26,78,28,17,68,2022-08-22,25,Low chance of precipitation,1012,22,72,16:00,1,Good,12,Light Rain,A gentle breeze from the south south west,SSW,SSW,South South Westerly,14,9,2022-08-20T22:03:00+01:00,2022-08-21T09:01:27.058+01:00,2634341,City of Westminster
Light rain and a gentle breeze,12,25,78,27,17,70,2022-08-22,23,Low chance of precipitation,1011,22,71,17:00,1,Good,12,Light Rain,A gentle breeze from the south south west,SSW,SSW,South South Westerly,14,9,2022-08-20T22:03:00+01:00,2022-08-21T09:01:27.058+01:00,2634341,City of Westminster
Light rain and a gentle breeze,12,25,77,27,17,72,2022-08-22,18,Low chance of precipitation,1011,21,71,18:00,1,Good,12,Light Rain,A gentle breeze from the south south west,SSW,SSW,South South Westerly,14,9,2022-08-20T22:03:00+01:00,2022-08-21T09:01:27.058+01:00,2634341,City of Westminster
Light cloud and a gentle breeze,7,24,76,26,16,75,2022-08-22,13,Low chance of precipitation,1011,21,70,19:00,1,Good,7,Light Cloud,A gentle breeze from the south south west,SSW,SSW,South South Westerly,14,9,2022-08-20T22:03:00+01:00,2022-08-21T09:01:27.058+01:00,2634341,City of Westminster
Light cloud and a gentle breeze,7,24,75,24,15,78,2022-08-22,10,Low chance of precipitation,1011,20,69,20:00,1,Good,7,Light Cloud,A gentle breeze from the south south west,SSW,SSW,South South Westerly,14,8,2022-08-20T22:03:00+01:00,2022-08-21T09:01:27.058+01:00,2634341,City of Westminster
Light cloud and a gentle breeze,36,23,74,24,15,80,2022-08-22,9,Low chance of precipitation,1011,20,68,21:00,1,Good,7,Light Cloud,A gentle breeze from the south south west,SSW,SSW,South South Westerly,12,8,2022-08-20T22:03:00+01:00,2022-08-21T09:01:27.058+01:00,2634341,City of Westminster
Light cloud and light winds,36,23,73,23,14,82,2022-08-22,8,Low chance of precipitation,1012,19,67,22:00,1,Good,7,Light Cloud,Light winds from the south west,SW,SW,South Westerly,12,7,2022-08-20T22:03:00+01:00,2022-08-21T09:01:27.058+01:00,2634341,City of Westminster
Light cloud and light winds,36,22,72,23,14,83,2022-08-22,5,Low chance of precipitation,1012,19,67,23:00,1,Good,7,Light Cloud,Light winds from the south west,SW,SW,South Westerly,11,7,2022-08-20T22:03:00+01:00,2022-08-21T09:01:27.058+01:00,2634341,City of Westminster
Light cloud and light winds,36,22,71,22,14,83,2022-08-23,4,Low chance of precipitation,1012,19,66,00:00,1,Good,7,Light Cloud,Light winds from the south west,SW,SW,South Westerly,11,7,2022-08-20T22:03:00+01:00,2022-08-21T09:01:27.058+01:00,2634341,City of Westminster
Light cloud and light winds,36,21,71,22,14,83,2022-08-23,4,Low chance of precipitation,1012,19,66,01:00,1,Good,7,Light Cloud,Light winds from the south west,SW,SW,South Westerly,10,6,2022-08-20T22:03:00+01:00,2022-08-21T09:01:27.058+01:00,2634341,City of Westminster
Light cloud and light winds,36,21,70,21,13,84,2022-08-23,2,Low chance of precipitation,1012,18,65,02:00,1,Good,7,Light Cloud,Light winds from the west south west,WSW,WSW,West South Westerly,10,6,2022-08-20T22:03:00+01:00,2022-08-21T09:01:27.058+01:00,2634341,City of Westminster
Light cloud and light winds,36,21,69,19,12,85,2022-08-23,2,Low chance of precipitation,1012,18,64,03:00,1,Good,7,Light Cloud,Light winds from the west south west,WSW,WSW,West South Westerly,9,6,2022-08-20T22:03:00+01:00,2022-08-21T09:01:27.058+01:00,2634341,City of Westminster
Light cloud and light winds,36,20,68,18,11,86,2022-08-23,2,Low chance of precipitation,1012,18,64,04:00,1,Good,7,Light Cloud,Light winds from the south west,SW,SW,South Westerly,9,5,2022-08-20T22:03:00+01:00,2022-08-21T09:01:27.058+01:00,2634341,City of Westminster
Light cloud and light winds,36,20,68,17,11,87,2022-08-23,3,Low chance of precipitation,1012,17,63,05:00,1,Good,7,Light Cloud,Light winds from the south west,SW,SW,South Westerly,8,5,2022-08-20T22:03:00+01:00,2022-08-21T09:01:27.058+01:00,2634341,City of Westminster
Light cloud and light winds,7,20,67,18,11,88,2022-08-23,3,Low chance of precipitation,1013,17,63,06:00,1,Good,7,Light Cloud,Light winds from the south west,SW,SW,South Westerly,8,5,2022-08-20T22:03:00+01:00,2022-08-21T09:01:27.058+01:00,2634341,City of Westminster
Light cloud and light winds,7,20,68,19,12,87,2022-08-23,3,Low chance of precipitation,1014,17,63,07:00,1,Good,7,Light Cloud,Light winds from the south west,SW,SW,South Westerly,9,5,2022-08-20T22:03:00+01:00,2022-08-21T09:01:27.058+01:00,2634341,City of Westminster
Light cloud and light winds,7,21,69,20,13,84,2022-08-23,4,Low chance of precipitation,1013,18,65,08:00,1,Good,7,Light Cloud,Light winds from the south west,SW,SW,South Westerly,9,6,2022-08-20T22:03:00+01:00,2022-08-21T09:01:27.058+01:00,2634341,City of Westminster
Light cloud and light winds,7,22,72,22,14,78,2022-08-23,5,Low chance of precipitation,1014,19,67,09:00,1,Good,7,Light Cloud,Light winds from the south west,SW,SW,South Westerly,10,6,2022-08-20T22:03:00+01:00,2022-08-21T09:01:27.058+01:00,2634341,City of Westminster
Light cloud and light winds,7,24,75,24,15,71,2022-08-23,6,Low chance of precipitation,1014,21,69,10:00,1,Good,7,Light Cloud,Light winds from the west south west,WSW,WSW,West South Westerly,11,7,2022-08-20T22:03:00+01:00,2022-08-21T09:01:27.058+01:00,2634341,City of Westminster
Light cloud and a gentle breeze,7,25,77,25,15,65,2022-08-23,6,Low chance of precipitation,1014,22,72,11:00,1,Good,7,Light Cloud,A gentle breeze from the west south west,WSW,WSW,West South Westerly,12,8,2022-08-20T22:03:00+01:00,2022-08-21T09:01:27.058+01:00,2634341,City of Westminster
Light cloud and a gentle breeze,7,26,79,26,16,60,2022-08-23,7,Low chance of precipitation,1014,23,73,12:00,1,Good,7,Light Cloud,A gentle breeze from the west south west,WSW,WSW,West South Westerly,13,8,2022-08-20T22:03:00+01:00,2022-08-21T09:01:27.058+01:00,2634341,City of Westminster
Light cloud and a gentle breeze,7,27,80,27,17,57,2022-08-23,8,Low chance of precipitation,1015,24,75,13:00,1,Good,7,Light Cloud,A gentle breeze from the west south west,WSW,WSW,West South Westerly,14,8,2022-08-20T22:03:00+01:00,2022-08-21T09:01:27.058+01:00,2634341,City of Westminster
Light cloud and a gentle breeze,7,27,81,27,17,55,2022-08-23,7,Low chance of precipitation,1014,24,76,14:00,1,Good,7,Light Cloud,A gentle breeze from the south west,SW,SW,South Westerly,14,9,2022-08-20T22:03:00+01:00,2022-08-21T09:01:27.058+01:00,2634341,City of Westminster
Light cloud and a gentle breeze,7,28,82,28,18,54,2022-08-23,5,Low chance of precipitation,1014,25,76,15:00,1,Good,7,Light Cloud,A gentle breeze from the south west,SW,SW,South Westerly,14,9,2022-08-20T22:03:00+01:00,2022-08-21T09:01:27.058+01:00,2634341,City of Westminster
Light cloud and a gentle breeze,7,28,83,28,18,54,2022-08-23,4,Low chance of precipitation,1015,25,77,16:00,1,Good,7,Light Cloud,A gentle breeze from the south west,SW,SW,South Westerly,15,9,2022-08-20T22:03:00+01:00,2022-08-21T09:01:27.058+01:00,2634341,City of Westminster
Light cloud and a gentle breeze,7,28,82,28,17,55,2022-08-23,4,Low chance of precipitation,1015,25,76,17:00,1,Good,7,Light Cloud,A gentle breeze from the south west,SW,SW,South Westerly,15,9,2022-08-20T22:03:00+01:00,2022-08-21T09:01:27.058+01:00,2634341,City of Westminster
Light cloud and a gentle breeze,7,28,82,27,17,57,2022-08-23,4,Low chance of precipitation,1015,24,76,18:00,1,Good,7,Light Cloud,A gentle breeze from the south west,SW,SW,South Westerly,15,9,2022-08-20T22:03:00+01:00,2022-08-21T09:01:27.058+01:00,2634341,City of Westminster
Light cloud and a gentle breeze,7,27,81,26,16,60,2022-08-23,2,Low chance of precipitation,1015,24,75,19:00,1,Good,7,Light Cloud,A gentle breeze from the south west,SW,SW,South Westerly,14,9,2022-08-20T22:03:00+01:00,2022-08-21T09:01:27.058+01:00,2634341,City of Westminster
Light cloud and a gentle breeze,7,27,80,24,15,63,2022-08-23,3,Low chance of precipitation,1015,23,73,20:00,1,Good,7,Light Cloud,A gentle breeze from the south west,SW,SW,South Westerly,13,8,2022-08-20T22:03:00+01:00,2022-08-21T09:01:27.058+01:00,2634341,City of Westminster
Light cloud and a gentle breeze,36,25,78,22,14,67,2022-08-23,5,Low chance of precipitation,1015,22,72,21:00,1,Good,7,Light Cloud,A gentle breeze from the south south west,SSW,SSW,South South Westerly,12,8,2022-08-20T22:03:00+01:00,2022-08-21T09:01:27.058+01:00,2634341,City of Westminster
Light cloud and light winds,36,25,76,20,13,71,2022-08-23,5,Low chance of precipitation,1015,21,70,22:00,1,Good,7,Light Cloud,Light winds from the south south west,SSW,SSW,South South Westerly,11,7,2022-08-20T22:03:00+01:00,2022-08-21T09:01:27.058+01:00,2634341,City of Westminster
Light cloud and light winds,36,24,75,19,12,75,2022-08-23,4,Low chance of precipitation,1015,21,69,23:00,1,Good,7,Light Cloud,Light winds from the south south west,SSW,SSW,South South Westerly,10,6,2022-08-20T22:03:00+01:00,2022-08-21T09:01:27.058+01:00,2634341,City of Westminster
Light cloud and light winds,36,23,73,18,11,77,2022-08-24,4,Low chance of precipitation,1016,20,68,00:00,1,Good,7,Light Cloud,Light winds from the south south west,SSW,SSW,South South Westerly,10,6,2022-08-20T22:03:00+01:00,2022-08-21T09:01:27.058+01:00,2634341,City of Westminster
Light cloud and light winds,36,22,72,18,11,80,2022-08-24,4,Low chance of precipitation,1016,19,67,01:00,1,Good,7,Light Cloud,Light winds from the south south west,SSW,SSW,South South Westerly,9,6,2022-08-20T22:03:00+01:00,2022-08-21T09:01:27.058+01:00,2634341,City of Westminster
Light cloud and light winds,36,22,72,18,11,82,2022-08-24,2,Low chance of precipitation,1016,19,66,02:00,1,Good,7,Light Cloud,Light winds from the south south west,SSW,SSW,South South Westerly,8,5,2022-08-20T22:03:00+01:00,2022-08-21T09:01:27.058+01:00,2634341,City of Westminster
Light cloud and light winds,36,22,71,17,11,84,2022-08-24,2,Low chance of precipitation,1016,19,66,03:00,1,Good,7,Light Cloud,Light winds from the south south west,SSW,SSW,South South Westerly,8,5,2022-08-20T22:03:00+01:00,2022-08-21T09:01:27.058+01:00,2634341,City of Westminster
Light cloud and light winds,36,21,71,17,11,86,2022-08-24,3,Low chance of precipitation,1016,19,65,04:00,1,Good,7,Light Cloud,Light winds from the south south west,SSW,SSW,South South Westerly,8,5,2022-08-20T22:03:00+01:00,2022-08-21T09:01:27.058+01:00,2634341,City of Westminster
Light cloud and light winds,36,21,70,18,11,88,2022-08-24,3,Low chance of precipitation,1016,18,65,05:00,1,Good,7,Light Cloud,Light winds from the south south west,SSW,SSW,South South Westerly,8,5,2022-08-20T22:03:00+01:00,2022-08-21T09:01:27.058+01:00,2634341,City of Westminster
Light cloud and light winds,7,21,70,19,12,89,2022-08-24,3,Low chance of precipitation,1016,18,65,06:00,1,Good,7,Light Cloud,Light winds from the south south west,SSW,SSW,South South Westerly,8,5,2022-08-20T22:03:00+01:00,2022-08-21T09:01:27.058+01:00,2634341,City of Westminster
Light cloud and light winds,7,22,71,19,12,88,2022-08-24,3,Low chance of precipitation,1017,19,65,07:00,1,Good,7,Light Cloud,Light winds from the south south west,SSW,SSW,South South Westerly,9,5,2022-08-20T22:03:00+01:00,2022-08-21T09:01:27.058+01:00,2634341,City of Westminster
Light cloud and light winds,7,23,73,21,13,85,2022-08-24,4,Low chance of precipitation,1017,19,67,08:00,1,Good,7,Light Cloud,Light winds from the south south west,SSW,SSW,South South Westerly,9,6,2022-08-20T22:03:00+01:00,2022-08-21T09:01:27.058+01:00,2634341,City of Westminster
Light cloud and light winds,7,24,76,23,14,79,2022-08-24,5,Low chance of precipitation,1017,21,69,09:00,1,Good,7,Light Cloud,Light winds from the south south west,SSW,SSW,South South Westerly,11,7,2022-08-20T22:03:00+01:00,2022-08-21T09:01:27.058+01:00,2634341,City of Westminster
Light cloud and light winds,7,26,79,24,15,72,2022-08-24,5,Low chance of precipitation,1017,22,72,10:00,1,Good,7,Light Cloud,Light winds from the south south west,SSW,SSW,South South Westerly,12,7,2022-08-20T22:03:00+01:00,2022-08-21T09:01:27.058+01:00,2634341,City of Westminster
Sunny intervals and a gentle breeze,3,28,82,25,16,66,2022-08-24,4,Low chance of precipitation,1017,23,74,11:00,1,Good,3,Sunny Intervals,A gentle breeze from the south south west,SSW,SSW,South South Westerly,13,8,2022-08-20T22:03:00+01:00,2022-08-21T09:01:27.058+01:00,2634341,City of Westminster
Sunny intervals and a gentle breeze,3,29,84,26,16,62,2022-08-24,5,Low chance of precipitation,1017,25,76,12:00,1,Good,3,Sunny Intervals,A gentle breeze from the south south west,SSW,SSW,South South Westerly,14,8,2022-08-20T22:03:00+01:00,2022-08-21T09:01:27.058+01:00,2634341,City of Westminster
Sunny intervals and a gentle breeze,3,30,85,26,16,59,2022-08-24,6,Low chance of precipitation,1017,25,77,13:00,1,Good,3,Sunny Intervals,A gentle breeze from the south south west,SSW,SSW,South South Westerly,14,9,2022-08-20T22:03:00+01:00,2022-08-21T09:01:27.058+01:00,2634341,City of Westminster
Sunny intervals and a gentle breeze,3,30,86,26,16,56,2022-08-24,6,Low chance of precipitation,1017,26,78,14:00,1,Good,3,Sunny Intervals,A gentle breeze from the south south west,SSW,SSW,South South Westerly,14,9,2022-08-20T22:03:00+01:00,2022-08-21T09:01:27.058+01:00,2634341,City of Westminster
Light cloud and a gentle breeze,7,31,87,26,16,54,2022-08-24,5,Low chance of precipitation,1017,26,79,15:00,1,Good,7,Light Cloud,A gentle breeze from the south west,SW,SW,South Westerly,14,9,2022-08-20T22:03:00+01:00,2022-08-21T09:01:27.058+01:00,2634341,City of Westminster
Sunny intervals and a gentle breeze,3,31,88,25,15,54,2022-08-24,6,Low chance of precipitation,1017,27,80,16:00,1,Good,3,Sunny Intervals,A gentle breeze from the south west,SW,SW,South Westerly,14,9,2022-08-20T22:03:00+01:00,2022-08-21T09:01:27.058+01:00,2634341,City of Westminster
Sunny intervals and a gentle breeze,3,31,88,23,14,54,2022-08-24,6,Low chance of precipitation,1017,27,80,17:00,1,Good,3,Sunny Intervals,A gentle breeze from the south west,SW,SW,South Westerly,13,8,2022-08-20T22:03:00+01:00,2022-08-21T09:01:27.058+01:00,2634341,City of Westminster
Sunny intervals and a gentle breeze,3,30,87,22,13,55,2022-08-24,7,Low chance of precipitation,1017,26,79,18:00,1,Good,3,Sunny Intervals,A gentle breeze from the south west,SW,SW,South Westerly,12,8,2022-08-20T22:03:00+01:00,2022-08-21T09:01:27.058+01:00,2634341,City of Westminster
Sunny intervals and light winds,3,29,85,21,13,58,2022-08-24,6,Low chance of precipitation,1017,25,77,19:00,1,Good,3,Sunny Intervals,Light winds from the south west,SW,SW,South Westerly,11,7,2022-08-20T22:03:00+01:00,2022-08-21T09:01:27.058+01:00,2634341,City of Westminster
Sunny intervals and light winds,3,28,83,19,12,62,2022-08-24,6,Low chance of precipitation,1017,24,76,20:00,1,Good,3,Sunny Intervals,Light winds from the south west,SW,SW,South Westerly,10,6,2022-08-20T22:03:00+01:00,2022-08-21T09:01:27.058+01:00,2634341,City of Westminster
Partly cloudy and light winds,2,27,81,17,11,65,2022-08-24,7,Low chance of precipitation,1017,23,74,21:00,1,Good,2,Partly Cloudy,Light winds from the south west,SW,SW,South Westerly,9,6,2022-08-20T22:03:00+01:00,2022-08-21T09:01:27.058+01:00,2634341,City of Westminster
Partly cloudy and light winds,2,26,79,17,10,69,2022-08-24,6,Low chance of precipitation,1017,22,72,22:00,1,Good,2,Partly Cloudy,Light winds from the south west,SW,SW,South Westerly,9,5,2022-08-20T22:03:00+01:00,2022-08-21T09:01:27.058+01:00,2634341,City of Westminster
Partly cloudy and light winds,2,25,77,16,10,72,2022-08-24,5,Low chance of precipitation,1017,21,71,23:00,1,Good,2,Partly Cloudy,Light winds from the west south west,WSW,WSW,West South Westerly,8,5,2022-08-20T22:03:00+01:00,2022-08-21T09:01:27.058+01:00,2634341,City of Westminster
Partly cloudy and light winds,2,24,75,15,9,74,2022-08-25,5,Low chance of precipitation,1017,21,69,00:00,1,Good,2,Partly Cloudy,Light winds from the west,W,W,Westerly,7,5,2022-08-20T22:03:00+01:00,2022-08-21T09:01:27.058+01:00,2634341,City of Westminster
Light cloud and light winds,36,23,73,15,9,76,2022-08-25,6,Low chance of precipitation,1018,20,68,01:00,1,Good,7,Light Cloud,Light winds from the west north west,WNW,WNW,West North Westerly,7,4,2022-08-20T22:03:00+01:00,2022-08-21T09:01:27.058+01:00,2634341,City of Westminster
Light cloud and light winds,36,22,72,14,9,78,2022-08-25,8,Low chance of precipitation,1017,19,67,02:00,1,Good,7,Light Cloud,Light winds from the north west,NW,NW,North Westerly,6,4,2022-08-20T22:03:00+01:00,2022-08-21T09:01:27.058+01:00,2634341,City of Westminster
Light rain showers and light winds,9,21,71,14,9,80,2022-08-25,13,Low chance of precipitation,1017,19,66,03:00,1,Good,9,Light Rain Showers,Light winds from the north west,NW,NW,North Westerly,6,4,2022-08-20T22:03:00+01:00,2022-08-21T09:01:27.058+01:00,2634341,City of Westminster
Thundery showers and light winds,28,21,70,14,9,81,2022-08-25,19,Low chance of precipitation,1017,19,65,04:00,1,Good,28,Thundery Showers,Light winds from the north west,NW,NW,North Westerly,6,4,2022-08-20T22:03:00+01:00,2022-08-21T09:01:27.058+01:00,2634341,City of Westminster
Light rain showers and light winds,9,21,69,15,9,83,2022-08-25,23,Low chance of precipitation,1017,18,65,05:00,1,Good,9,Light Rain Showers,Light winds from the north west,NW,NW,North Westerly,6,4,2022-08-20T22:03:00+01:00,2022-08-21T09:01:27.058+01:00,2634341,City of Westminster
Light rain showers and light winds,9,20,68,16,10,83,2022-08-25,24,Low chance of precipitation,1017,18,64,06:00,1,Good,9,Light Rain Showers,Light winds from the north north west,NNW,NNW,North North Westerly,6,4,2022-08-20T22:03:00+01:00,2022-08-21T09:01:27.058+01:00,2634341,City of Westminster
Light rain showers and light winds,10,20,69,16,10,83,2022-08-25,24,Low chance of precipitation,1017,18,64,07:00,1,Good,10,Light Rain Showers,Light winds from the north north west,NNW,NNW,North North Westerly,7,4,2022-08-20T22:03:00+01:00,2022-08-21T09:01:27.058+01:00,2634341,City of Westminster
Light rain showers and light winds,10,21,70,17,11,80,2022-08-25,22,Low chance of precipitation,1017,19,65,08:00,1,Good,10,Light Rain Showers,Light winds from the north north west,NNW,NNW,North North Westerly,8,5,2022-08-20T22:03:00+01:00,2022-08-21T09:01:27.058+01:00,2634341,City of Westminster
Light rain showers and light winds,10,23,73,19,12,76,2022-08-25,20,Low chance of precipitation,1017,20,67,09:00,1,Good,10,Light Rain Showers,Light winds from the north north west,NNW,NNW,North North Westerly,8,5,2022-08-20T22:03:00+01:00,2022-08-21T09:01:27.058+01:00,2634341,City of Westminster
Thundery showers and light winds,29,24,75,19,12,70,2022-08-25,18,Low chance of precipitation,1017,21,70,10:00,1,Good,29,Thundery Showers,Light winds from the north north west,NNW,NNW,North North Westerly,9,6,2022-08-20T22:03:00+01:00,2022-08-21T09:01:27.058+01:00,2634341,City of Westminster
Light rain showers and light winds,10,25,78,21,13,66,2022-08-25,16,Low chance of precipitation,1017,22,72,11:00,1,Good,10,Light Rain Showers,Light winds from the north north west,NNW,NNW,North North Westerly,10,6,2022-08-20T22:03:00+01:00,2022-08-21T09:01:27.058+01:00,2634341,City of Westminster
Light rain showers and light winds,10,27,80,22,13,62,2022-08-25,16,Low chance of precipitation,1017,23,74,12:00,1,Good,10,Light Rain Showers,Light winds from the north,N,N,Northerly,10,6,2022-08-20T22:03:00+01:00,2022-08-21T09:01:27.058+01:00,2634341,City of Westminster
Light rain showers and light winds,10,27,81,22,14,59,2022-08-25,15,Low chance of precipitation,1016,24,75,13:00,1,Good,10,Light Rain Showers,Light winds from the north,N,N,Northerly,11,7,2022-08-20T22:03:00+01:00,2022-08-21T09:01:27.058+01:00,2634341,City of Westminster
Light rain showers and light winds,10,27,81,23,14,58,2022-08-25,34,Chance of precipitation,1016,24,75,14:00,1,Good,10,Light Rain Showers,Light winds from the north,N,N,Northerly,11,7,2022-08-20T22:03:00+01:00,2022-08-21T09:01:27.058+01:00,2634341,City of Westminster
Light cloud and light winds,7,27,81,23,15,57,2022-08-25,13,Low chance of precipitation,1016,24,75,15:00,1,Good,7,Light Cloud,Light winds from the north,N,N,Northerly,12,7,2022-08-20T22:03:00+01:00,2022-08-21T09:01:27.058+01:00,2634341,City of Westminster
Light cloud and a gentle breeze,7,27,81,24,15,57,2022-08-25,13,Low chance of precipitation,1016,24,75,16:00,1,Good,7,Light Cloud,A gentle breeze from the north,N,N,Northerly,12,8,2022-08-20T22:03:00+01:00,2022-08-21T09:01:27.058+01:00,2634341,City of Westminster
Thundery showers and a gentle breeze,29,27,81,24,15,58,2022-08-25,33,Chance of precipitation,1016,24,75,17:00,1,Good,29,Thundery Showers,A gentle breeze from the north,N,N,Northerly,12,8,2022-08-20T22:03:00+01:00,2022-08-21T09:01:27.058+01:00,2634341,City of Westminster
Light cloud and light winds,7,26,79,23,15,61,2022-08-25,13,Low chance of precipitation,1016,23,73,18:00,1,Good,7,Light Cloud,Light winds from the north,N,N,Northerly,12,7,2022-08-20T22:03:00+01:00,2022-08-21T09:01:27.058+01:00,2634341,City of Westminster
Light cloud and light winds,7,25,77,23,14,64,2022-08-25,12,Low chance of precipitation,1015,22,72,19:00,1,Good,7,Light Cloud,Light winds from the north north east,NNE,NNE,North North Easterly,12,7,2022-08-20T22:03:00+01:00,2022-08-21T09:01:27.058+01:00,2634341,City of Westminster
Light rain showers and light winds,10,24,75,21,13,67,2022-08-25,14,Low chance of precipitation,1015,21,70,20:00,1,Good,10,Light Rain Showers,Light winds from the north north east,NNE,NNE,North North Easterly,11,7,2022-08-20T22:03:00+01:00,2022-08-21T09:01:27.058+01:00,2634341,City of Westminster
Light rain showers and light winds,9,23,73,20,12,71,2022-08-25,17,Low chance of precipitation,1015,20,68,21:00,1,Good,9,Light Rain Showers,Light winds from the north north east,NNE,NNE,North North Easterly,10,6,2022-08-20T22:03:00+01:00,2022-08-21T09:01:27.058+01:00,2634341,City of Westminster
Light rain showers and light winds,9,22,72,19,12,74,2022-08-25,18,Low chance of precipitation,1014,19,67,22:00,1,Good,9,Light Rain Showers,Light winds from the north north east,NNE,NNE,North North Easterly,10,6,2022-08-20T22:03:00+01:00,2022-08-21T09:01:27.058+01:00,2634341,City of Westminster
Light rain showers and light winds,9,21,70,19,12,76,2022-08-25,17,Low chance of precipitation,1014,19,66,23:00,1,Good,9,Light Rain Showers,Light winds from the north north east,NNE,NNE,North North Easterly,9,6,2022-08-20T22:03:00+01:00,2022-08-21T09:01:27.058+01:00,2634341,City of Westminster
Light rain showers and light winds,9,21,69,18,11,78,2022-08-26,18,Low chance of precipitation,1014,18,65,00:00,1,Good,9,Light Rain Showers,Light winds from the north north east,NNE,NNE,North North Easterly,9,5,2022-08-20T22:03:00+01:00,2022-08-21T09:01:27.058+01:00,2634341,City of Westminster
Light rain showers and light winds,9,20,67,18,11,80,2022-08-26,20,Low chance of precipitation,1013,18,64,01:00,1,Good,9,Light Rain Showers,Light winds from the north north east,NNE,NNE,North North Easterly,8,5,2022-08-20T22:03:00+01:00,2022-08-21T09:01:27.058+01:00,2634341,City of Westminster
Light rain showers and light winds,9,19,66,18,11,82,2022-08-26,20,Low chance of precipitation,1013,17,63,02:00,1,Good,9,Light Rain Showers,Light winds from the north,N,N,Northerly,8,5,2022-08-20T22:03:00+01:00,2022-08-21T09:01:27.058+01:00,2634341,City of Westminster
Light rain showers and light winds,9,19,65,18,11,84,2022-08-26,19,Low chance of precipitation,1013,17,62,03:00,1,Good,9,Light Rain Showers,Light winds from the north,N,N,Northerly,8,5,2022-08-20T22:03:00+01:00,2022-08-21T09:01:27.058+01:00,2634341,City of Westminster
Light rain and light winds,39,18,64,17,11,86,2022-08-26,19,Low chance of precipitation,1013,16,61,04:00,1,Good,12,Light Rain,Light winds from the north,N,N,Northerly,8,5,2022-08-20T22:03:00+01:00,2022-08-21T09:01:27.058+01:00,2634341,City of Westminster
Light rain and light winds,39,18,64,17,11,88,2022-08-26,19,Low chance of precipitation,1013,16,61,05:00,1,Good,12,Light Rain,Light winds from the north,N,N,Northerly,7,5,2022-08-20T22:03:00+01:00,2022-08-21T09:01:27.058+01:00,2634341,City of Westminster
Light rain and light winds,39,17,63,18,11,88,2022-08-26,18,Low chance of precipitation,1013,16,60,06:00,1,Good,12,Light Rain,Light winds from the north north west,NNW,NNW,North North Westerly,7,5,2022-08-20T22:03:00+01:00,2022-08-21T09:01:27.058+01:00,2634341,City of Westminster
Light rain and light winds,12,18,64,19,12,87,2022-08-26,16,Low chance of precipitation,1013,16,61,07:00,1,Good,12,Light Rain,Light winds from the north north west,NNW,NNW,North North Westerly,8,5,2022-08-20T22:03:00+01:00,2022-08-21T09:01:27.058+01:00,2634341,City of Westminster
Light rain and light winds,12,19,66,20,13,83,2022-08-26,15,Low chance of precipitation,1013,17,62,08:00,1,Good,12,Light Rain,Light winds from the north north west,NNW,NNW,North North Westerly,9,5,2022-08-20T22:03:00+01:00,2022-08-21T09:01:27.058+01:00,2634341,City of Westminster
Light rain and light winds,12,20,68,22,13,76,2022-08-26,14,Low chance of precipitation,1013,18,64,09:00,1,Good,12,Light Rain,Light winds from the north north west,NNW,NNW,North North Westerly,9,6,2022-08-20T22:03:00+01:00,2022-08-21T09:01:27.058+01:00,2634341,City of Westminster
Light rain and light winds,12,22,71,23,14,68,2022-08-26,13,Low chance of precipitation,1013,19,67,10:00,1,Good,12,Light Rain,Light winds from the north north west,NNW,NNW,North North Westerly,10,6,2022-08-20T22:03:00+01:00,2022-08-21T09:01:27.058+01:00,2634341,City of Westminster
Light rain and light winds,12,23,73,24,15,61,2022-08-26,12,Low chance of precipitation,1013,21,70,11:00,1,Good,12,Light Rain,Light winds from the north west,NW,NW,North Westerly,11,7,2022-08-20T22:03:00+01:00,2022-08-21T09:01:27.058+01:00,2634341,City of Westminster
Light rain and light winds,12,24,75,24,15,56,2022-08-26,12,Low chance of precipitation,1013,22,71,12:00,1,Good,12,Light Rain,Light winds from the north west,NW,NW,North Westerly,11,7,2022-08-20T22:03:00+01:00,2022-08-21T09:01:27.058+01:00,2634341,City of Westminster
Sunny intervals and light winds,3,25,77,25,15,52,2022-08-26,13,Low chance of precipitation,1014,23,73,13:00,1,Good,3,Sunny Intervals,Light winds from the north west,NW,NW,North Westerly,12,7,2022-08-20T22:03:00+01:00,2022-08-21T09:01:27.058+01:00,2634341,City of Westminster
Sunny intervals and a gentle breeze,3,25,77,25,16,50,2022-08-26,14,Low chance of precipitation,1014,23,74,14:00,1,Good,3,Sunny Intervals,A gentle breeze from the north west,NW,NW,North Westerly,12,8,2022-08-20T22:03:00+01:00,2022-08-21T09:01:27.058+01:00,2634341,City of Westminster
Sunny intervals and a gentle breeze,3,25,78,25,16,49,2022-08-26,14,Low chance of precipitation,1014,23,74,15:00,1,Good,3,Sunny Intervals,A gentle breeze from the north west,NW,NW,North Westerly,12,8,2022-08-20T22:03:00+01:00,2022-08-21T09:01:27.058+01:00,2634341,City of Westminster
Sunny intervals and a gentle breeze,3,25,78,25,15,49,2022-08-26,16,Low chance of precipitation,1014,23,74,16:00,1,Good,3,Sunny Intervals,A gentle breeze from the north west,NW,NW,North Westerly,12,8,2022-08-20T22:03:00+01:00,2022-08-21T09:01:27.058+01:00,2634341,City of Westminster
Sunny intervals and a gentle breeze,3,25,77,24,15,50,2022-08-26,17,Low chance of precipitation,1014,23,74,17:00,1,Good,3,Sunny Intervals,A gentle breeze from the north west,NW,NW,North Westerly,12,8,2022-08-20T22:03:00+01:00,2022-08-21T09:01:27.058+01:00,2634341,City of Westminster
Sunny intervals and light winds,3,25,76,23,14,52,2022-08-26,17,Low chance of precipitation,1014,23,73,18:00,1,Good,3,Sunny Intervals,Light winds from the north north west,NNW,NNW,North North Westerly,12,7,2022-08-20T22:03:00+01:00,2022-08-21T09:01:27.058+01:00,2634341,City of Westminster
Sunny intervals and light winds,3,23,74,22,14,56,2022-08-26,16,Low chance of precipitation,1014,22,71,19:00,1,Good,3,Sunny Intervals,Light winds from the north north west,NNW,NNW,North North Westerly,11,7,2022-08-20T22:03:00+01:00,2022-08-21T09:01:27.058+01:00,2634341,City of Westminster
Sunny intervals and light winds,3,23,73,20,12,59,2022-08-26,16,Low chance of precipitation,1014,21,69,20:00,1,Good,3,Sunny Intervals,Light winds from the north,N,N,Northerly,10,6,2022-08-20T22:03:00+01:00,2022-08-21T09:01:27.058+01:00,2634341,City of Westminster
Partly cloudy and light winds,2,21,71,18,11,64,2022-08-26,16,Low chance of precipitation,1014,20,67,21:00,1,Good,2,Partly Cloudy,Not available,-99,-99,Direction not available,9,6,2022-08-20T22:03:00+01:00,2022-08-21T09:01:27.058+01:00,2634341,City of Westminster
Partly cloudy and light winds,2,21,69,17,11,68,2022-08-26,15,Low chance of precipitation,1014,19,66,22:00,1,Good,2,Partly Cloudy,Light winds from the north,N,N,Northerly,8,5,2022-08-20T22:03:00+01:00,2022-08-21T09:01:27.058+01:00,2634341,City of Westminster
Partly cloudy and light winds,2,20,68,16,10,71,2022-08-26,12,Low chance of precipitation,1015,18,65,23:00,1,Good,2,Partly Cloudy,Light winds from the north north east,NNE,NNE,North North Easterly,8,5,2022-08-20T22:03:00+01:00,2022-08-21T09:01:27.058+01:00,2634341,City of Westminster
Partly cloudy and light winds,2,19,66,15,9,74,2022-08-27,10,Low chance of precipitation,1015,17,63,00:00,1,Good,2,Partly Cloudy,Light winds from the north,N,N,Northerly,7,5,2022-08-20T22:03:00+01:00,2022-08-21T09:01:27.058+01:00,2634341,City of Westminster
Light cloud and light winds,36,18,65,15,10,77,2022-08-27,10,Low chance of precipitation,1015,17,62,01:00,1,Good,7,Light Cloud,Light winds from the north,N,N,Northerly,7,4,2022-08-20T22:03:00+01:00,2022-08-21T09:01:27.058+01:00,2634341,City of Westminster
Light cloud and light winds,36,18,64,15,9,80,2022-08-27,9,Low chance of precipitation,1016,16,61,02:00,1,Good,7,Light Cloud,Light winds from the north,N,N,Northerly,6,4,2022-08-20T22:03:00+01:00,2022-08-21T09:01:27.058+01:00,2634341,City of Westminster
Light cloud and light winds,36,17,63,15,9,83,2022-08-27,9,Low chance of precipitation,1016,16,61,03:00,1,Good,7,Light Cloud,Light winds from the north,N,N,Northerly,6,4,2022-08-20T22:03:00+01:00,2022-08-21T09:01:27.058+01:00,2634341,City of Westminster
Light cloud and light winds,36,17,63,15,9,85,2022-08-27,9,Low chance of precipitation,1016,16,60,04:00,1,Good,7,Light Cloud,Light winds from the north,N,N,Northerly,6,4,2022-08-20T22:03:00+01:00,2022-08-21T09:01:27.058+01:00,2634341,City of Westminster
Light cloud and light winds,36,17,62,16,10,87,2022-08-27,9,Low chance of precipitation,1016,15,60,05:00,1,Good,7,Light Cloud,Light winds from the north,N,N,Northerly,6,4,2022-08-20T22:03:00+01:00,2022-08-21T09:01:27.058+01:00,2634341,City of Westminster
Partly cloudy and light winds,2,17,63,17,11,88,2022-08-27,9,Low chance of precipitation,1016,15,60,06:00,1,Good,2,Partly Cloudy,Light winds from the north,N,N,Northerly,7,4,2022-08-20T22:03:00+01:00,2022-08-21T09:01:27.058+01:00,2634341,City of Westminster
Sunny intervals and light winds,3,17,63,17,11,87,2022-08-27,9,Low chance of precipitation,1017,16,60,07:00,1,Good,3,Sunny Intervals,Light winds from the north,N,N,Northerly,7,5,2022-08-20T22:03:00+01:00,2022-08-21T09:01:27.058+01:00,2634341,City of Westminster
Sunny intervals and light winds,3,18,65,19,12,84,2022-08-27,9,Low chance of precipitation,1017,17,62,08:00,1,Good,3,Sunny Intervals,Light winds from the north,N,N,Northerly,8,5,2022-08-20T22:03:00+01:00,2022-08-21T09:01:27.058+01:00,2634341,City of Westminster
Sunny intervals and light winds,3,19,67,21,13,77,2022-08-27,10,Low chance of precipitation,1017,18,64,09:00,1,Good,3,Sunny Intervals,Light winds from the north,N,N,Northerly,9,6,2022-08-20T22:03:00+01:00,2022-08-21T09:01:27.058+01:00,2634341,City of Westminster
Sunny intervals and light winds,3,21,69,22,14,70,2022-08-27,11,Low chance of precipitation,1017,19,66,10:00,1,Good,3,Sunny Intervals,Light winds from the north,N,N,Northerly,10,6,2022-08-20T22:03:00+01:00,2022-08-21T09:01:27.058+01:00,2634341,City of Westminster
Sunny intervals and light winds,3,22,72,24,15,63,2022-08-27,11,Low chance of precipitation,1017,20,68,11:00,1,Good,3,Sunny Intervals,Light winds from the north,N,N,Northerly,11,7,2022-08-20T22:03:00+01:00,2022-08-21T09:01:27.058+01:00,2634341,City of Westminster
Sunny intervals and light winds,3,23,73,25,15,57,2022-08-27,12,Low chance of precipitation,1017,21,70,12:00,1,Good,3,Sunny Intervals,Light winds from the north,N,N,Northerly,12,7,2022-08-20T22:03:00+01:00,2022-08-21T09:01:27.058+01:00,2634341,City of Westminster
Sunny intervals and a gentle breeze,3,23,74,26,16,54,2022-08-27,14,Low chance of precipitation,1017,22,71,13:00,1,Good,3,Sunny Intervals,A gentle breeze from the north,N,N,Northerly,13,8,2022-08-20T22:03:00+01:00,2022-08-21T09:01:27.058+01:00,2634341,City of Westminster
Sunny intervals and a gentle breeze,3,24,75,26,16,52,2022-08-27,13,Low chance of precipitation,1017,22,72,14:00,1,Good,3,Sunny Intervals,A gentle breeze from the north,N,N,Northerly,13,8,2022-08-20T22:03:00+01:00,2022-08-21T09:01:27.058+01:00,2634341,City of Westminster
Sunny intervals and a gentle breeze,3,24,75,27,17,51,2022-08-27,13,Low chance of precipitation,1017,22,72,15:00,1,Good,3,Sunny Intervals,A gentle breeze from the north,N,N,Northerly,13,8,2022-08-20T22:03:00+01:00,2022-08-21T09:01:27.058+01:00,2634341,City of Westminster
Sunny intervals and a gentle breeze,3,24,76,27,17,51,2022-08-27,14,Low chance of precipitation,1017,23,73,16:00,1,Good,3,Sunny Intervals,A gentle breeze from the north,N,N,Northerly,14,8,2022-08-20T22:03:00+01:00,2022-08-21T09:01:27.058+01:00,2634341,City of Westminster
Sunny intervals and a gentle breeze,3,24,75,26,16,52,2022-08-27,15,Low chance of precipitation,1017,22,72,17:00,1,Good,3,Sunny Intervals,A gentle breeze from the north,N,N,Northerly,14,8,2022-08-20T22:03:00+01:00,2022-08-21T09:01:27.058+01:00,2634341,City of Westminster
Sunny intervals and a gentle breeze,3,23,74,25,16,54,2022-08-27,14,Low chance of precipitation,1017,22,71,18:00,1,Good,3,Sunny Intervals,A gentle breeze from the north,N,N,Northerly,13,8,2022-08-20T22:03:00+01:00,2022-08-21T09:01:27.058+01:00,2634341,City of Westminster
Sunny intervals and a gentle breeze,3,23,73,24,15,57,2022-08-27,13,Low chance of precipitation,1017,21,70,19:00,1,Good,3,Sunny Intervals,A gentle breeze from the north north east,NNE,NNE,North North Easterly,13,8,2022-08-20T22:03:00+01:00,2022-08-21T09:01:27.058+01:00,2634341,City of Westminster
Partly cloudy and a gentle breeze,2,22,71,23,14,61,2022-08-27,11,Low chance of precipitation,1017,20,68,20:00,1,Good,2,Partly Cloudy,A gentle breeze from the north north east,NNE,NNE,North North Easterly,12,8,2022-08-20T22:03:00+01:00,2022-08-21T09:01:27.058+01:00,2634341,City of Westminster
Partly cloudy and light winds,2,21,69,21,13,65,2022-08-27,12,Low chance of precipitation,1017,19,67,21:00,1,Good,2,Partly Cloudy,Light winds from the north north east,NNE,NNE,North North Easterly,11,7,2022-08-20T22:03:00+01:00,2022-08-21T09:01:27.058+01:00,2634341,City of Westminster
Partly cloudy and light winds,2,20,68,20,12,68,2022-08-27,10,Low chance of precipitation,1018,19,65,22:00,1,Good,2,Partly Cloudy,Light winds from the north east,NE,NE,North Easterly,11,7,2022-08-20T22:03:00+01:00,2022-08-21T09:01:27.058+01:00,2634341,City of Westminster
Partly cloudy and light winds,2,19,67,19,12,71,2022-08-27,7,Low chance of precipitation,1018,18,64,23:00,1,Good,2,Partly Cloudy,Light winds from the north east,NE,NE,North Easterly,10,6,2022-08-20T22:03:00+01:00,2022-08-21T09:01:27.058+01:00,2634341,City of Westminster
Light cloud and light winds,36,19,65,18,11,74,2022-08-28,5,Low chance of precipitation,1018,17,63,00:00,1,Good,7,Light Cloud,Light winds from the north east,NE,NE,North Easterly,10,6,2022-08-20T22:03:00+01:00,2022-08-21T09:01:27.058+01:00,2634341,City of Westminster
Light cloud and light winds,36,18,64,19,12,77,2022-08-28,5,Low chance of precipitation,1018,17,62,01:00,1,Good,7,Light Cloud,Light winds from the north east,NE,NE,North Easterly,9,6,2022-08-20T22:03:00+01:00,2022-08-21T09:01:27.058+01:00,2634341,City of Westminster
Light cloud and light winds,36,17,63,18,11,80,2022-08-28,4,Low chance of precipitation,1019,16,61,02:00,1,Good,7,Light Cloud,Light winds from the north north east,NNE,NNE,North North Easterly,9,6,2022-08-20T22:03:00+01:00,2022-08-21T09:01:27.058+01:00,2634341,City of Westminster
Light cloud and light winds,36,17,62,17,11,83,2022-08-28,4,Low chance of precipitation,1019,16,60,03:00,1,Good,7,Light Cloud,Light winds from the north north east,NNE,NNE,North North Easterly,9,5,2022-08-20T22:03:00+01:00,2022-08-21T09:01:27.058+01:00,2634341,City of Westminster
Light cloud and light winds,36,16,61,17,10,85,2022-08-28,5,Low chance of precipitation,1019,15,59,04:00,1,Good,7,Light Cloud,Light winds from the north north east,NNE,NNE,North North Easterly,8,5,2022-08-20T22:03:00+01:00,2022-08-21T09:01:27.058+01:00,2634341,City of Westminster
Light cloud and light winds,36,16,61,17,10,88,2022-08-28,6,Low chance of precipitation,1019,15,59,05:00,1,Good,7,Light Cloud,Light winds from the north north east,NNE,NNE,North North Easterly,8,5,2022-08-20T22:03:00+01:00,2022-08-21T09:01:27.058+01:00,2634341,City of Westminster
Light cloud and light winds,36,16,60,18,11,89,2022-08-28,6,Low chance of precipitation,1019,15,58,06:00,1,Good,7,Light Cloud,Light winds from the north north east,NNE,NNE,North North Easterly,8,5,2022-08-20T22:03:00+01:00,2022-08-21T09:01:27.058+01:00,2634341,City of Westminster
Sunny intervals and light winds,3,16,61,18,11,89,2022-08-28,6,Low chance of precipitation,1019,15,59,07:00,1,Good,3,Sunny Intervals,Light winds from the north north east,NNE,NNE,North North Easterly,9,5,2022-08-20T22:03:00+01:00,2022-08-21T09:01:27.058+01:00,2634341,City of Westminster
Sunny intervals and light winds,3,17,63,20,12,85,2022-08-28,6,Low chance of precipitation,1019,16,60,08:00,1,Good,3,Sunny Intervals,Light winds from the north north east,NNE,NNE,North North Easterly,10,6,2022-08-20T22:03:00+01:00,2022-08-21T09:01:27.058+01:00,2634341,City of Westminster
Sunny intervals and light winds,3,19,65,22,14,78,2022-08-28,6,Low chance of precipitation,1019,17,63,09:00,1,Good,3,Sunny Intervals,Light winds from the north north east,NNE,NNE,North North Easterly,11,7,2022-08-20T22:03:00+01:00,2022-08-21T09:01:27.058+01:00,2634341,City of Westminster
Sunny intervals and light winds,3,20,68,24,15,70,2022-08-28,5,Low chance of precipitation,1019,18,65,10:00,1,Good,3,Sunny Intervals,Light winds from the north north east,NNE,NNE,North North Easterly,12,7,2022-08-20T22:03:00+01:00,2022-08-21T09:01:27.058+01:00,2634341,City of Westminster
Sunny intervals and a gentle breeze,3,22,71,25,16,63,2022-08-28,4,Low chance of precipitation,1019,20,68,11:00,1,Good,3,Sunny Intervals,A gentle breeze from the north east,NE,NE,North Easterly,12,8,2022-08-20T22:03:00+01:00,2022-08-21T09:01:27.058+01:00,2634341,City of Westminster
Sunny intervals and a gentle breeze,3,23,73,26,16,58,2022-08-28,5,Low chance of precipitation,1019,21,70,12:00,1,Good,3,Sunny Intervals,A gentle breeze from the north east,NE,NE,North Easterly,13,8,2022-08-20T22:03:00+01:00,2022-08-21T09:01:27.058+01:00,2634341,City of Westminster
Sunny intervals and a gentle breeze,3,23,74,27,17,54,2022-08-28,6,Low chance of precipitation,1019,22,71,13:00,1,Good,3,Sunny Intervals,A gentle breeze from the north east,NE,NE,North Easterly,14,9,2022-08-20T22:03:00+01:00,2022-08-21T09:01:27.058+01:00,2634341,City of Westminster
Sunny intervals and a gentle breeze,3,24,75,28,17,52,2022-08-28,6,Low chance of precipitation,1019,22,72,14:00,1,Good,3,Sunny Intervals,A gentle breeze from the north east,NE,NE,North Easterly,14,9,2022-08-20T22:03:00+01:00,2022-08-21T09:01:27.058+01:00,2634341,City of Westminster
Sunny intervals and a gentle breeze,3,24,75,28,17,51,2022-08-28,6,Low chance of precipitation,1018,22,72,15:00,1,Good,3,Sunny Intervals,A gentle breeze from the north east,NE,NE,North Easterly,14,9,2022-08-20T22:03:00+01:00,2022-08-21T09:01:27.058+01:00,2634341,City of Westminster
Sunny intervals and a gentle breeze,3,24,75,28,17,52,2022-08-28,7,Low chance of precipitation,1018,22,72,16:00,1,Good,3,Sunny Intervals,A gentle breeze from the north east,NE,NE,North Easterly,15,9,2022-08-20T22:03:00+01:00,2022-08-21T09:01:27.058+01:00,2634341,City of Westminster
Sunny intervals and a gentle breeze,3,23,74,27,17,53,2022-08-28,8,Low chance of precipitation,1018,22,71,17:00,1,Good,3,Sunny Intervals,A gentle breeze from the north east,NE,NE,North Easterly,14,9,2022-08-20T22:03:00+01:00,2022-08-21T09:01:27.058+01:00,2634341,City of Westminster
Sunny intervals and a gentle breeze,3,23,73,27,17,55,2022-08-28,8,Low chance of precipitation,1018,21,70,18:00,1,Good,3,Sunny Intervals,A gentle breeze from the north east,NE,NE,North Easterly,14,9,2022-08-20T22:03:00+01:00,2022-08-21T09:01:27.058+01:00,2634341,City of Westminster
Sunny intervals and a gentle breeze,3,22,71,26,16,58,2022-08-28,8,Low chance of precipitation,1018,20,69,19:00,1,Good,3,Sunny Intervals,A gentle breeze from the north east,NE,NE,North Easterly,14,8,2022-08-20T22:03:00+01:00,2022-08-21T09:01:27.058+01:00,2634341,City of Westminster
Partly cloudy and a gentle breeze,2,21,70,24,15,62,2022-08-28,7,Low chance of precipitation,1018,19,67,20:00,1,Good,2,Partly Cloudy,A gentle breeze from the north east,NE,NE,North Easterly,13,8,2022-08-20T22:03:00+01:00,2022-08-21T09:01:27.058+01:00,2634341,City of Westminster
Partly cloudy and a gentle breeze,2,20,68,22,14,66,2022-08-28,9,Low chance of precipitation,1018,19,65,21:00,1,Good,2,Partly Cloudy,A gentle breeze from the north east,NE,NE,North Easterly,12,8,2022-08-20T22:03:00+01:00,2022-08-21T09:01:27.058+01:00,2634341,City of Westminster
Partly cloudy and light winds,2,19,67,21,13,69,2022-08-28,8,Low chance of precipitation,1018,18,64,22:00,1,Good,2,Partly Cloudy,Light winds from the north east,NE,NE,North Easterly,11,7,2022-08-20T22:03:00+01:00,2022-08-21T09:01:27.058+01:00,2634341,City of Westminster
Partly cloudy and light winds,2,19,66,20,12,71,2022-08-28,6,Low chance of precipitation,1018,17,63,23:00,1,Good,2,Partly Cloudy,Light winds from the north east,NE,NE,North Easterly,11,7,2022-08-20T22:03:00+01:00,2022-08-21T09:01:27.058+01:00,2634341,City of Westminster
Light cloud and light winds,36,18,65,19,12,74,2022-08-29,5,Low chance of precipitation,1019,17,62,00:00,1,Good,7,Light Cloud,Light winds from the north north east,NNE,NNE,North North Easterly,10,6,2022-08-20T22:03:00+01:00,2022-08-21T09:01:27.058+01:00,2634341,City of Westminster
Light cloud and light winds,36,18,64,19,12,77,2022-08-29,5,Low chance of precipitation,1019,16,61,01:00,1,Good,7,Light Cloud,Light winds from the north north east,NNE,NNE,North North Easterly,10,6,2022-08-20T22:03:00+01:00,2022-08-21T09:01:27.058+01:00,2634341,City of Westminster
Light cloud and light winds,36,17,63,19,12,79,2022-08-29,5,Low chance of precipitation,1019,16,60,02:00,1,Good,7,Light Cloud,Light winds from the north north east,NNE,NNE,North North Easterly,9,6,2022-08-20T22:03:00+01:00,2022-08-21T09:01:27.058+01:00,2634341,City of Westminster
Light cloud and light winds,36,17,62,18,11,82,2022-08-29,5,Low chance of precipitation,1019,15,60,03:00,1,Good,7,Light Cloud,Light winds from the north north east,NNE,NNE,North North Easterly,9,6,2022-08-20T22:03:00+01:00,2022-08-21T09:01:27.058+01:00,2634341,City of Westminster
Light cloud and light winds,36,16,61,17,11,84,2022-08-29,7,Low chance of precipitation,1019,15,59,04:00,1,Good,7,Light Cloud,Light winds from the north north east,NNE,NNE,North North Easterly,9,6,2022-08-20T22:03:00+01:00,2022-08-21T09:01:27.058+01:00,2634341,City of Westminster
Light cloud and light winds,36,16,60,17,11,86,2022-08-29,9,Low chance of precipitation,1019,15,58,05:00,1,Good,7,Light Cloud,Light winds from the north north east,NNE,NNE,North North Easterly,9,6,2022-08-20T22:03:00+01:00,2022-08-21T09:01:27.058+01:00,2634341,City of Westminster
Partly cloudy and light winds,2,15,60,18,11,87,2022-08-29,9,Low chance of precipitation,1020,15,58,06:00,1,Good,2,Partly Cloudy,Light winds from the north north east,NNE,NNE,North North Easterly,9,6,2022-08-21T09:01:27+01:00,2022-08-21T09:01:27.058+01:00,2634341,City of Westminster
Sunny intervals and light winds,3,16,61,19,12,87,2022-08-29,9,Low chance of precipitation,1020,15,59,07:00,1,Good,3,Sunny Intervals,Light winds from the north north east,NNE,NNE,North North Easterly,10,6,2022-08-21T09:01:27+01:00,2022-08-21T09:01:27.058+01:00,2634341,City of Westminster
Sunny intervals and light winds,3,17,62,21,13,83,2022-08-29,9,Low chance of precipitation,1020,16,60,08:00,1,Good,3,Sunny Intervals,Light winds from the north north east,NNE,NNE,North North Easterly,10,6,2022-08-21T09:01:27+01:00,2022-08-21T09:01:27.058+01:00,2634341,City of Westminster
Sunny intervals and light winds,3,18,65,23,14,77,2022-08-29,9,Low chance of precipitation,1020,17,62,09:00,1,Good,3,Sunny Intervals,Light winds from the north north east,NNE,NNE,North North Easterly,11,7,2022-08-21T09:01:27+01:00,2022-08-21T09:01:27.058+01:00,2634341,City of Westminster
Sunny intervals and a gentle breeze,3,20,68,24,15,69,2022-08-29,8,Low chance of precipitation,1020,18,65,10:00,1,Good,3,Sunny Intervals,A gentle breeze from the north north east,NNE,NNE,North North Easterly,12,8,2022-08-21T09:01:27+01:00,2022-08-21T09:01:27.058+01:00,2634341,City of Westminster
Sunny intervals and a gentle breeze,3,21,70,26,16,62,2022-08-29,7,Low chance of precipitation,1021,20,67,11:00,1,Good,3,Sunny Intervals,A gentle breeze from the north north east,NNE,NNE,North North Easterly,13,8,2022-08-21T09:01:27+01:00,2022-08-21T09:01:27.058+01:00,2634341,City of Westminster
Sunny intervals and a gentle breeze,3,23,73,27,17,57,2022-08-29,7,Low chance of precipitation,1021,21,70,12:00,1,Good,3,Sunny Intervals,A gentle breeze from the north east,NE,NE,North Easterly,14,8,2022-08-21T09:01:27+01:00,2022-08-21T09:01:27.058+01:00,2634341,City of Westminster
Sunny intervals and a gentle breeze,3,23,74,28,17,53,2022-08-29,8,Low chance of precipitation,1021,22,71,13:00,1,Good,3,Sunny Intervals,A gentle breeze from the north east,NE,NE,North Easterly,14,9,2022-08-21T09:01:27+01:00,2022-08-21T09:01:27.058+01:00,2634341,City of Westminster
Sunny intervals and a gentle breeze,3,24,75,29,18,52,2022-08-29,8,Low chance of precipitation,1021,22,72,14:00,1,Good,3,Sunny Intervals,A gentle breeze from the north east,NE,NE,North Easterly,14,9,2022-08-21T09:01:27+01:00,2022-08-21T09:01:27.058+01:00,2634341,City of Westminster
Sunny intervals and a gentle breeze,3,24,75,29,18,51,2022-08-29,7,Low chance of precipitation,1021,22,72,15:00,1,Good,3,Sunny Intervals,A gentle breeze from the north east,NE,NE,North Easterly,15,9,2022-08-21T09:01:27+01:00,2022-08-21T09:01:27.058+01:00,2634341,City of Westminster
Sunny intervals and a gentle breeze,3,24,75,29,18,51,2022-08-29,7,Low chance of precipitation,1021,22,72,16:00,1,Good,3,Sunny Intervals,A gentle breeze from the north east,NE,NE,North Easterly,15,9,2022-08-21T09:01:27+01:00,2022-08-21T09:01:27.058+01:00,2634341,City of Westminster
Sunny intervals and a gentle breeze,3,23,74,28,17,52,2022-08-29,8,Low chance of precipitation,1021,22,71,17:00,1,Good,3,Sunny Intervals,A gentle breeze from the north east,NE,NE,North Easterly,15,9,2022-08-21T09:01:27+01:00,2022-08-21T09:01:27.058+01:00,2634341,City of Westminster
Sunny intervals and a gentle breeze,3,23,73,27,17,54,2022-08-29,8,Low chance of precipitation,1021,21,70,18:00,1,Good,3,Sunny Intervals,A gentle breeze from the north east,NE,NE,North Easterly,14,9,2022-08-21T09:01:27+01:00,2022-08-21T09:01:27.058+01:00,2634341,City of Westminster
Sunny intervals and a gentle breeze,3,22,71,26,16,57,2022-08-29,8,Low chance of precipitation,1021,20,69,19:00,1,Good,3,Sunny Intervals,A gentle breeze from the north east,NE,NE,North Easterly,14,9,2022-08-21T09:01:27+01:00,2022-08-21T09:01:27.058+01:00,2634341,City of Westminster
Partly cloudy and a gentle breeze,2,21,69,24,15,61,2022-08-29,9,Low chance of precipitation,1022,19,67,20:00,1,Good,2,Partly Cloudy,A gentle breeze from the north east,NE,NE,North Easterly,13,8,2022-08-21T09:01:27+01:00,2022-08-21T09:01:27.058+01:00,2634341,City of Westminster
Partly cloudy and light winds,2,20,68,22,14,65,2022-08-29,12,Low chance of precipitation,1023,19,65,21:00,1,Good,2,Partly Cloudy,Light winds from the north east,NE,NE,North Easterly,12,7,2022-08-21T09:01:27+01:00,2022-08-21T09:01:27.058+01:00,2634341,City of Westminster
Partly cloudy and light winds,2,19,67,21,13,68,2022-08-29,12,Low chance of precipitation,1024,18,64,22:00,1,Good,2,Partly Cloudy,Light winds from the north east,NE,NE,North Easterly,11,7,2022-08-21T09:01:27+01:00,2022-08-21T09:01:27.058+01:00,2634341,City of Westminster
Partly cloudy and light winds,2,19,65,20,12,71,2022-08-29,11,Low chance of precipitation,1024,17,63,23:00,1,Good,2,Partly Cloudy,Light winds from the north east,NE,NE,North Easterly,10,6,2022-08-21T09:01:27+01:00,2022-08-21T09:01:27.058+01:00,2634341,City of Westminster
Partly cloudy and light winds,2,18,64,19,12,74,2022-08-30,12,Low chance of precipitation,1025,17,62,00:00,1,Good,2,Partly Cloudy,Light winds from the north east,NE,NE,North Easterly,10,6,2022-08-21T09:01:27+01:00,2022-08-21T09:01:27.058+01:00,2634341,City of Westminster
Light cloud and light winds,36,17,63,19,12,76,2022-08-30,13,Low chance of precipitation,1025,16,61,01:00,1,Good,7,Light Cloud,Light winds from the north north east,NNE,NNE,North North Easterly,9,6,2022-08-21T09:01:27+01:00,2022-08-21T09:01:27.058+01:00,2634341,City of Westminster
Light cloud and light winds,36,17,62,19,12,79,2022-08-30,12,Low chance of precipitation,1025,16,60,02:00,1,Good,7,Light Cloud,Light winds from the north north east,NNE,NNE,North North Easterly,9,5,2022-08-21T09:01:27+01:00,2022-08-21T09:01:27.058+01:00,2634341,City of Westminster
Light cloud and light winds,36,16,61,18,11,81,2022-08-30,12,Low chance of precipitation,1024,15,59,03:00,1,Good,7,Light Cloud,Light winds from the north north east,NNE,NNE,North North Easterly,9,5,2022-08-21T09:01:27+01:00,2022-08-21T09:01:27.058+01:00,2634341,City of Westminster
Light cloud and light winds,36,16,60,18,11,83,2022-08-30,13,Low chance of precipitation,1023,15,59,04:00,1,Good,7,Light Cloud,Light winds from the north north east,NNE,NNE,North North Easterly,8,5,2022-08-21T09:01:27+01:00,2022-08-21T09:01:27.058+01:00,2634341,City of Westminster
Light cloud and light winds,36,15,59,18,11,85,2022-08-30,14,Low chance of precipitation,1022,14,58,05:00,1,Good,7,Light Cloud,Light winds from the north north east,NNE,NNE,North North Easterly,8,5,2022-08-21T09:01:27+01:00,2022-08-21T09:01:27.058+01:00,2634341,City of Westminster
Partly cloudy and light winds,2,15,59,19,12,85,2022-08-30,13,Low chance of precipitation,1021,14,58,06:00,1,Good,2,Partly Cloudy,Light winds from the north north east,NNE,NNE,North North Easterly,9,5,2022-08-21T09:01:27+01:00,2022-08-21T09:01:27.058+01:00,2634341,City of Westminster
Sunny intervals and light winds,3,15,60,20,12,85,2022-08-30,12,Low chance of precipitation,1020,15,58,07:00,1,Good,3,Sunny Intervals,Light winds from the north north east,NNE,NNE,North North Easterly,9,6,2022-08-21T09:01:27+01:00,2022-08-21T09:01:27.058+01:00,2634341,City of Westminster
Sunny intervals and light winds,3,16,61,22,14,81,2022-08-30,11,Low chance of precipitation,1020,15,59,08:00,1,Good,3,Sunny Intervals,Light winds from the north north east,NNE,NNE,North North Easterly,10,6,2022-08-21T09:01:27+01:00,2022-08-21T09:01:27.058+01:00,2634341,City of Westminster
Sunny intervals and light winds,3,18,64,24,15,75,2022-08-30,9,Low chance of precipitation,1020,17,62,09:00,1,Good,3,Sunny Intervals,Light winds from the north north east,NNE,NNE,North North Easterly,11,7,2022-08-21T09:01:27+01:00,2022-08-21T09:01:27.058+01:00,2634341,City of Westminster
Sunny intervals and a gentle breeze,3,19,67,26,16,68,2022-08-30,8,Low chance of precipitation,1020,18,64,10:00,1,Good,3,Sunny Intervals,A gentle breeze from the north north east,NNE,NNE,North North Easterly,12,8,2022-08-21T09:01:27+01:00,2022-08-21T09:01:27.058+01:00,2634341,City of Westminster
Sunny intervals and a gentle breeze,3,21,69,28,17,62,2022-08-30,6,Low chance of precipitation,1020,19,67,11:00,1,Good,3,Sunny Intervals,A gentle breeze from the north north east,NNE,NNE,North North Easterly,13,8,2022-08-21T09:01:27+01:00,2022-08-21T09:01:27.058+01:00,2634341,City of Westminster
Sunny intervals and a gentle breeze,3,22,71,29,18,57,2022-08-30,6,Low chance of precipitation,1020,20,69,12:00,1,Good,3,Sunny Intervals,A gentle breeze from the north north east,NNE,NNE,North North Easterly,14,9,2022-08-21T09:01:27+01:00,2022-08-21T09:01:27.058+01:00,2634341,City of Westminster
Sunny intervals and a gentle breeze,3,23,73,30,18,54,2022-08-30,7,Low chance of precipitation,1020,21,70,13:00,1,Good,3,Sunny Intervals,A gentle breeze from the north north east,NNE,NNE,North North Easterly,15,9,2022-08-21T09:01:27+01:00,2022-08-21T09:01:27.058+01:00,2634341,City of Westminster
Sunny intervals and a gentle breeze,3,23,73,30,19,52,2022-08-30,7,Low chance of precipitation,1020,22,71,14:00,1,Good,3,Sunny Intervals,A gentle breeze from the north north east,NNE,NNE,North North Easterly,15,9,2022-08-21T09:01:27+01:00,2022-08-21T09:01:27.058+01:00,2634341,City of Westminster
Sunny intervals and a gentle breeze,3,23,74,31,19,51,2022-08-30,7,Low chance of precipitation,1020,22,71,15:00,1,Good,3,Sunny Intervals,A gentle breeze from the north north east,NNE,NNE,North North Easterly,16,10,2022-08-21T09:01:27+01:00,2022-08-21T09:01:27.058+01:00,2634341,City of Westminster
Sunny intervals and a gentle breeze,3,23,73,30,19,51,2022-08-30,8,Low chance of precipitation,1020,22,71,16:00,1,Good,3,Sunny Intervals,A gentle breeze from the north north east,NNE,NNE,North North Easterly,16,10,2022-08-21T09:01:27+01:00,2022-08-21T09:01:27.058+01:00,2634341,City of Westminster
Sunny intervals and a gentle breeze,3,23,73,30,18,52,2022-08-30,9,Low chance of precipitation,1020,21,70,17:00,1,Good,3,Sunny Intervals,A gentle breeze from the north north east,NNE,NNE,North North Easterly,16,10,2022-08-21T09:01:27+01:00,2022-08-21T09:01:27.058+01:00,2634341,City of Westminster
Sunny intervals and a gentle breeze,3,22,72,29,18,54,2022-08-30,10,Low chance of precipitation,1020,21,69,18:00,1,Good,3,Sunny Intervals,A gentle breeze from the north north east,NNE,NNE,North North Easterly,15,9,2022-08-21T09:01:27+01:00,2022-08-21T09:01:27.058+01:00,2634341,City of Westminster
Sunny intervals and a gentle breeze,3,21,70,27,17,57,2022-08-30,9,Low chance of precipitation,1020,20,68,19:00,1,Good,3,Sunny Intervals,A gentle breeze from the north north east,NNE,NNE,North North Easterly,15,9,2022-08-21T09:01:27+01:00,2022-08-21T09:01:27.058+01:00,2634341,City of Westminster
Partly cloudy and a gentle breeze,2,20,69,26,16,61,2022-08-30,9,Low chance of precipitation,1020,19,66,20:00,1,Good,2,Partly Cloudy,A gentle breeze from the north north east,NNE,NNE,North North Easterly,14,9,2022-08-21T09:01:27+01:00,2022-08-21T09:01:27.058+01:00,2634341,City of Westminster
Partly cloudy and a gentle breeze,2,19,67,24,15,65,2022-08-30,11,Low chance of precipitation,1020,18,65,21:00,1,Good,2,Partly Cloudy,A gentle breeze from the north north east,NNE,NNE,North North Easterly,13,8,2022-08-21T09:01:27+01:00,2022-08-21T09:01:27.058+01:00,2634341,City of Westminster
Partly cloudy and light winds,2,19,66,23,14,68,2022-08-30,10,Low chance of precipitation,1020,18,64,22:00,1,Good,2,Partly Cloudy,Light winds from the north north east,NNE,NNE,North North Easterly,12,7,2022-08-21T09:01:27+01:00,2022-08-21T09:01:27.058+01:00,2634341,City of Westminster
Partly cloudy and light winds,2,18,65,22,14,71,2022-08-30,8,Low chance of precipitation,1021,17,63,23:00,1,Good,2,Partly Cloudy,Light winds from the north north east,NNE,NNE,North North Easterly,11,7,2022-08-21T09:01:27+01:00,2022-08-21T09:01:27.058+01:00,2634341,City of Westminster
Light cloud and light winds,36,17,63,21,13,73,2022-08-31,7,Low chance of precipitation,1021,16,61,00:00,1,Good,7,Light Cloud,Light winds from the north north east,NNE,NNE,North North Easterly,11,7,2022-08-21T09:01:27+01:00,2022-08-21T09:01:27.058+01:00,2634341,City of Westminster
Light cloud and light winds,36,17,62,21,13,76,2022-08-31,7,Low chance of precipitation,1021,16,61,01:00,1,Good,7,Light Cloud,Light winds from the north,N,N,Northerly,10,6,2022-08-21T09:01:27+01:00,2022-08-21T09:01:27.058+01:00,2634341,City of Westminster
Light cloud and light winds,36,16,61,21,13,78,2022-08-31,5,Low chance of precipitation,1022,15,59,02:00,1,Good,7,Light Cloud,Light winds from the north,N,N,Northerly,10,6,2022-08-21T09:01:27+01:00,2022-08-21T09:01:27.058+01:00,2634341,City of Westminster
Light cloud and light winds,36,16,60,21,13,80,2022-08-31,5,Low chance of precipitation,1022,15,59,03:00,1,Good,7,Light Cloud,Not available,-99,-99,Direction not available,10,6,2022-08-21T09:01:27+01:00,2022-08-21T09:01:27.058+01:00,2634341,City of Westminster
Light cloud and light winds,36,15,59,20,13,82,2022-08-31,6,Low chance of precipitation,1022,15,58,04:00,1,Good,7,Light Cloud,Not available,-99,-99,Direction not available,9,6,2022-08-21T09:01:27+01:00,2022-08-21T09:01:27.058+01:00,2634341,City of Westminster
Light cloud and light winds,36,15,59,20,13,83,2022-08-31,6,Low chance of precipitation,1022,14,58,05:00,1,Good,7,Light Cloud,Light winds from the north,N,N,Northerly,9,6,2022-08-21T09:01:27+01:00,2022-08-21T09:01:27.058+01:00,2634341,City of Westminster
Light cloud and light winds,36,15,59,21,13,84,2022-08-31,6,Low chance of precipitation,1022,14,57,06:00,1,Good,7,Light Cloud,Light winds from the north,N,N,Northerly,9,6,2022-08-21T09:01:27+01:00,2022-08-21T09:01:27.058+01:00,2634341,City of Westminster
Sunny intervals and light winds,3,15,59,22,14,83,2022-08-31,5,Low chance of precipitation,1022,14,58,07:00,1,Good,3,Sunny Intervals,Light winds from the north,N,N,Northerly,10,6,2022-08-21T09:01:27+01:00,2022-08-21T09:01:27.058+01:00,2634341,City of Westminster
Sunny intervals and light winds,3,16,61,24,15,80,2022-08-31,5,Low chance of precipitation,1023,15,59,08:00,1,Good,3,Sunny Intervals,Light winds from the north,N,N,Northerly,11,7,2022-08-21T09:01:27+01:00,2022-08-21T09:01:27.058+01:00,2634341,City of Westminster
Sunny intervals and light winds,3,17,63,25,16,75,2022-08-31,5,Low chance of precipitation,1023,16,61,09:00,1,Good,3,Sunny Intervals,Light winds from the north,N,N,Northerly,12,7,2022-08-21T09:01:27+01:00,2022-08-21T09:01:27.058+01:00,2634341,City of Westminster
Sunny intervals and a gentle breeze,3,19,66,27,17,68,2022-08-31,4,Low chance of precipitation,1023,18,64,10:00,1,Good,3,Sunny Intervals,A gentle breeze from the north,N,N,Northerly,13,8,2022-08-21T09:01:27+01:00,2022-08-21T09:01:27.058+01:00,2634341,City of Westminster
Sunny intervals and a gentle breeze,3,20,68,28,17,62,2022-08-31,3,Low chance of precipitation,1024,19,66,11:00,1,Good,3,Sunny Intervals,A gentle breeze from the north,N,N,Northerly,14,8,2022-08-21T09:01:27+01:00,2022-08-21T09:01:27.058+01:00,2634341,City of Westminster
Sunny intervals and a gentle breeze,3,21,70,29,18,58,2022-08-31,3,Low chance of precipitation,1024,20,68,12:00,1,Good,3,Sunny Intervals,A gentle breeze from the north,N,N,Northerly,14,9,2022-08-21T09:01:27+01:00,2022-08-21T09:01:27.058+01:00,2634341,City of Westminster
Sunny intervals and a gentle breeze,3,22,71,29,18,55,2022-08-31,5,Low chance of precipitation,1024,21,69,13:00,1,Good,3,Sunny Intervals,A gentle breeze from the north,N,N,Northerly,15,9,2022-08-21T09:01:27+01:00,2022-08-21T09:01:27.058+01:00,2634341,City of Westminster
Sunny intervals and a gentle breeze,3,22,72,29,18,53,2022-08-31,6,Low chance of precipitation,1024,21,70,14:00,1,Good,3,Sunny Intervals,A gentle breeze from the north,N,N,Northerly,15,9,2022-08-21T09:01:27+01:00,2022-08-21T09:01:27.058+01:00,2634341,City of Westminster
Sunny intervals and a gentle breeze,3,23,73,29,18,51,2022-08-31,7,Low chance of precipitation,1024,21,71,15:00,1,Good,3,Sunny Intervals,A gentle breeze from the north,N,N,Northerly,15,9,2022-08-21T09:01:27+01:00,2022-08-21T09:01:27.058+01:00,2634341,City of Westminster
Light cloud and a gentle breeze,7,23,73,29,18,51,2022-08-31,8,Low chance of precipitation,1025,21,71,16:00,1,Good,7,Light Cloud,A gentle breeze from the north,N,N,Northerly,15,9,2022-08-21T09:01:27+01:00,2022-08-21T09:01:27.058+01:00,2634341,City of Westminster
Sunny intervals and a gentle breeze,3,23,73,28,18,51,2022-08-31,9,Low chance of precipitation,1025,21,70,17:00,1,Good,3,Sunny Intervals,A gentle breeze from the north,N,N,Northerly,15,9,2022-08-21T09:01:27+01:00,2022-08-21T09:01:27.058+01:00,2634341,City of Westminster
Sunny intervals and a gentle breeze,3,22,72,27,17,53,2022-08-31,11,Low chance of precipitation,1025,21,70,18:00,1,Good,3,Sunny Intervals,A gentle breeze from the north north east,NNE,NNE,North North Easterly,14,9,2022-08-21T09:01:27+01:00,2022-08-21T09:01:27.058+01:00,2634341,City of Westminster
Sunny intervals and a gentle breeze,3,21,70,26,16,56,2022-08-31,10,Low chance of precipitation,1025,20,68,19:00,1,Good,3,Sunny Intervals,A gentle breeze from the north north east,NNE,NNE,North North Easterly,14,9,2022-08-21T09:01:27+01:00,2022-08-21T09:01:27.058+01:00,2634341,City of Westminster
Light cloud and a gentle breeze,36,21,69,24,15,59,2022-08-31,10,Low chance of precipitation,1025,19,67,20:00,1,Good,7,Light Cloud,A gentle breeze from the north north east,NNE,NNE,North North Easterly,13,8,2022-08-21T09:01:27+01:00,2022-08-21T09:01:27.058+01:00,2634341,City of Westminster
Light cloud and light winds,36,20,67,22,14,63,2022-08-31,12,Low chance of precipitation,1025,19,65,21:00,1,Good,7,Light Cloud,Light winds from the north north east,NNE,NNE,North North Easterly,12,7,2022-08-21T09:01:27+01:00,2022-08-21T09:01:27.058+01:00,2634341,City of Westminster
Light cloud and light winds,36,19,66,21,13,66,2022-08-31,11,Low chance of precipitation,1025,18,64,22:00,1,Good,7,Light Cloud,Light winds from the north north east,NNE,NNE,North North Easterly,11,7,2022-08-21T09:01:27+01:00,2022-08-21T09:01:27.058+01:00,2634341,City of Westminster
Light cloud and light winds,36,18,65,20,12,70,2022-08-31,8,Low chance of precipitation,1026,17,63,23:00,1,Good,7,Light Cloud,Light winds from the north north east,NNE,NNE,North North Easterly,10,6,2022-08-21T09:01:27+01:00,2022-08-21T09:01:27.058+01:00,2634341,City of Westminster
Light cloud and light winds,36,18,64,19,12,73,2022-09-01,7,Low chance of precipitation,1026,17,62,00:00,1,Good,7,Light Cloud,Light winds from the north,N,N,Northerly,10,6,2022-08-21T09:01:27+01:00,2022-08-21T09:01:27.058+01:00,2634341,City of Westminster
Light cloud and light winds,36,17,63,19,12,75,2022-09-01,7,Low chance of precipitation,1026,16,61,01:00,1,Good,7,Light Cloud,Light winds from the north,N,N,Northerly,9,6,2022-08-21T09:01:27+01:00,2022-08-21T09:01:27.058+01:00,2634341,City of Westminster
Light cloud and light winds,36,16,61,19,12,78,2022-09-01,6,Low chance of precipitation,1026,15,60,02:00,1,Good,7,Light Cloud,Light winds from the north,N,N,Northerly,9,5,2022-08-21T09:01:27+01:00,2022-08-21T09:01:27.058+01:00,2634341,City of Westminster
Light cloud and light winds,36,16,60,18,11,81,2022-09-01,6,Low chance of precipitation,1026,15,59,03:00,1,Good,7,Light Cloud,Light winds from the north,N,N,Northerly,8,5,2022-08-21T09:01:27+01:00,2022-08-21T09:01:27.058+01:00,2634341,City of Westminster
Light cloud and light winds,36,15,60,18,11,83,2022-09-01,7,Low chance of precipitation,1026,15,58,04:00,1,Good,7,Light Cloud,Light winds from the north,N,N,Northerly,8,5,2022-08-21T09:01:27+01:00,2022-08-21T09:01:27.058+01:00,2634341,City of Westminster
Light cloud and light winds,36,15,59,18,11,85,2022-09-01,7,Low chance of precipitation,1026,14,58,05:00,1,Good,7,Light Cloud,Light winds from the north,N,N,Northerly,8,5,2022-08-21T09:01:27+01:00,2022-08-21T09:01:27.058+01:00,2634341,City of Westminster
Light cloud and light winds,36,15,59,19,12,85,2022-09-01,7,Low chance of precipitation,1026,14,57,06:00,1,Good,7,Light Cloud,Light winds from the north,N,N,Northerly,8,5,2022-08-21T09:01:27+01:00,2022-08-21T09:01:27.058+01:00,2634341,City of Westminster
Light cloud and light winds,7,15,59,19,12,85,2022-09-01,6,Low chance of precipitation,1026,14,58,07:00,1,Good,7,Light Cloud,Light winds from the north north west,NNW,NNW,North North Westerly,9,6,2022-08-21T09:01:27+01:00,2022-08-21T09:01:27.058+01:00,2634341,City of Westminster
Sunny intervals and light winds,3,16,61,21,13,81,2022-09-01,6,Low chance of precipitation,1025,15,59,08:00,1,Good,3,Sunny Intervals,Light winds from the north north west,NNW,NNW,North North Westerly,10,6,2022-08-21T09:01:27+01:00,2022-08-21T09:01:27.058+01:00,2634341,City of Westminster
Sunny intervals and light winds,3,18,64,23,14,75,2022-09-01,5,Low chance of precipitation,1025,17,62,09:00,1,Good,3,Sunny Intervals,Light winds from the north north west,NNW,NNW,North North Westerly,10,6,2022-08-21T09:01:27+01:00,2022-08-21T09:01:27.058+01:00,2634341,City of Westminster
Sunny intervals and light winds,3,19,67,24,15,67,2022-09-01,4,Low chance of precipitation,1025,18,65,10:00,1,Good,3,Sunny Intervals,Light winds from the north north west,NNW,NNW,North North Westerly,11,7,2022-08-21T09:01:27+01:00,2022-08-21T09:01:27.058+01:00,2634341,City of Westminster
Sunny intervals and light winds,3,21,70,25,15,61,2022-09-01,3,Low chance of precipitation,1025,19,67,11:00,1,Good,3,Sunny Intervals,Light winds from the north north west,NNW,NNW,North North Westerly,12,7,2022-08-21T09:01:27+01:00,2022-08-21T09:01:27.058+01:00,2634341,City of Westminster
Sunny intervals and a gentle breeze,3,22,72,26,16,56,2022-09-01,3,Low chance of precipitation,1025,21,69,12:00,1,Good,3,Sunny Intervals,A gentle breeze from the north north west,NNW,NNW,North North Westerly,12,8,2022-08-21T09:01:27+01:00,2022-08-21T09:01:27.058+01:00,2634341,City of Westminster
Sunny intervals and a gentle breeze,3,23,73,26,16,53,2022-09-01,5,Low chance of precipitation,1025,21,71,13:00,1,Good,3,Sunny Intervals,A gentle breeze from the north west,NW,NW,North Westerly,13,8,2022-08-21T09:01:27+01:00,2022-08-21T09:01:27.058+01:00,2634341,City of Westminster
Sunny intervals and a gentle breeze,3,23,74,26,16,51,2022-09-01,6,Low chance of precipitation,1024,22,72,14:00,1,Good,3,Sunny Intervals,A gentle breeze from the north west,NW,NW,North Westerly,13,8,2022-08-21T09:01:27+01:00,2022-08-21T09:01:27.058+01:00,2634341,City of Westminster
Sunny intervals and a gentle breeze,3,24,75,26,16,50,2022-09-01,7,Low chance of precipitation,1024,22,72,15:00,1,Good,3,Sunny Intervals,A gentle breeze from the west north west,WNW,WNW,West North Westerly,13,8,2022-08-21T09:01:27+01:00,2022-08-21T09:01:27.058+01:00,2634341,City of Westminster
Sunny intervals and a gentle breeze,3,24,75,26,16,50,2022-09-01,8,Low chance of precipitation,1023,22,72,16:00,1,Good,3,Sunny Intervals,A gentle breeze from the west north west,WNW,WNW,West North Westerly,13,8,2022-08-21T09:01:27+01:00,2022-08-21T09:01:27.058+01:00,2634341,City of Westminster
Sunny intervals and a gentle breeze,3,24,75,25,16,51,2022-09-01,10,Low chance of precipitation,1022,22,72,17:00,1,Good,3,Sunny Intervals,A gentle breeze from the north west,NW,NW,North Westerly,13,8,2022-08-21T09:01:27+01:00,2022-08-21T09:01:27.058+01:00,2634341,City of Westminster
Sunny intervals and a gentle breeze,3,23,74,24,15,53,2022-09-01,11,Low chance of precipitation,1022,22,71,18:00,1,Good,3,Sunny Intervals,A gentle breeze from the north west,NW,NW,North Westerly,13,8,2022-08-21T09:01:27+01:00,2022-08-21T09:01:27.058+01:00,2634341,City of Westminster
Sunny intervals and a gentle breeze,3,23,73,23,15,56,2022-09-01,11,Low chance of precipitation,1021,21,70,19:00,1,Good,3,Sunny Intervals,A gentle breeze from the north north west,NNW,NNW,North North Westerly,12,8,2022-08-21T09:01:27+01:00,2022-08-21T09:01:27.058+01:00,2634341,City of Westminster
Partly cloudy and light winds,2,21,71,22,14,59,2022-09-01,10,Low chance of precipitation,1021,20,68,20:00,1,Good,2,Partly Cloudy,Light winds from the north,N,N,Northerly,12,7,2022-08-21T09:01:27+01:00,2022-08-21T09:01:27.058+01:00,2634341,City of Westminster
Partly cloudy and light winds,2,21,69,21,13,63,2022-09-01,11,Low chance of precipitation,1021,19,66,21:00,1,Good,2,Partly Cloudy,Light winds from the north,N,N,Northerly,11,7,2022-08-21T09:01:27+01:00,2022-08-21T09:01:27.058+01:00,2634341,City of Westminster
Partly cloudy and light winds,2,20,68,20,12,66,2022-09-01,10,Low chance of precipitation,1020,18,65,22:00,1,Good,2,Partly Cloudy,Light winds from the north,N,N,Northerly,10,6,2022-08-21T09:01:27+01:00,2022-08-21T09:01:27.058+01:00,2634341,City of Westminster
Light cloud and light winds,36,19,66,19,12,69,2022-09-01,7,Low chance of precipitation,1020,18,64,23:00,1,Good,7,Light Cloud,Light winds from the north north west,NNW,NNW,North North Westerly,9,6,2022-08-21T09:01:27+01:00,2022-08-21T09:01:27.058+01:00,2634341,City of Westminster
Light cloud and light winds,36,18,65,19,12,72,2022-09-02,5,Low chance of precipitation,1020,17,63,00:00,1,Good,7,Light Cloud,Light winds from the north west,NW,NW,North Westerly,9,6,2022-08-21T09:01:27+01:00,2022-08-21T09:01:27.058+01:00,2634341,City of Westminster
Light cloud and light winds,36,18,64,19,12,74,2022-09-02,5,Low chance of precipitation,1019,17,62,01:00,1,Good,7,Light Cloud,Light winds from the north west,NW,NW,North Westerly,9,5,2022-08-21T09:01:27+01:00,2022-08-21T09:01:27.058+01:00,2634341,City of Westminster
Light cloud and light winds,36,17,63,18,11,77,2022-09-02,4,Low chance of precipitation,1019,16,61,02:00,1,Good,7,Light Cloud,Light winds from the north west,NW,NW,North Westerly,8,5,2022-08-21T09:01:27+01:00,2022-08-21T09:01:27.058+01:00,2634341,City of Westminster
Light cloud and light winds,36,16,61,17,11,79,2022-09-02,4,Low chance of precipitation,1019,15,59,03:00,1,Good,7,Light Cloud,Light winds from the north west,NW,NW,North Westerly,8,5,2022-08-21T09:01:27+01:00,2022-08-21T09:01:27.058+01:00,2634341,City of Westminster
Light cloud and light winds,36,16,60,16,10,81,2022-09-02,5,Low chance of precipitation,1019,15,59,04:00,1,Good,7,Light Cloud,Light winds from the north west,NW,NW,North Westerly,8,5,2022-08-21T09:01:27+01:00,2022-08-21T09:01:27.058+01:00,2634341,City of Westminster
Light cloud and light winds,36,15,60,16,10,83,2022-09-02,5,Low chance of precipitation,1018,15,58,05:00,1,Good,7,Light Cloud,Light winds from the north west,NW,NW,North Westerly,7,5,2022-08-21T09:01:27+01:00,2022-08-21T09:01:27.058+01:00,2634341,City of Westminster
Light cloud and light winds,36,15,59,17,11,84,2022-09-02,5,Low chance of precipitation,1018,14,58,06:00,1,Good,7,Light Cloud,Light winds from the north west,NW,NW,North Westerly,7,5,2022-08-21T09:01:27+01:00,2022-08-21T09:01:27.058+01:00,2634341,City of Westminster
Sunny intervals and light winds,3,15,60,17,11,83,2022-09-02,5,Low chance of precipitation,1018,15,58,07:00,1,Good,3,Sunny Intervals,Light winds from the west north west,WNW,WNW,West North Westerly,8,5,2022-08-21T09:01:27+01:00,2022-08-21T09:01:27.058+01:00,2634341,City of Westminster
Sunny intervals and light winds,3,16,61,19,12,80,2022-09-02,5,Low chance of precipitation,1018,15,59,08:00,1,Good,3,Sunny Intervals,Light winds from the west north west,WNW,WNW,West North Westerly,9,5,2022-08-21T09:01:27+01:00,2022-08-21T09:01:27.058+01:00,2634341,City of Westminster
Sunny intervals and light winds,3,18,64,21,13,74,2022-09-02,5,Low chance of precipitation,1018,17,62,09:00,1,Good,3,Sunny Intervals,Light winds from the west north west,WNW,WNW,West North Westerly,10,6,2022-08-21T09:01:27+01:00,2022-08-21T09:01:27.058+01:00,2634341,City of Westminster
Sunny intervals and light winds,3,19,67,23,14,67,2022-09-02,4,Low chance of precipitation,1017,18,65,10:00,1,Good,3,Sunny Intervals,Light winds from the west north west,WNW,WNW,West North Westerly,11,7,2022-08-21T09:01:27+01:00,2022-08-21T09:01:27.058+01:00,2634341,City of Westminster
Sunny intervals and light winds,3,21,70,24,15,60,2022-09-02,3,Low chance of precipitation,1017,19,67,11:00,1,Good,3,Sunny Intervals,Light winds from the west,W,W,Westerly,12,7,2022-08-21T09:01:27+01:00,2022-08-21T09:01:27.058+01:00,2634341,City of Westminster
Sunny intervals and a gentle breeze,3,22,72,26,16,56,2022-09-02,4,Low chance of precipitation,1017,21,69,12:00,1,Good,3,Sunny Intervals,A gentle breeze from the west,W,W,Westerly,12,8,2022-08-21T09:01:27+01:00,2022-08-21T09:01:27.058+01:00,2634341,City of Westminster
Sunny intervals and a gentle breeze,3,23,73,26,16,52,2022-09-02,6,Low chance of precipitation,1017,21,70,13:00,1,Good,3,Sunny Intervals,A gentle breeze from the west,W,W,Westerly,13,8,2022-08-21T09:01:27+01:00,2022-08-21T09:01:27.058+01:00,2634341,City of Westminster
Sunny intervals and a gentle breeze,3,23,74,27,17,50,2022-09-02,7,Low chance of precipitation,1017,22,71,14:00,1,Good,3,Sunny Intervals,A gentle breeze from the west,W,W,Westerly,13,8,2022-08-21T09:01:27+01:00,2022-08-21T09:01:27.058+01:00,2634341,City of Westminster
Sunny intervals and a gentle breeze,3,24,74,27,17,49,2022-09-02,8,Low chance of precipitation,1017,22,72,15:00,1,Good,3,Sunny Intervals,A gentle breeze from the west south west,WSW,WSW,West South Westerly,14,9,2022-08-21T09:01:27+01:00,2022-08-21T09:01:27.058+01:00,2634341,City of Westminster
Sunny intervals and a gentle breeze,3,24,74,27,17,50,2022-09-02,10,Low chance of precipitation,1016,22,72,16:00,1,Good,3,Sunny Intervals,A gentle breeze from the west south west,WSW,WSW,West South Westerly,14,9,2022-08-21T09:01:27+01:00,2022-08-21T09:01:27.058+01:00,2634341,City of Westminster
Sunny intervals and a gentle breeze,3,23,74,26,16,50,2022-09-02,11,Low chance of precipitation,1016,22,71,17:00,1,Good,3,Sunny Intervals,A gentle breeze from the west south west,WSW,WSW,West South Westerly,14,8,2022-08-21T09:01:27+01:00,2022-08-21T09:01:27.058+01:00,2634341,City of Westminster
Sunny intervals and a gentle breeze,3,23,73,25,16,52,2022-09-02,13,Low chance of precipitation,1016,21,71,18:00,1,Good,3,Sunny Intervals,A gentle breeze from the west,W,W,Westerly,13,8,2022-08-21T09:01:27+01:00,2022-08-21T09:01:27.058+01:00,2634341,City of Westminster
Sunny intervals and a gentle breeze,3,22,72,24,15,55,2022-09-02,12,Low chance of precipitation,1016,21,69,19:00,1,Good,3,Sunny Intervals,A gentle breeze from the west,W,W,Westerly,13,8,2022-08-21T09:01:27+01:00,2022-08-21T09:01:27.058+01:00,2634341,City of Westminster
Partly cloudy and a gentle breeze,2,21,70,23,14,59,2022-09-02,12,Low chance of precipitation,1016,20,68,20:00,1,Good,2,Partly Cloudy,A gentle breeze from the west,W,W,Westerly,12,8,2022-08-21T09:01:27+01:00,2022-08-21T09:01:27.058+01:00,2634341,City of Westminster
Partly cloudy and light winds,2,20,69,22,14,63,2022-09-02,13,Low chance of precipitation,1017,19,66,21:00,1,Good,2,Partly Cloudy,Light winds from the west,W,W,Westerly,11,7,2022-08-21T09:01:27+01:00,2022-08-21T09:01:27.058+01:00,2634341,City of Westminster
Light cloud and light winds,36,19,67,21,13,66,2022-09-02,11,Low chance of precipitation,1017,18,65,22:00,1,Good,7,Light Cloud,Light winds from the west,W,W,Westerly,11,7,2022-08-21T09:01:27+01:00,2022-08-21T09:01:27.058+01:00,2634341,City of Westminster
Light cloud and light winds,36,19,66,21,13,69,2022-09-02,8,Low chance of precipitation,1017,17,63,23:00,1,Good,7,Light Cloud,Light winds from the west,W,W,Westerly,10,6,2022-08-21T09:01:27+01:00,2022-08-21T09:01:27.058+01:00,2634341,City of Westminster
Light cloud and light winds,36,18,65,20,13,72,2022-09-03,6,Low chance of precipitation,1017,17,62,00:00,1,Good,7,Light Cloud,Light winds from the west,W,W,Westerly,10,6,2022-08-21T09:01:27+01:00,2022-08-21T09:01:27.058+01:00,2634341,City of Westminster
Light cloud and light winds,36,17,63,20,13,75,2022-09-03,6,Low chance of precipitation,1018,16,61,01:00,1,Good,7,Light Cloud,Light winds from the west,W,W,Westerly,10,6,2022-08-21T09:01:27+01:00,2022-08-21T09:01:27.058+01:00,2634341,City of Westminster
Light cloud and light winds,36,17,62,20,12,77,2022-09-03,5,Low chance of precipitation,1018,16,60,02:00,1,Good,7,Light Cloud,Light winds from the west,W,W,Westerly,9,6,2022-08-21T09:01:27+01:00,2022-08-21T09:01:27.058+01:00,2634341,City of Westminster
Light cloud and light winds,36,16,61,19,12,79,2022-09-03,4,Low chance of precipitation,1018,15,59,03:00,1,Good,7,Light Cloud,Light winds from the west,W,W,Westerly,9,6,2022-08-21T09:01:27+01:00,2022-08-21T09:01:27.058+01:00,2634341,City of Westminster
Light cloud and light winds,36,16,60,18,11,81,2022-09-03,5,Low chance of precipitation,1018,15,59,04:00,1,Good,7,Light Cloud,Light winds from the west,W,W,Westerly,9,6,2022-08-21T09:01:27+01:00,2022-08-21T09:01:27.058+01:00,2634341,City of Westminster
Light cloud and light winds,36,15,59,18,11,83,2022-09-03,6,Low chance of precipitation,1018,14,58,05:00,1,Good,7,Light Cloud,Light winds from the west,W,W,Westerly,9,5,2022-08-21T09:01:27+01:00,2022-08-21T09:01:27.058+01:00,2634341,City of Westminster
Light cloud and light winds,36,15,59,19,12,83,2022-09-03,6,Low chance of precipitation,1018,14,58,06:00,1,Good,7,Light Cloud,Light winds from the west,W,W,Westerly,9,5,2022-08-21T09:01:27+01:00,2022-08-21T09:01:27.058+01:00,2634341,City of Westminster
Light cloud and light winds,7,15,59,20,12,83,2022-09-03,5,Low chance of precipitation,1019,14,58,07:00,1,Good,7,Light Cloud,Light winds from the west,W,W,Westerly,9,6,2022-08-21T09:01:27+01:00,2022-08-21T09:01:27.058+01:00,2634341,City of Westminster
Sunny intervals and light winds,3,16,61,22,14,80,2022-09-03,5,Low chance of precipitation,1019,15,59,08:00,1,Good,3,Sunny Intervals,Light winds from the west,W,W,Westerly,10,6,2022-08-21T09:01:27+01:00,2022-08-21T09:01:27.058+01:00,2634341,City of Westminster
Sunny intervals and light winds,3,17,63,24,15,74,2022-09-03,5,Low chance of precipitation,1019,16,61,09:00,1,Good,3,Sunny Intervals,Light winds from the west,W,W,Westerly,12,7,2022-08-21T09:01:27+01:00,2022-08-21T09:01:27.058+01:00,2634341,City of Westminster
Sunny intervals and a gentle breeze,3,19,66,26,16,68,2022-09-03,4,Low chance of precipitation,1019,18,64,10:00,1,Good,3,Sunny Intervals,A gentle breeze from the west,W,W,Westerly,13,8,2022-08-21T09:01:27+01:00,2022-08-21T09:01:27.058+01:00,2634341,City of Westminster
Sunny intervals and a gentle breeze,3,20,68,28,17,62,2022-09-03,3,Low chance of precipitation,1020,19,66,11:00,1,Good,3,Sunny Intervals,A gentle breeze from the west,W,W,Westerly,14,9,2022-08-21T09:01:27+01:00,2022-08-21T09:01:27.058+01:00,2634341,City of Westminster
Sunny intervals and a gentle breeze,3,21,70,29,18,57,2022-09-03,4,Low chance of precipitation,1020,20,68,12:00,1,Good,3,Sunny Intervals,A gentle breeze from the west,W,W,Westerly,14,9,2022-08-21T09:01:27+01:00,2022-08-21T09:01:27.058+01:00,2634341,City of Westminster
Sunny intervals and a gentle breeze,3,22,71,30,19,54,2022-09-03,6,Low chance of precipitation,1020,21,69,13:00,1,Good,3,Sunny Intervals,A gentle breeze from the west south west,WSW,WSW,West South Westerly,15,9,2022-08-21T09:01:27+01:00,2022-08-21T09:01:27.058+01:00,2634341,City of Westminster
Light cloud and a gentle breeze,7,22,72,30,19,52,2022-09-03,8,Low chance of precipitation,1020,21,70,14:00,1,Good,7,Light Cloud,A gentle breeze from the west south west,WSW,WSW,West South Westerly,16,10,2022-08-21T09:01:27+01:00,2022-08-21T09:01:27.058+01:00,2634341,City of Westminster
Light cloud and a gentle breeze,7,23,73,30,19,51,2022-09-03,9,Low chance of precipitation,1020,21,70,15:00,1,Good,7,Light Cloud,A gentle breeze from the west south west,WSW,WSW,West South Westerly,16,10,2022-08-21T09:01:27+01:00,2022-08-21T09:01:27.058+01:00,2634341,City of Westminster
Light cloud and a gentle breeze,7,23,72,29,18,51,2022-09-03,11,Low chance of precipitation,1020,21,70,16:00,1,Good,7,Light Cloud,A gentle breeze from the west south west,WSW,WSW,West South Westerly,16,10,2022-08-21T09:01:27+01:00,2022-08-21T09:01:27.058+01:00,2634341,City of Westminster
Light cloud and a gentle breeze,7,22,72,28,18,52,2022-09-03,13,Low chance of precipitation,1020,21,70,17:00,1,Good,7,Light Cloud,A gentle breeze from the west south west,WSW,WSW,West South Westerly,15,9,2022-08-21T09:01:27+01:00,2022-08-21T09:01:27.058+01:00,2634341,City of Westminster
Light cloud and a gentle breeze,7,22,71,27,17,54,2022-09-03,15,Low chance of precipitation,1020,20,69,18:00,1,Good,7,Light Cloud,A gentle breeze from the west south west,WSW,WSW,West South Westerly,15,9,2022-08-21T09:01:27+01:00,2022-08-21T09:01:27.058+01:00,2634341,City of Westminster
Light cloud and a gentle breeze,7,21,70,26,16,57,2022-09-03,15,Low chance of precipitation,1020,20,67,19:00,1,Good,7,Light Cloud,A gentle breeze from the west south west,WSW,WSW,West South Westerly,14,9,2022-08-21T09:01:27+01:00,2022-08-21T09:01:27.058+01:00,2634341,City of Westminster
Light cloud and a gentle breeze,36,20,68,24,15,61,2022-09-03,15,Low chance of precipitation,1020,19,66,20:00,1,Good,7,Light Cloud,A gentle breeze from the west south west,WSW,WSW,West South Westerly,13,8,2022-08-21T09:01:27+01:00,2022-08-21T09:01:27.058+01:00,2634341,City of Westminster
Light cloud and a gentle breeze,36,19,67,23,15,64,2022-09-03,15,Low chance of precipitation,1021,18,65,21:00,1,Good,7,Light Cloud,A gentle breeze from the west south west,WSW,WSW,West South Westerly,12,8,2022-08-21T09:01:27+01:00,2022-08-21T09:01:27.058+01:00,2634341,City of Westminster
Light cloud and light winds,36,19,66,22,14,67,2022-09-03,14,Low chance of precipitation,1022,18,64,22:00,1,Good,7,Light Cloud,Light winds from the west south west,WSW,WSW,West South Westerly,12,7,2022-08-21T09:01:27+01:00,2022-08-21T09:01:27.058+01:00,2634341,City of Westminster
Light cloud and light winds,36,19,65,21,13,70,2022-09-03,12,Low chance of precipitation,1022,17,63,23:00,1,Good,7,Light Cloud,Light winds from the west south west,WSW,WSW,West South Westerly,11,7,2022-08-21T09:01:27+01:00,2022-08-21T09:01:27.058+01:00,2634341,City of Westminster
Light cloud and light winds,36,18,64,20,12,74,2022-09-04,11,Low chance of precipitation,1023,17,62,00:00,1,Good,7,Light Cloud,Light winds from the west,W,W,Westerly,10,6,2022-08-21T09:01:27+01:00,2022-08-21T09:01:27.058+01:00,2634341,City of Westminster
Light cloud and light winds,36,17,63,20,12,77,2022-09-04,9,Low chance of precipitation,1023,16,61,01:00,1,Good,7,Light Cloud,Light winds from the west,W,W,Westerly,10,6,2022-08-21T09:01:27+01:00,2022-08-21T09:01:27.058+01:00,2634341,City of Westminster
Light cloud and light winds,36,17,62,19,12,80,2022-09-04,8,Low chance of precipitation,1018,15,60,02:00,1,Good,7,Light Cloud,Light winds from the west,W,W,Westerly,9,6,2022-08-21T09:01:27+01:00,2022-08-21T09:01:27.058+01:00,2634341,City of Westminster
Light cloud and light winds,36,16,61,18,11,82,2022-09-04,8,Low chance of precipitation,1018,15,59,03:00,1,Good,7,Light Cloud,Light winds from the west,W,W,Westerly,9,6,2022-08-21T09:01:27+01:00,2022-08-21T09:01:27.058+01:00,2634341,City of Westminster
Light cloud and light winds,36,15,60,18,11,84,2022-09-04,9,Low chance of precipitation,1018,15,58,04:00,1,Good,7,Light Cloud,Light winds from the west,W,W,Westerly,9,5,2022-08-21T09:01:27+01:00,2022-08-21T09:01:27.058+01:00,2634341,City of Westminster
Light cloud and light winds,36,15,59,18,11,86,2022-09-04,9,Low chance of precipitation,1018,14,58,05:00,1,Good,7,Light Cloud,Light winds from the west,W,W,Westerly,8,5,2022-08-21T09:01:27+01:00,2022-08-21T09:01:27.058+01:00,2634341,City of Westminster
