enhancedWeatherDescription,extendedWeatherType,feelsLikeTemperatureC,feelsLikeTemperatureF,gustSpeedKph,gustSpeedMph,humidity,localDate,precipitationProbabilityInPercent,precipitationProbabilityText,pressure,temperatureC,temperatureF,timeslot,timeslotLength,visibility,weatherType,weatherTypeText,windDescription,windDirection,windDirectionAbbreviation,windDirectionFull,windSpeedKph,windSpeedMph,issueDate,lastUpdated,location_id,location_name
A clear sky and light winds,0,0,33,18,11,86,2023-03-02,0,Precipitation is not expected,1025,3,38,01:00,1,Good,0,Clear Sky,Light winds from the north north east,NNE,NNE,North North Easterly,11,7,2023-03-01T21:56:00+00:00,2023-03-02T00:47:20.32Z,2634341,City of Westminster
A clear sky and light winds,0,0,32,18,11,89,2023-03-02,0,Precipitation is not expected,1025,3,37,02:00,1,Good,0,Clear Sky,Light winds from the north north east,NNE,NNE,North North Easterly,10,6,2023-03-01T21:56:00+00:00,2023-03-02T00:47:20.32Z,2634341,City of Westminster
A clear sky and light winds,0,0,32,17,10,89,2023-03-02,0,Precipitation is not expected,1025,3,37,03:00,1,Good,0,Clear Sky,Light winds from the north north east,NNE,NNE,North North Easterly,10,6,2023-03-01T21:56:00+00:00,2023-03-02T00:47:20.32Z,2634341,City of Westminster
A clear sky and light winds,0,-1,31,17,10,88,2023-03-02,0,Precipitation is not expected,1025,2,36,04:00,1,Good,0,Clear Sky,Light winds from the north north east,NNE,NNE,North North Easterly,10,6,2023-03-01T21:56:00+00:00,2023-03-02T00:47:20.32Z,2634341,City of Westminster
A clear sky and light winds,0,-1,30,17,10,87,2023-03-02,0,Precipitation is not expected,1025,2,36,05:00,1,Moderate,0,Clear Sky,Light winds from the north north east,NNE,NNE,North North Easterly,10,6,2023-03-01T21:56:00+00:00,2023-03-02T00:47:20.32Z,2634341,City of Westminster
A clear sky and light winds,0,-1,29,21,13,85,2023-03-02,0,Precipitation is not expected,1025,2,35,06:00,1,Moderate,0,Clear Sky,Light winds from the north north east,NNE,NNE,North North Easterly,11,7,2023-03-01T21:56:00+00:00,2023-03-02T00:47:20.32Z,2634341,City of Westminster
Sunny and light winds,1,-1,29,24,15,84,2023-03-02,0,Precipitation is not expected,1026,2,35,07:00,1,Good,1,Sunny,Light winds from the north north east,NNE,NNE,North North Easterly,12,7,2023-03-01T21:56:00+00:00,2023-03-02T00:47:20.32Z,2634341,City of Westminster
Sunny and light winds,1,-1,31,29,18,82,2023-03-02,0,Precipitation is not expected,1026,2,36,08:00,1,Good,1,Sunny,Light winds from the north north east,NNE,NNE,North North Easterly,12,7,2023-03-01T21:56:00+00:00,2023-03-02T00:47:20.32Z,2634341,City of Westminster
Sunny and a gentle breeze,1,1,33,29,18,80,2023-03-02,0,Precipitation is not expected,1026,4,39,09:00,1,Good,1,Sunny,A gentle breeze from the north east,NE,NE,North Easterly,14,9,2023-03-01T21:56:00+00:00,2023-03-02T00:47:20.32Z,2634341,City of Westminster
Sunny and a gentle breeze,1,3,37,29,18,73,2023-03-02,0,Precipitation is not expected,1026,6,42,10:00,1,Good,1,Sunny,A gentle breeze from the north east,NE,NE,North Easterly,14,9,2023-03-01T21:56:00+00:00,2023-03-02T00:47:20.32Z,2634341,City of Westminster
Sunny and a gentle breeze,1,4,39,29,18,67,2023-03-02,0,Precipitation is not expected,1026,7,44,11:00,1,Good,1,Sunny,A gentle breeze from the north east,NE,NE,North Easterly,16,10,2023-03-01T21:56:00+00:00,2023-03-02T00:47:20.32Z,2634341,City of Westminster
Sunny intervals and a gentle breeze,3,5,42,29,18,62,2023-03-02,0,Precipitation is not expected,1026,8,46,12:00,1,Good,3,Sunny Intervals,A gentle breeze from the north east,NE,NE,North Easterly,17,11,2023-03-01T21:56:00+00:00,2023-03-02T00:47:20.32Z,2634341,City of Westminster
Sunny intervals and a gentle breeze,3,6,43,29,18,61,2023-03-02,0,Precipitation is not expected,1026,9,47,13:00,1,Good,3,Sunny Intervals,A gentle breeze from the north east,NE,NE,North Easterly,17,11,2023-03-01T21:56:00+00:00,2023-03-02T00:47:20.32Z,2634341,City of Westminster
Sunny intervals and a gentle breeze,3,7,45,29,18,60,2023-03-02,0,Precipitation is not expected,1025,9,48,14:00,1,Good,3,Sunny Intervals,A gentle breeze from the north east,NE,NE,North Easterly,16,10,2023-03-01T21:56:00+00:00,2023-03-02T00:47:20.32Z,2634341,City of Westminster
Sunny and a gentle breeze,1,7,45,28,17,57,2023-03-02,0,Precipitation is not expected,1025,10,49,15:00,1,Good,1,Sunny,A gentle breeze from the north east,NE,NE,North Easterly,16,10,2023-03-01T21:56:00+00:00,2023-03-02T00:47:20.32Z,2634341,City of Westminster
Sunny and a gentle breeze,1,7,45,26,16,58,2023-03-02,0,Precipitation is not expected,1025,9,49,16:00,1,Good,1,Sunny,A gentle breeze from the north east,NE,NE,North Easterly,15,9,2023-03-01T21:56:00+00:00,2023-03-02T00:47:20.32Z,2634341,City of Westminster
Sunny and a gentle breeze,1,7,44,26,16,62,2023-03-02,0,Precipitation is not expected,1026,9,47,17:00,1,Good,1,Sunny,A gentle breeze from the north east,NE,NE,North Easterly,13,8,2023-03-01T21:56:00+00:00,2023-03-02T00:47:20.32Z,2634341,City of Westminster
A clear sky and a gentle breeze,0,5,42,26,16,66,2023-03-02,0,Precipitation is not expected,1026,8,46,18:00,1,Good,0,Clear Sky,A gentle breeze from the north east,NE,NE,North Easterly,13,8,2023-03-01T21:56:00+00:00,2023-03-02T00:47:20.32Z,2634341,City of Westminster
Partly cloudy and a gentle breeze,2,5,40,26,16,71,2023-03-02,0,Precipitation is not expected,1027,7,44,19:00,1,Good,2,Partly Cloudy,A gentle breeze from the north east,NE,NE,North Easterly,13,8,2023-03-01T21:56:00+00:00,2023-03-02T00:47:20.32Z,2634341,City of Westminster
Partly cloudy and a gentle breeze,2,3,38,27,17,73,2023-03-02,0,Precipitation is not expected,1027,6,43,20:00,1,Good,2,Partly Cloudy,A gentle breeze from the north east,NE,NE,North Easterly,13,8,2023-03-01T21:56:00+00:00,2023-03-02T00:47:20.32Z,2634341,City of Westminster
Partly cloudy and a gentle breeze,2,3,37,28,17,76,2023-03-02,0,Precipitation is not expected,1028,5,41,21:00,1,Good,2,Partly Cloudy,A gentle breeze from the north east,NE,NE,North Easterly,12,8,2023-03-01T21:56:00+00:00,2023-03-02T00:47:20.32Z,2634341,City of Westminster
Partly cloudy and light winds,2,2,36,28,17,79,2023-03-02,0,Precipitation is not expected,1028,5,41,22:00,1,Good,2,Partly Cloudy,Light winds from the north east,NE,NE,North Easterly,12,7,2023-03-01T21:56:00+00:00,2023-03-02T00:47:20.32Z,2634341,City of Westminster
Light cloud and light winds,36,2,35,28,17,81,2023-03-02,0,Precipitation is not expected,1028,4,40,23:00,1,Good,7,Light Cloud,Light winds from the north east,NE,NE,North Easterly,11,7,2023-03-01T21:56:00+00:00,2023-03-02T00:47:20.32Z,2634341,City of Westminster
Light cloud and light winds,36,1,34,28,17,83,2023-03-03,0,Precipitation is not expected,1028,4,39,00:00,1,Good,7,Light Cloud,Light winds from the north north east,NNE,NNE,North North Easterly,12,7,2023-03-01T21:56:00+00:00,2023-03-02T00:47:20.32Z,2634341,City of Westminster
Light cloud and light winds,36,1,34,28,17,85,2023-03-03,10,Low chance of precipitation,1028,4,39,01:00,1,Good,7,Light Cloud,Light winds from the north north east,NNE,NNE,North North Easterly,11,7,2023-03-01T21:56:00+00:00,2023-03-02T00:47:20.32Z,2634341,City of Westminster
Light cloud and light winds,36,1,34,26,16,87,2023-03-03,10,Low chance of precipitation,1028,4,39,02:00,1,Good,7,Light Cloud,Light winds from the north north east,NNE,NNE,North North Easterly,10,6,2023-03-01T21:56:00+00:00,2023-03-02T00:47:20.32Z,2634341,City of Westminster
Light cloud and light winds,36,1,34,28,17,89,2023-03-03,10,Low chance of precipitation,1028,3,38,03:00,1,Good,7,Light Cloud,Light winds from the north north east,NNE,NNE,North North Easterly,10,6,2023-03-01T21:56:00+00:00,2023-03-02T00:47:20.32Z,2634341,City of Westminster
Light cloud and light winds,36,1,33,28,17,88,2023-03-03,10,Low chance of precipitation,1028,3,38,04:00,1,Good,7,Light Cloud,Light winds from the north north east,NNE,NNE,North North Easterly,10,6,2023-03-01T21:56:00+00:00,2023-03-02T00:47:20.32Z,2634341,City of Westminster
Light cloud and light winds,36,1,33,26,16,88,2023-03-03,10,Low chance of precipitation,1028,3,38,05:00,1,Good,7,Light Cloud,Light winds from the north north east,NNE,NNE,North North Easterly,10,6,2023-03-01T21:56:00+00:00,2023-03-02T00:47:20.32Z,2634341,City of Westminster
Light cloud and light winds,36,0,33,26,16,86,2023-03-03,10,Low chance of precipitation,1028,3,38,06:00,1,Good,7,Light Cloud,Light winds from the north north east,NNE,NNE,North North Easterly,11,7,2023-03-01T21:56:00+00:00,2023-03-02T00:47:20.32Z,2634341,City of Westminster
Light cloud and light winds,7,1,33,26,16,85,2023-03-03,10,Low chance of precipitation,1028,3,38,07:00,1,Good,7,Light Cloud,Light winds from the north north east,NNE,NNE,North North Easterly,11,7,2023-03-01T21:56:00+00:00,2023-03-02T00:47:20.32Z,2634341,City of Westminster
Light cloud and light winds,7,1,34,26,16,81,2023-03-03,10,Low chance of precipitation,1029,4,39,08:00,1,Good,7,Light Cloud,Light winds from the north north east,NNE,NNE,North North Easterly,12,7,2023-03-01T21:56:00+00:00,2023-03-02T00:47:20.32Z,2634341,City of Westminster
Light cloud and a gentle breeze,7,2,35,26,16,77,2023-03-03,10,Low chance of precipitation,1029,5,40,09:00,1,Good,7,Light Cloud,A gentle breeze from the north north east,NNE,NNE,North North Easterly,13,8,2023-03-01T21:56:00+00:00,2023-03-02T00:47:20.32Z,2634341,City of Westminster
Light cloud and a gentle breeze,7,3,38,24,15,73,2023-03-03,10,Low chance of precipitation,1029,6,42,10:00,1,Good,7,Light Cloud,A gentle breeze from the north east,NE,NE,North Easterly,13,8,2023-03-01T21:56:00+00:00,2023-03-02T00:47:20.32Z,2634341,City of Westminster
Light cloud and a gentle breeze,7,4,39,24,15,68,2023-03-03,10,Low chance of precipitation,1029,7,44,11:00,1,Good,7,Light Cloud,A gentle breeze from the north east,NE,NE,North Easterly,14,9,2023-03-01T21:56:00+00:00,2023-03-02T00:47:20.32Z,2634341,City of Westminster
Light cloud and a gentle breeze,7,5,41,22,14,62,2023-03-03,10,Low chance of precipitation,1029,8,46,12:00,1,Good,7,Light Cloud,A gentle breeze from the north east,NE,NE,North Easterly,14,9,2023-03-01T21:56:00+00:00,2023-03-02T00:47:20.32Z,2634341,City of Westminster
Light cloud and a gentle breeze,7,5,42,22,14,64,2023-03-03,10,Low chance of precipitation,1029,8,46,13:00,1,Good,7,Light Cloud,A gentle breeze from the north east,NE,NE,North Easterly,14,9,2023-03-01T21:56:00+00:00,2023-03-02T00:47:20.32Z,2634341,City of Westminster
Light cloud and a gentle breeze,7,6,43,22,14,63,2023-03-03,10,Low chance of precipitation,1028,8,47,14:00,1,Good,7,Light Cloud,A gentle breeze from the north east,NE,NE,North Easterly,12,8,2023-03-01T21:56:00+00:00,2023-03-02T00:47:20.32Z,2634341,City of Westminster
Sunny intervals and a gentle breeze,3,7,44,22,14,60,2023-03-03,10,Low chance of precipitation,1028,9,48,15:00,1,Good,3,Sunny Intervals,A gentle breeze from the north east,NE,NE,North Easterly,14,9,2023-03-01T21:56:00+00:00,2023-03-02T00:47:20.32Z,2634341,City of Westminster
Sunny intervals and a gentle breeze,3,7,44,21,13,61,2023-03-03,0,Precipitation is not expected,1028,9,47,16:00,1,Good,3,Sunny Intervals,A gentle breeze from the north north east,NNE,NNE,North North Easterly,13,8,2023-03-01T21:56:00+00:00,2023-03-02T00:47:20.32Z,2634341,City of Westminster
Sunny intervals and light winds,3,6,43,18,11,64,2023-03-03,0,Precipitation is not expected,1028,8,46,17:00,1,Good,3,Sunny Intervals,Light winds from the north north east,NNE,NNE,North North Easterly,11,7,2023-03-01T21:56:00+00:00,2023-03-02T00:47:20.32Z,2634341,City of Westminster
A clear sky and light winds,0,5,42,17,11,68,2023-03-03,0,Precipitation is not expected,1029,7,45,18:00,1,Good,0,Clear Sky,Light winds from the north north east,NNE,NNE,North North Easterly,10,6,2023-03-01T21:56:00+00:00,2023-03-02T00:47:20.32Z,2634341,City of Westminster
A clear sky and light winds,0,5,40,19,12,71,2023-03-03,0,Precipitation is not expected,1029,7,44,19:00,1,Good,0,Clear Sky,Light winds from the north north east,NNE,NNE,North North Easterly,9,6,2023-03-01T21:56:00+00:00,2023-03-02T00:47:20.32Z,2634341,City of Westminster
A clear sky and light winds,0,4,39,21,13,72,2023-03-03,0,Precipitation is not expected,1029,6,43,20:00,1,Good,0,Clear Sky,Light winds from the north north east,NNE,NNE,North North Easterly,10,6,2023-03-01T21:56:00+00:00,2023-03-02T00:47:20.32Z,2634341,City of Westminster
A clear sky and light winds,0,3,38,18,11,75,2023-03-03,0,Precipitation is not expected,1030,5,42,21:00,1,Good,0,Clear Sky,Light winds from the north north east,NNE,NNE,North North Easterly,10,6,2023-03-01T21:56:00+00:00,2023-03-02T00:47:20.32Z,2634341,City of Westminster
A clear sky and light winds,0,3,36,17,11,78,2023-03-03,0,Precipitation is not expected,1030,5,40,22:00,1,Good,0,Clear Sky,Light winds from the north north east,NNE,NNE,North North Easterly,9,6,2023-03-01T21:56:00+00:00,2023-03-02T00:47:20.32Z,2634341,City of Westminster
Partly cloudy and light winds,2,2,36,17,10,82,2023-03-03,0,Precipitation is not expected,1030,4,39,23:00,1,Moderate,2,Partly Cloudy,Light winds from the north north east,NNE,NNE,North North Easterly,8,5,2023-03-01T21:56:00+00:00,2023-03-02T00:47:20.32Z,2634341,City of Westminster
Partly cloudy and light winds,2,1,35,17,11,84,2023-03-04,0,Precipitation is not expected,1030,4,39,00:00,1,Moderate,2,Partly Cloudy,Light winds from the north north east,NNE,NNE,North North Easterly,9,5,2023-03-01T21:56:00+00:00,2023-03-02T00:47:20.32Z,2634341,City of Westminster
Partly cloudy and light winds,2,1,34,20,12,86,2023-03-04,0,Precipitation is not expected,1030,3,38,01:00,1,Good,2,Partly Cloudy,Light winds from the north,N,N,Northerly,8,5,2023-03-01T21:56:00+00:00,2023-03-02T00:47:20.32Z,2634341,City of Westminster
Partly cloudy and light winds,2,3,38,22,14,88,2023-03-04,0,Precipitation is not expected,1030,3,38,02:00,1,Good,2,Partly Cloudy,Light winds from the north,N,N,Northerly,7,4,2023-03-01T21:56:00+00:00,2023-03-02T00:47:20.32Z,2634341,City of Westminster
Partly cloudy and light winds,2,3,38,22,13,89,2023-03-04,10,Low chance of precipitation,1030,4,39,03:00,1,Moderate,2,Partly Cloudy,Light winds from the north,N,N,Northerly,7,4,2023-03-01T21:56:00+00:00,2023-03-02T00:47:20.32Z,2634341,City of Westminster
Partly cloudy and light winds,2,2,35,21,13,87,2023-03-04,10,Low chance of precipitation,1029,4,39,04:00,1,Good,2,Partly Cloudy,Light winds from the north,N,N,Northerly,8,5,2023-03-01T21:56:00+00:00,2023-03-02T00:47:20.32Z,2634341,City of Westminster
Partly cloudy and light winds,2,1,35,21,13,87,2023-03-04,10,Low chance of precipitation,1029,4,39,05:00,1,Good,2,Partly Cloudy,Light winds from the north north west,NNW,NNW,North North Westerly,8,5,2023-03-01T21:56:00+00:00,2023-03-02T00:47:20.32Z,2634341,City of Westminster
Partly cloudy and light winds,2,1,34,21,13,86,2023-03-04,10,Low chance of precipitation,1029,4,39,06:00,1,Good,2,Partly Cloudy,Light winds from the north north west,NNW,NNW,North North Westerly,9,6,2023-03-01T21:56:00+00:00,2023-03-02T00:47:20.32Z,2634341,City of Westminster
Sunny intervals and light winds,3,1,33,21,13,87,2023-03-04,10,Low chance of precipitation,1030,3,38,07:00,1,Good,3,Sunny Intervals,Light winds from the north north west,NNW,NNW,North North Westerly,9,6,2023-03-01T21:56:00+00:00,2023-03-02T00:47:20.32Z,2634341,City of Westminster
Light cloud and light winds,7,1,34,21,13,84,2023-03-04,10,Low chance of precipitation,1030,4,39,08:00,1,Good,7,Light Cloud,Light winds from the north,N,N,Northerly,10,6,2023-03-01T21:56:00+00:00,2023-03-02T00:47:20.32Z,2634341,City of Westminster
Light cloud and light winds,7,2,35,20,12,80,2023-03-04,10,Low chance of precipitation,1030,4,40,09:00,1,Good,7,Light Cloud,Light winds from the north,N,N,Northerly,11,7,2023-03-01T21:56:00+00:00,2023-03-02T00:47:20.32Z,2634341,City of Westminster
Light cloud and light winds,7,3,38,19,12,75,2023-03-04,10,Low chance of precipitation,1030,5,42,10:00,1,Good,7,Light Cloud,Light winds from the north,N,N,Northerly,10,6,2023-03-01T21:56:00+00:00,2023-03-02T00:47:20.32Z,2634341,City of Westminster
Light cloud and light winds,7,4,39,18,11,71,2023-03-04,10,Low chance of precipitation,1029,6,43,11:00,1,Good,7,Light Cloud,Light winds from the north north east,NNE,NNE,North North Easterly,11,7,2023-03-01T21:56:00+00:00,2023-03-02T00:47:20.32Z,2634341,City of Westminster
Light cloud and light winds,7,5,40,18,11,66,2023-03-04,0,Precipitation is not expected,1029,7,44,12:00,1,Good,7,Light Cloud,Light winds from the north north east,NNE,NNE,North North Easterly,12,7,2023-03-01T21:56:00+00:00,2023-03-02T00:47:20.32Z,2634341,City of Westminster
Light cloud and light winds,7,5,41,18,11,67,2023-03-04,0,Precipitation is not expected,1028,7,45,13:00,1,Good,7,Light Cloud,Light winds from the north north east,NNE,NNE,North North Easterly,11,7,2023-03-01T21:56:00+00:00,2023-03-02T00:47:20.32Z,2634341,City of Westminster
Light cloud and light winds,7,6,42,18,11,65,2023-03-04,0,Precipitation is not expected,1028,8,46,14:00,1,Good,7,Light Cloud,Light winds from the north north east,NNE,NNE,North North Easterly,10,6,2023-03-01T21:56:00+00:00,2023-03-02T00:47:20.32Z,2634341,City of Westminster
Light cloud and light winds,7,6,42,18,11,62,2023-03-04,0,Precipitation is not expected,1027,8,46,15:00,1,Good,7,Light Cloud,Light winds from the north north east,NNE,NNE,North North Easterly,12,7,2023-03-01T21:56:00+00:00,2023-03-02T00:47:20.32Z,2634341,City of Westminster
Light cloud and light winds,7,6,43,17,11,62,2023-03-04,0,Precipitation is not expected,1027,8,46,16:00,1,Good,7,Light Cloud,Light winds from the north,N,N,Northerly,11,7,2023-03-01T21:56:00+00:00,2023-03-02T00:47:20.32Z,2634341,City of Westminster
Light cloud and light winds,7,6,43,16,10,64,2023-03-04,0,Precipitation is not expected,1027,8,46,17:00,1,Good,7,Light Cloud,Light winds from the north,N,N,Northerly,9,6,2023-03-01T21:56:00+00:00,2023-03-02T00:47:20.32Z,2634341,City of Westminster
Light cloud and light winds,36,5,42,15,10,66,2023-03-04,0,Precipitation is not expected,1026,7,45,18:00,1,Good,7,Light Cloud,Light winds from the north,N,N,Northerly,8,5,2023-03-01T21:56:00+00:00,2023-03-02T00:47:20.32Z,2634341,City of Westminster
Light cloud and light winds,36,7,44,14,9,67,2023-03-04,0,Precipitation is not expected,1026,7,45,19:00,1,Good,7,Light Cloud,Light winds from the north,N,N,Northerly,7,4,2023-03-01T21:56:00+00:00,2023-03-02T00:47:20.32Z,2634341,City of Westminster
Partly cloudy and light winds,2,6,43,14,8,67,2023-03-04,0,Precipitation is not expected,1026,7,44,20:00,1,Good,2,Partly Cloudy,Light winds from the north,N,N,Northerly,7,4,2023-03-01T21:56:00+00:00,2023-03-02T00:47:20.32Z,2634341,City of Westminster
Partly cloudy and light winds,2,6,42,13,8,68,2023-03-04,10,Low chance of precipitation,1026,6,43,21:00,1,Good,2,Partly Cloudy,Light winds from the north,N,N,Northerly,6,4,2023-03-01T21:56:00+00:00,2023-03-02T00:47:20.32Z,2634341,City of Westminster
Partly cloudy and light winds,2,5,42,12,8,71,2023-03-04,10,Low chance of precipitation,1026,6,42,22:00,1,Good,2,Partly Cloudy,Light winds from the north north west,NNW,NNW,North North Westerly,5,3,2023-03-01T21:56:00+00:00,2023-03-02T00:47:20.32Z,2634341,City of Westminster
Partly cloudy and light winds,2,5,41,12,7,73,2023-03-04,10,Low chance of precipitation,1025,5,42,23:00,1,Good,2,Partly Cloudy,Light winds from the north,N,N,Northerly,4,3,2023-03-01T21:56:00+00:00,2023-03-02T00:47:20.32Z,2634341,City of Westminster
Partly cloudy and light winds,2,5,40,12,8,74,2023-03-05,22,Low chance of precipitation,1025,5,41,00:00,1,Good,2,Partly Cloudy,Light winds from the north,N,N,Northerly,5,3,2023-03-01T21:56:00+00:00,2023-03-02T00:47:20.32Z,2634341,City of Westminster
Partly cloudy and light winds,2,4,39,13,8,79,2023-03-05,22,Low chance of precipitation,1025,4,40,01:00,1,Good,2,Partly Cloudy,Light winds from the north,N,N,Northerly,4,3,2023-03-01T21:56:00+00:00,2023-03-02T00:47:20.32Z,2634341,City of Westminster
Light cloud and light winds,36,4,39,13,8,81,2023-03-05,22,Low chance of precipitation,1024,4,40,02:00,1,Good,7,Light Cloud,Light winds from the north north west,NNW,NNW,North North Westerly,3,2,2023-03-01T21:56:00+00:00,2023-03-02T00:47:20.32Z,2634341,City of Westminster
Drizzle and light winds,38,4,39,13,8,83,2023-03-05,33,Chance of precipitation,1024,4,40,03:00,1,Good,11,Drizzle,Light winds from the north north west,NNW,NNW,North North Westerly,4,2,2023-03-01T21:56:00+00:00,2023-03-02T00:47:20.32Z,2634341,City of Westminster
Drizzle and light winds,38,4,39,13,8,83,2023-03-05,33,Chance of precipitation,1023,4,39,04:00,1,Good,11,Drizzle,Light winds from the north north west,NNW,NNW,North North Westerly,4,2,2023-03-01T21:56:00+00:00,2023-03-02T00:47:20.32Z,2634341,City of Westminster
Drizzle and light winds,38,4,39,13,8,84,2023-03-05,33,Chance of precipitation,1023,4,39,05:00,1,Good,11,Drizzle,Light winds from the north north west,NNW,NNW,North North Westerly,4,3,2023-03-01T21:56:00+00:00,2023-03-02T00:47:20.32Z,2634341,City of Westminster
Drizzle and light winds,38,4,38,13,8,82,2023-03-05,31,Chance of precipitation,1022,4,39,06:00,1,Good,11,Drizzle,Light winds from the north north west,NNW,NNW,North North Westerly,6,4,2023-03-01T21:56:00+00:00,2023-03-02T00:47:20.32Z,2634341,City of Westminster
Drizzle and light winds,11,4,38,13,8,83,2023-03-05,33,Chance of precipitation,1022,4,39,07:00,1,Good,11,Drizzle,Light winds from the north north west,NNW,NNW,North North Westerly,6,4,2023-03-01T21:56:00+00:00,2023-03-02T00:47:20.32Z,2634341,City of Westminster
Drizzle and light winds,11,4,39,12,8,82,2023-03-05,32,Chance of precipitation,1022,4,39,08:00,1,Good,11,Drizzle,Light winds from the north north west,NNW,NNW,North North Westerly,5,3,2023-03-01T21:56:00+00:00,2023-03-02T00:47:20.32Z,2634341,City of Westminster
Light cloud and light winds,7,4,40,12,7,80,2023-03-05,13,Low chance of precipitation,1022,5,40,09:00,1,Good,7,Light Cloud,Light winds from the north,N,N,Northerly,6,4,2023-03-01T21:56:00+00:00,2023-03-02T00:47:20.32Z,2634341,City of Westminster
Light cloud and light winds,7,5,41,11,7,76,2023-03-05,15,Low chance of precipitation,1021,5,41,10:00,1,Good,7,Light Cloud,Light winds from the north,N,N,Northerly,6,4,2023-03-01T21:56:00+00:00,2023-03-02T00:47:20.32Z,2634341,City of Westminster
Light cloud and light winds,7,5,41,11,7,73,2023-03-05,13,Low chance of precipitation,1021,6,42,11:00,1,Good,7,Light Cloud,Light winds from the north,N,N,Northerly,6,4,2023-03-01T21:56:00+00:00,2023-03-02T00:47:20.32Z,2634341,City of Westminster
Thick cloud and light winds,8,6,42,11,7,69,2023-03-05,27,Low chance of precipitation,1021,6,43,12:00,1,Good,8,Thick Cloud,Light winds from the north,N,N,Northerly,7,4,2023-03-01T21:56:00+00:00,2023-03-02T00:47:20.32Z,2634341,City of Westminster
Light cloud and light winds,7,6,43,12,7,69,2023-03-05,29,Low chance of precipitation,1020,6,43,13:00,1,Good,7,Light Cloud,Light winds from the north,N,N,Northerly,7,4,2023-03-01T21:56:00+00:00,2023-03-02T00:47:20.32Z,2634341,City of Westminster
Light cloud and light winds,7,6,43,12,8,69,2023-03-05,30,Low chance of precipitation,1019,7,44,14:00,1,Good,7,Light Cloud,Light winds from the north,N,N,Northerly,6,4,2023-03-01T21:56:00+00:00,2023-03-02T00:47:20.32Z,2634341,City of Westminster
Light cloud and light winds,7,5,41,14,9,65,2023-03-05,30,Low chance of precipitation,1018,7,44,15:00,1,Good,7,Light Cloud,Light winds from the north north east,NNE,NNE,North North Easterly,8,5,2023-03-01T21:56:00+00:00,2023-03-02T00:47:20.32Z,2634341,City of Westminster
Light rain showers and light winds,10,5,42,16,10,64,2023-03-05,36,Chance of precipitation,1018,7,45,16:00,1,Good,10,Light Rain Showers,Light winds from the north north east,NNE,NNE,North North Easterly,8,5,2023-03-01T21:56:00+00:00,2023-03-02T00:47:20.32Z,2634341,City of Westminster
Light rain showers and light winds,10,5,41,17,11,66,2023-03-05,33,Chance of precipitation,1017,7,44,17:00,1,Good,10,Light Rain Showers,Light winds from the north north east,NNE,NNE,North North Easterly,7,5,2023-03-01T21:56:00+00:00,2023-03-02T00:47:20.32Z,2634341,City of Westminster
Light cloud and light winds,36,4,40,14,9,68,2023-03-05,14,Low chance of precipitation,1017,6,43,18:00,1,Good,7,Light Cloud,Light winds from the north north east,NNE,NNE,North North Easterly,8,5,2023-03-01T21:56:00+00:00,2023-03-02T00:47:20.32Z,2634341,City of Westminster
Light cloud and light winds,36,5,41,11,7,71,2023-03-05,16,Low chance of precipitation,1017,6,42,19:00,1,Good,7,Light Cloud,Light winds from the north north east,NNE,NNE,North North Easterly,6,4,2023-03-01T21:56:00+00:00,2023-03-02T00:47:20.32Z,2634341,City of Westminster
Light cloud and light winds,36,5,40,8,5,73,2023-03-05,18,Low chance of precipitation,1017,5,41,20:00,1,Good,7,Light Cloud,Light winds from the north north east,NNE,NNE,North North Easterly,6,4,2023-03-01T21:56:00+00:00,2023-03-02T00:47:20.32Z,2634341,City of Westminster
Partly cloudy and light winds,2,4,39,7,5,75,2023-03-05,17,Low chance of precipitation,1017,4,40,21:00,1,Good,2,Partly Cloudy,Light winds from the north east,NE,NE,North Easterly,4,3,2023-03-01T21:56:00+00:00,2023-03-02T00:47:20.32Z,2634341,City of Westminster
Partly cloudy and light winds,2,3,38,7,4,78,2023-03-05,18,Low chance of precipitation,1016,4,39,22:00,1,Good,2,Partly Cloudy,Light winds from the north north east,NNE,NNE,North North Easterly,4,3,2023-03-01T21:56:00+00:00,2023-03-02T00:47:20.32Z,2634341,City of Westminster
Partly cloudy and light winds,2,3,37,6,4,80,2023-03-05,18,Low chance of precipitation,1016,3,37,23:00,1,Good,2,Partly Cloudy,Light winds from the north,N,N,Northerly,4,2,2023-03-01T21:56:00+00:00,2023-03-02T00:47:20.32Z,2634341,City of Westminster
Light cloud and light winds,36,2,36,7,4,84,2023-03-06,16,Low chance of precipitation,1015,2,36,00:00,1,Good,7,Light Cloud,Light winds from the north,N,N,Northerly,5,3,2023-03-01T21:56:00+00:00,2023-03-02T00:47:20.32Z,2634341,City of Westminster
Partly cloudy and light winds,2,2,35,7,5,87,2023-03-06,16,Low chance of precipitation,1015,2,36,01:00,1,Good,2,Partly Cloudy,Light winds from the north north west,NNW,NNW,North North Westerly,4,3,2023-03-01T21:56:00+00:00,2023-03-02T00:47:20.32Z,2634341,City of Westminster
Partly cloudy and light winds,2,2,35,8,5,87,2023-03-06,16,Low chance of precipitation,1015,2,35,02:00,1,Good,2,Partly Cloudy,Light winds from the west north west,WNW,WNW,West North Westerly,4,2,2023-03-01T21:56:00+00:00,2023-03-02T00:47:20.32Z,2634341,City of Westminster
Partly cloudy and light winds,2,1,35,8,5,87,2023-03-06,10,Low chance of precipitation,1014,2,35,03:00,1,Good,2,Partly Cloudy,Light winds from the west north west,WNW,WNW,West North Westerly,4,2,2023-03-01T21:56:00+00:00,2023-03-02T00:47:20.32Z,2634341,City of Westminster
Partly cloudy and light winds,2,1,34,9,6,88,2023-03-06,10,Low chance of precipitation,1014,1,35,04:00,1,Good,2,Partly Cloudy,Light winds from the north west,NW,NW,North Westerly,4,3,2023-03-01T21:56:00+00:00,2023-03-02T00:47:20.32Z,2634341,City of Westminster
Partly cloudy and light winds,2,1,34,9,6,89,2023-03-06,10,Low chance of precipitation,1013,1,34,05:00,1,Good,2,Partly Cloudy,Light winds from the north west,NW,NW,North Westerly,5,3,2023-03-01T21:56:00+00:00,2023-03-02T00:47:20.32Z,2634341,City of Westminster
Partly cloudy and light winds,2,1,34,11,7,88,2023-03-06,18,Low chance of precipitation,1013,1,34,06:00,1,Moderate,2,Partly Cloudy,Light winds from the north north west,NNW,NNW,North North Westerly,6,4,2023-03-01T21:56:00+00:00,2023-03-02T00:47:20.32Z,2634341,City of Westminster
Sunny intervals and light winds,3,1,34,12,7,89,2023-03-06,18,Low chance of precipitation,1013,1,34,07:00,1,Good,3,Sunny Intervals,Light winds from the north west,NW,NW,North Westerly,6,4,2023-03-01T21:56:00+00:00,2023-03-02T00:47:20.32Z,2634341,City of Westminster
Light cloud and light winds,7,2,35,13,8,87,2023-03-06,18,Low chance of precipitation,1012,2,35,08:00,1,Good,7,Light Cloud,Light winds from the north west,NW,NW,North Westerly,6,4,2023-03-01T21:56:00+00:00,2023-03-02T00:47:20.32Z,2634341,City of Westminster
Light cloud and light winds,7,2,36,13,8,83,2023-03-06,25,Low chance of precipitation,1012,3,37,09:00,1,Good,7,Light Cloud,Light winds from the north north west,NNW,NNW,North North Westerly,7,4,2023-03-01T21:56:00+00:00,2023-03-02T00:47:20.32Z,2634341,City of Westminster
Light cloud and light winds,7,3,38,13,8,77,2023-03-06,26,Low chance of precipitation,1012,4,39,10:00,1,Good,7,Light Cloud,Light winds from the north north west,NNW,NNW,North North Westerly,7,4,2023-03-01T21:56:00+00:00,2023-03-02T00:47:20.32Z,2634341,City of Westminster
Drizzle and light winds,11,3,37,12,8,73,2023-03-06,33,Chance of precipitation,1012,4,40,11:00,1,Good,11,Drizzle,Light winds from the north north west,NNW,NNW,North North Westerly,7,5,2023-03-01T21:56:00+00:00,2023-03-02T00:47:20.32Z,2634341,City of Westminster
Light cloud and light winds,7,4,38,14,8,69,2023-03-06,23,Low chance of precipitation,1011,5,42,12:00,1,Good,7,Light Cloud,Light winds from the north north west,NNW,NNW,North North Westerly,8,5,2023-03-01T21:56:00+00:00,2023-03-02T00:47:20.32Z,2634341,City of Westminster
Light cloud and light winds,7,4,39,15,9,69,2023-03-06,23,Low chance of precipitation,1011,6,42,13:00,1,Good,7,Light Cloud,Light winds from the north north west,NNW,NNW,North North Westerly,8,5,2023-03-01T21:56:00+00:00,2023-03-02T00:47:20.32Z,2634341,City of Westminster
Light cloud and light winds,7,4,40,16,10,67,2023-03-06,23,Low chance of precipitation,1010,6,43,14:00,1,Good,7,Light Cloud,Light winds from the north west,NW,NW,North Westerly,7,5,2023-03-01T21:56:00+00:00,2023-03-02T00:47:20.32Z,2634341,City of Westminster
Sunny intervals and light winds,3,5,40,17,10,63,2023-03-06,10,Low chance of precipitation,1009,6,43,15:00,1,Good,3,Sunny Intervals,Light winds from the north west,NW,NW,North Westerly,9,5,2023-03-01T21:56:00+00:00,2023-03-02T00:47:20.32Z,2634341,City of Westminster
Sunny intervals and light winds,3,4,40,17,11,61,2023-03-06,10,Low chance of precipitation,1009,6,43,16:00,1,Good,3,Sunny Intervals,Light winds from the north west,NW,NW,North Westerly,8,5,2023-03-01T21:56:00+00:00,2023-03-02T00:47:20.32Z,2634341,City of Westminster
Sunny intervals and light winds,3,5,42,18,11,62,2023-03-06,10,Low chance of precipitation,1009,6,42,17:00,1,Good,3,Sunny Intervals,Light winds from the north west,NW,NW,North Westerly,7,5,2023-03-01T21:56:00+00:00,2023-03-02T00:47:20.32Z,2634341,City of Westminster
Partly cloudy and light winds,2,4,39,18,11,63,2023-03-06,0,Precipitation is not expected,1008,5,42,18:00,1,Good,2,Partly Cloudy,Light winds from the north west,NW,NW,North Westerly,8,5,2023-03-01T21:56:00+00:00,2023-03-02T00:47:20.32Z,2634341,City of Westminster
Partly cloudy and light winds,2,4,40,19,12,66,2023-03-06,0,Precipitation is not expected,1008,5,41,19:00,1,Good,2,Partly Cloudy,Light winds from the west north west,WNW,WNW,West North Westerly,7,4,2023-03-01T21:56:00+00:00,2023-03-02T00:47:20.32Z,2634341,City of Westminster
Partly cloudy and light winds,2,4,39,19,12,68,2023-03-06,0,Precipitation is not expected,1008,4,39,20:00,1,Good,2,Partly Cloudy,Light winds from the west,W,W,Westerly,7,4,2023-03-01T21:56:00+00:00,2023-03-02T00:47:20.32Z,2634341,City of Westminster
Partly cloudy and light winds,2,3,38,18,11,69,2023-03-06,18,Low chance of precipitation,1008,3,38,21:00,1,Good,2,Partly Cloudy,Light winds from the west south west,WSW,WSW,West South Westerly,6,4,2023-03-01T21:56:00+00:00,2023-03-02T00:47:20.32Z,2634341,City of Westminster
Partly cloudy and light winds,2,3,37,17,11,73,2023-03-06,18,Low chance of precipitation,1008,3,37,22:00,1,Good,2,Partly Cloudy,Light winds from the west,W,W,Westerly,7,4,2023-03-01T21:56:00+00:00,2023-03-02T00:47:20.32Z,2634341,City of Westminster
Partly cloudy and light winds,2,2,35,16,10,76,2023-03-06,18,Low chance of precipitation,1007,2,36,23:00,1,Good,2,Partly Cloudy,Light winds from the west,W,W,Westerly,6,4,2023-03-01T21:56:00+00:00,2023-03-02T00:47:20.32Z,2634341,City of Westminster
Sleet and light winds,41,1,35,16,10,80,2023-03-07,37,Chance of precipitation,1007,2,35,00:00,1,Good,18,Sleet,Light winds from the west,W,W,Westerly,7,5,2023-03-01T21:56:00+00:00,2023-03-02T00:47:20.32Z,2634341,City of Westminster
Sleet and light winds,41,1,34,17,10,84,2023-03-07,37,Chance of precipitation,1006,1,34,01:00,1,Good,18,Sleet,Light winds from the west,W,W,Westerly,6,4,2023-03-01T21:56:00+00:00,2023-03-02T00:47:20.32Z,2634341,City of Westminster
Sleet and light winds,41,1,34,17,10,85,2023-03-07,37,Chance of precipitation,1006,1,34,02:00,1,Good,18,Sleet,Light winds from the west,W,W,Westerly,6,4,2023-03-01T21:56:00+00:00,2023-03-02T00:47:20.32Z,2634341,City of Westminster
Light snow and light winds,43,1,34,18,11,86,2023-03-07,36,Chance of precipitation,1006,1,34,03:00,1,Good,24,Light Snow,Light winds from the west,W,W,Westerly,6,4,2023-03-01T21:56:00+00:00,2023-03-02T00:47:20.32Z,2634341,City of Westminster
Light snow and light winds,43,1,34,20,12,86,2023-03-07,36,Chance of precipitation,1006,1,34,04:00,1,Good,24,Light Snow,Light winds from the west,W,W,Westerly,6,4,2023-03-01T21:56:00+00:00,2023-03-02T00:47:20.32Z,2634341,City of Westminster
Light snow and light winds,43,1,34,22,13,87,2023-03-07,36,Chance of precipitation,1006,1,34,05:00,1,Good,24,Light Snow,Light winds from the west north west,WNW,WNW,West North Westerly,7,5,2023-03-01T21:56:00+00:00,2023-03-02T00:47:20.32Z,2634341,City of Westminster
Light snow and light winds,43,-1,29,22,14,87,2023-03-07,54,Chance of precipitation,1006,1,34,06:00,1,Poor,24,Light Snow,Light winds from the west north west,WNW,WNW,West North Westerly,9,5,2023-03-01T21:56:00+00:00,2023-03-02T00:47:20.32Z,2634341,City of Westminster
Sleet and light winds,18,-1,29,22,14,86,2023-03-07,54,Chance of precipitation,1006,1,34,07:00,1,Poor,18,Sleet,Light winds from the west north west,WNW,WNW,West North Westerly,8,5,2023-03-01T21:56:00+00:00,2023-03-02T00:47:20.32Z,2634341,City of Westminster
Sleet and light winds,18,-1,30,22,14,86,2023-03-07,54,Chance of precipitation,1006,2,35,08:00,1,Good,18,Sleet,Light winds from the north west,NW,NW,North Westerly,9,5,2023-03-01T21:56:00+00:00,2023-03-02T00:47:20.32Z,2634341,City of Westminster
Sleet and light winds,18,0,31,24,15,82,2023-03-07,45,Chance of precipitation,1006,2,36,09:00,1,Good,18,Sleet,Light winds from the north west,NW,NW,North Westerly,10,6,2023-03-01T21:56:00+00:00,2023-03-02T00:47:20.32Z,2634341,City of Westminster
Sleet and light winds,18,1,33,25,16,77,2023-03-07,45,Chance of precipitation,1006,3,38,10:00,1,Good,18,Sleet,Light winds from the north north west,NNW,NNW,North North Westerly,11,7,2023-03-01T21:56:00+00:00,2023-03-02T00:47:20.32Z,2634341,City of Westminster
Sleet and a gentle breeze,18,1,34,27,17,73,2023-03-07,45,Chance of precipitation,1006,4,39,11:00,1,Good,18,Sleet,A gentle breeze from the north north west,NNW,NNW,North North Westerly,12,8,2023-03-01T21:56:00+00:00,2023-03-02T00:47:20.32Z,2634341,City of Westminster
Sleet showers and a gentle breeze,17,1,34,30,19,69,2023-03-07,69,Chance of precipitation,1006,4,40,12:00,1,Good,17,Sleet Showers,A gentle breeze from the north west,NW,NW,North Westerly,15,9,2023-03-01T21:56:00+00:00,2023-03-02T00:47:20.32Z,2634341,City of Westminster
Sleet showers and a gentle breeze,17,1,34,35,22,68,2023-03-07,69,Chance of precipitation,1006,5,40,13:00,1,Good,17,Sleet Showers,A gentle breeze from the north north west,NNW,NNW,North North Westerly,15,10,2023-03-01T21:56:00+00:00,2023-03-02T00:47:20.32Z,2634341,City of Westminster
Sleet showers and a gentle breeze,17,2,35,39,24,67,2023-03-07,69,Chance of precipitation,1006,5,41,14:00,1,Good,17,Sleet Showers,A gentle breeze from the north north west,NNW,NNW,North North Westerly,15,9,2023-03-01T21:56:00+00:00,2023-03-02T00:47:20.32Z,2634341,City of Westminster
Light rain showers and a gentle breeze,10,2,36,42,26,62,2023-03-07,56,Chance of precipitation,1006,5,42,15:00,1,Good,10,Light Rain Showers,A gentle breeze from the north north west,NNW,NNW,North North Westerly,16,10,2023-03-01T21:56:00+00:00,2023-03-02T00:47:20.32Z,2634341,City of Westminster
Light rain showers and a gentle breeze,10,2,36,46,28,62,2023-03-07,56,Chance of precipitation,1006,5,41,16:00,1,Moderate,10,Light Rain Showers,A gentle breeze from the north north west,NNW,NNW,North North Westerly,16,10,2023-03-01T21:56:00+00:00,2023-03-02T00:47:20.32Z,2634341,City of Westminster
Sleet showers and a gentle breeze,17,2,35,49,30,64,2023-03-07,56,Chance of precipitation,1006,5,41,17:00,1,Moderate,17,Sleet Showers,A gentle breeze from the north,N,N,Northerly,15,9,2023-03-01T21:56:00+00:00,2023-03-02T00:47:20.32Z,2634341,City of Westminster
Partly cloudy and a gentle breeze,2,1,34,45,28,66,2023-03-07,17,Low chance of precipitation,1006,4,40,18:00,1,Moderate,2,Partly Cloudy,A gentle breeze from the north,N,N,Northerly,15,9,2023-03-01T21:56:00+00:00,2023-03-02T00:47:20.32Z,2634341,City of Westminster
Partly cloudy and a gentle breeze,2,0,32,42,26,67,2023-03-07,17,Low chance of precipitation,1007,4,39,19:00,1,Moderate,2,Partly Cloudy,A gentle breeze from the north,N,N,Northerly,14,9,2023-03-01T21:56:00+00:00,2023-03-02T00:47:20.32Z,2634341,City of Westminster
Partly cloudy and a gentle breeze,2,0,31,39,24,66,2023-03-07,17,Low chance of precipitation,1007,3,37,20:00,1,Good,2,Partly Cloudy,A gentle breeze from the north,N,N,Northerly,14,9,2023-03-01T21:56:00+00:00,2023-03-02T00:47:20.32Z,2634341,City of Westminster
Partly cloudy and a gentle breeze,2,-1,30,35,22,67,2023-03-07,17,Low chance of precipitation,1007,2,36,21:00,1,Good,2,Partly Cloudy,A gentle breeze from the north north west,NNW,NNW,North North Westerly,13,8,2023-03-01T21:56:00+00:00,2023-03-02T00:47:20.32Z,2634341,City of Westminster
Partly cloudy and a gentle breeze,2,-2,29,32,20,67,2023-03-07,17,Low chance of precipitation,1007,2,35,22:00,1,Good,2,Partly Cloudy,A gentle breeze from the north north west,NNW,NNW,North North Westerly,12,8,2023-03-01T21:56:00+00:00,2023-03-02T00:47:20.32Z,2634341,City of Westminster
Partly cloudy and light winds,2,-2,29,29,18,69,2023-03-07,17,Low chance of precipitation,1007,1,34,23:00,1,Good,2,Partly Cloudy,Light winds from the north north west,NNW,NNW,North North Westerly,11,7,2023-03-01T21:56:00+00:00,2023-03-02T00:47:20.32Z,2634341,City of Westminster
Partly cloudy and light winds,2,-3,27,31,19,71,2023-03-08,0,Precipitation is not expected,1007,1,33,00:00,1,Good,2,Partly Cloudy,Light winds from the north north west,NNW,NNW,North North Westerly,11,7,2023-03-01T21:56:00+00:00,2023-03-02T00:47:20.32Z,2634341,City of Westminster
Partly cloudy and light winds,2,-3,26,29,18,74,2023-03-08,0,Precipitation is not expected,1006,0,32,01:00,1,Good,2,Partly Cloudy,Light winds from the north north west,NNW,NNW,North North Westerly,10,6,2023-03-01T21:56:00+00:00,2023-03-02T00:47:20.32Z,2634341,City of Westminster
Partly cloudy and light winds,2,-3,26,28,17,75,2023-03-08,0,Precipitation is not expected,1006,0,32,02:00,1,Good,2,Partly Cloudy,Light winds from the north west,NW,NW,North Westerly,9,6,2023-03-01T21:56:00+00:00,2023-03-02T00:47:20.32Z,2634341,City of Westminster
Partly cloudy and light winds,2,-3,26,27,17,75,2023-03-08,0,Precipitation is not expected,1006,0,32,03:00,1,Good,2,Partly Cloudy,Light winds from the north west,NW,NW,North Westerly,9,5,2023-03-01T21:56:00+00:00,2023-03-02T00:47:20.32Z,2634341,City of Westminster
Partly cloudy and light winds,2,-3,26,26,16,75,2023-03-08,0,Precipitation is not expected,1005,0,32,04:00,1,Good,2,Partly Cloudy,Light winds from the north west,NW,NW,North Westerly,9,6,2023-03-01T21:56:00+00:00,2023-03-02T00:47:20.32Z,2634341,City of Westminster
A clear sky and light winds,0,-3,26,26,16,76,2023-03-08,0,Precipitation is not expected,1005,0,32,05:00,1,Good,0,Clear Sky,Light winds from the north west,NW,NW,North Westerly,9,6,2023-03-01T21:56:00+00:00,2023-03-02T00:47:20.32Z,2634341,City of Westminster
A clear sky and light winds,0,-4,24,25,15,77,2023-03-08,0,Precipitation is not expected,1005,-1,31,06:00,1,Good,0,Clear Sky,Light winds from the north west,NW,NW,North Westerly,11,7,2023-03-01T21:56:00+00:00,2023-03-02T00:47:20.32Z,2634341,City of Westminster
Sunny and light winds,1,-3,26,24,15,76,2023-03-08,0,Precipitation is not expected,1005,0,32,07:00,1,Good,1,Sunny,Light winds from the north west,NW,NW,North Westerly,11,7,2023-03-01T21:56:00+00:00,2023-03-02T00:47:20.32Z,2634341,City of Westminster
Sunny and light winds,1,-3,27,22,14,74,2023-03-08,0,Precipitation is not expected,1005,1,33,08:00,1,Good,1,Sunny,Light winds from the north west,NW,NW,North Westerly,12,7,2023-03-01T21:56:00+00:00,2023-03-02T00:47:20.32Z,2634341,City of Westminster
Sunny and a gentle breeze,1,-2,28,22,13,71,2023-03-08,0,Precipitation is not expected,1005,2,35,09:00,1,Good,1,Sunny,A gentle breeze from the north north west,NNW,NNW,North North Westerly,13,8,2023-03-01T21:56:00+00:00,2023-03-02T00:47:20.32Z,2634341,City of Westminster
Sunny and a gentle breeze,1,0,31,21,13,67,2023-03-08,0,Precipitation is not expected,1005,3,37,10:00,1,Good,1,Sunny,A gentle breeze from the north north west,NNW,NNW,North North Westerly,14,8,2023-03-01T21:56:00+00:00,2023-03-02T00:47:20.32Z,2634341,City of Westminster
Sunny and a gentle breeze,1,0,33,20,12,62,2023-03-08,0,Precipitation is not expected,1005,4,39,11:00,1,Good,1,Sunny,A gentle breeze from the north north west,NNW,NNW,North North Westerly,15,9,2023-03-01T21:56:00+00:00,2023-03-02T00:47:20.32Z,2634341,City of Westminster
Sunny and a gentle breeze,1,1,35,20,12,59,2023-03-08,0,Precipitation is not expected,1005,5,41,12:00,1,Good,1,Sunny,A gentle breeze from the north north west,NNW,NNW,North North Westerly,16,10,2023-03-01T21:56:00+00:00,2023-03-02T00:47:20.32Z,2634341,City of Westminster
Sunny and a gentle breeze,1,2,35,20,12,59,2023-03-08,0,Precipitation is not expected,1004,5,41,13:00,1,Good,1,Sunny,A gentle breeze from the north north west,NNW,NNW,North North Westerly,15,9,2023-03-01T21:56:00+00:00,2023-03-02T00:47:20.32Z,2634341,City of Westminster
Sunny and a gentle breeze,1,3,37,20,13,57,2023-03-08,0,Precipitation is not expected,1004,5,42,14:00,1,Good,1,Sunny,A gentle breeze from the north west,NW,NW,North Westerly,13,8,2023-03-01T21:56:00+00:00,2023-03-02T00:47:20.32Z,2634341,City of Westminster
Sunny intervals and a gentle breeze,3,3,38,21,13,54,2023-03-08,10,Low chance of precipitation,1004,6,42,15:00,1,Good,3,Sunny Intervals,A gentle breeze from the north north west,NNW,NNW,North North Westerly,13,8,2023-03-01T21:56:00+00:00,2023-03-02T00:47:20.32Z,2634341,City of Westminster
Sunny and light winds,1,3,38,22,14,53,2023-03-08,10,Low chance of precipitation,1004,6,42,16:00,1,Good,1,Sunny,Light winds from the north north west,NNW,NNW,North North Westerly,11,7,2023-03-01T21:56:00+00:00,2023-03-02T00:47:20.32Z,2634341,City of Westminster
Sunny and light winds,1,3,37,23,14,55,2023-03-08,10,Low chance of precipitation,1004,5,41,17:00,1,Good,1,Sunny,Light winds from the north west,NW,NW,North Westerly,9,6,2023-03-01T21:56:00+00:00,2023-03-02T00:47:20.32Z,2634341,City of Westminster
A clear sky and light winds,0,2,36,22,14,57,2023-03-08,0,Precipitation is not expected,1004,5,40,18:00,1,Good,0,Clear Sky,Light winds from the north north west,NNW,NNW,North North Westerly,9,5,2023-03-01T21:56:00+00:00,2023-03-02T00:47:20.32Z,2634341,City of Westminster
A clear sky and light winds,0,2,36,22,14,60,2023-03-08,0,Precipitation is not expected,1004,4,40,19:00,1,Good,0,Clear Sky,Light winds from the north west,NW,NW,North Westerly,8,5,2023-03-01T21:56:00+00:00,2023-03-02T00:47:20.32Z,2634341,City of Westminster
A clear sky and light winds,0,3,37,21,13,62,2023-03-08,0,Precipitation is not expected,1004,3,38,20:00,1,Good,0,Clear Sky,Light winds from the west,W,W,Westerly,7,5,2023-03-01T21:56:00+00:00,2023-03-02T00:47:20.32Z,2634341,City of Westminster
Light snow and light winds,43,3,37,21,13,63,2023-03-08,22,Low chance of precipitation,1004,3,37,21:00,1,Good,24,Light Snow,Light winds from the south west,SW,SW,South Westerly,7,4,2023-03-01T21:56:00+00:00,2023-03-02T00:47:20.32Z,2634341,City of Westminster
Light snow and light winds,43,2,36,20,13,65,2023-03-08,22,Low chance of precipitation,1004,3,37,22:00,1,Good,24,Light Snow,Light winds from the west south west,WSW,WSW,West South Westerly,6,4,2023-03-01T21:56:00+00:00,2023-03-02T00:47:20.32Z,2634341,City of Westminster
Light snow and light winds,43,2,35,19,12,67,2023-03-08,22,Low chance of precipitation,1004,2,36,23:00,1,Good,24,Light Snow,Light winds from the south west,SW,SW,South Westerly,5,3,2023-03-01T21:56:00+00:00,2023-03-02T00:47:20.32Z,2634341,City of Westminster
Light snow and light winds,43,1,34,19,12,71,2023-03-09,25,Low chance of precipitation,1004,1,34,00:00,1,Good,24,Light Snow,Light winds from the west south west,WSW,WSW,West South Westerly,6,4,2023-03-01T21:56:00+00:00,2023-03-02T00:47:20.32Z,2634341,City of Westminster
Light snow and light winds,43,1,33,18,11,76,2023-03-09,25,Low chance of precipitation,1004,1,33,01:00,1,Good,24,Light Snow,Light winds from the south west,SW,SW,South Westerly,5,3,2023-03-01T21:56:00+00:00,2023-03-02T00:47:20.32Z,2634341,City of Westminster
Light snow and light winds,43,1,33,17,11,79,2023-03-09,25,Low chance of precipitation,1004,1,33,02:00,1,Good,24,Light Snow,Light winds from the south west,SW,SW,South Westerly,5,3,2023-03-01T21:56:00+00:00,2023-03-02T00:47:20.32Z,2634341,City of Westminster
Light snow and light winds,43,1,33,16,10,80,2023-03-09,25,Low chance of precipitation,1004,1,33,03:00,1,Good,24,Light Snow,Light winds from the south west,SW,SW,South Westerly,5,3,2023-03-01T21:56:00+00:00,2023-03-02T00:47:20.32Z,2634341,City of Westminster
Light snow and light winds,43,1,33,15,9,80,2023-03-09,25,Low chance of precipitation,1004,1,33,04:00,1,Good,24,Light Snow,Light winds from the south west,SW,SW,South Westerly,6,4,2023-03-01T21:56:00+00:00,2023-03-02T00:47:20.32Z,2634341,City of Westminster
Light snow and light winds,43,1,34,14,9,79,2023-03-09,25,Low chance of precipitation,1004,1,34,05:00,1,Good,24,Light Snow,Light winds from the south south west,SSW,SSW,South South Westerly,7,5,2023-03-01T21:56:00+00:00,2023-03-02T00:47:20.32Z,2634341,City of Westminster
Light snow and light winds,43,-2,28,14,9,80,2023-03-09,42,Chance of precipitation,1004,1,33,06:00,1,Poor,24,Light Snow,Light winds from the south south west,SSW,SSW,South South Westerly,9,6,2023-03-02T00:47:20+00:00,2023-03-02T00:47:20.32Z,2634341,City of Westminster
Light snow and light winds,24,-1,30,15,9,79,2023-03-09,42,Chance of precipitation,1004,1,35,07:00,1,Poor,24,Light Snow,Light winds from the south west,SW,SW,South Westerly,9,5,2023-03-02T00:47:20+00:00,2023-03-02T00:47:20.32Z,2634341,City of Westminster
Light snow and light winds,24,-1,31,16,10,77,2023-03-09,42,Chance of precipitation,1004,2,36,08:00,1,Poor,24,Light Snow,Light winds from the south south west,SSW,SSW,South South Westerly,9,6,2023-03-02T00:47:20+00:00,2023-03-02T00:47:20.32Z,2634341,City of Westminster
Light snow and light winds,24,0,33,18,11,74,2023-03-09,42,Chance of precipitation,1005,3,37,09:00,1,Poor,24,Light Snow,Light winds from the west south west,WSW,WSW,West South Westerly,10,6,2023-03-02T00:47:20+00:00,2023-03-02T00:47:20.32Z,2634341,City of Westminster
Sleet and light winds,18,1,34,21,13,70,2023-03-09,42,Chance of precipitation,1005,4,39,10:00,1,Good,18,Sleet,Light winds from the south,S,S,Southerly,11,7,2023-03-02T00:47:20+00:00,2023-03-02T00:47:20.32Z,2634341,City of Westminster
Sleet and a gentle breeze,18,2,36,23,14,68,2023-03-09,42,Chance of precipitation,1005,5,41,11:00,1,Good,18,Sleet,A gentle breeze from the west south west,WSW,WSW,West South Westerly,12,8,2023-03-02T00:47:20+00:00,2023-03-02T00:47:20.32Z,2634341,City of Westminster
Drizzle and a gentle breeze,11,3,37,24,15,65,2023-03-09,42,Chance of precipitation,1005,6,42,12:00,1,Good,11,Drizzle,A gentle breeze from the south south west,SSW,SSW,South South Westerly,14,9,2023-03-02T00:47:20+00:00,2023-03-02T00:47:20.32Z,2634341,City of Westminster
Drizzle and a gentle breeze,11,3,38,26,16,66,2023-03-09,42,Chance of precipitation,1004,6,43,13:00,1,Good,11,Drizzle,A gentle breeze from the south west,SW,SW,South Westerly,14,9,2023-03-02T00:47:20+00:00,2023-03-02T00:47:20.32Z,2634341,City of Westminster
Drizzle and a gentle breeze,11,4,39,27,17,65,2023-03-09,42,Chance of precipitation,1004,6,43,14:00,1,Good,11,Drizzle,A gentle breeze from the south west,SW,SW,South Westerly,13,8,2023-03-02T00:47:20+00:00,2023-03-02T00:47:20.32Z,2634341,City of Westminster
Light rain and a gentle breeze,12,4,39,26,16,62,2023-03-09,42,Chance of precipitation,1003,7,44,15:00,1,Good,12,Light Rain,A gentle breeze from the south south east,SSE,SSE,South South Easterly,14,9,2023-03-02T00:47:20+00:00,2023-03-02T00:47:20.32Z,2634341,City of Westminster
Light rain and a gentle breeze,12,4,39,25,15,62,2023-03-09,42,Chance of precipitation,1003,6,43,16:00,1,Good,12,Light Rain,A gentle breeze from the south west,SW,SW,South Westerly,14,9,2023-03-02T00:47:20+00:00,2023-03-02T00:47:20.32Z,2634341,City of Westminster
Light rain and a gentle breeze,12,3,38,24,15,63,2023-03-09,42,Chance of precipitation,1003,6,42,17:00,1,Good,12,Light Rain,A gentle breeze from the south east,SE,SE,South Easterly,13,8,2023-03-02T00:47:20+00:00,2023-03-02T00:47:20.32Z,2634341,City of Westminster
Partly cloudy and a gentle breeze,2,3,37,23,14,66,2023-03-09,21,Low chance of precipitation,1003,5,41,18:00,1,Good,2,Partly Cloudy,A gentle breeze from the south,S,S,Southerly,12,8,2023-03-02T00:47:20+00:00,2023-03-02T00:47:20.32Z,2634341,City of Westminster
Partly cloudy and light winds,2,2,36,21,13,68,2023-03-09,21,Low chance of precipitation,1004,5,41,19:00,1,Good,2,Partly Cloudy,Light winds from the south,S,S,Southerly,11,7,2023-03-02T00:47:20+00:00,2023-03-02T00:47:20.32Z,2634341,City of Westminster
Light cloud and light winds,36,2,35,20,12,68,2023-03-09,21,Low chance of precipitation,1004,4,40,20:00,1,Good,7,Light Cloud,Light winds from the south east,SE,SE,South Easterly,12,7,2023-03-02T00:47:20+00:00,2023-03-02T00:47:20.32Z,2634341,City of Westminster
Light cloud and light winds,36,1,35,20,13,68,2023-03-09,16,Low chance of precipitation,1004,4,39,21:00,1,Good,7,Light Cloud,Light winds from the south south west,SSW,SSW,South South Westerly,10,6,2023-03-02T00:47:20+00:00,2023-03-02T00:47:20.32Z,2634341,City of Westminster
Light cloud and light winds,36,1,34,21,13,69,2023-03-09,16,Low chance of precipitation,1004,4,39,22:00,1,Good,7,Light Cloud,Light winds from the south,S,S,Southerly,10,6,2023-03-02T00:47:20+00:00,2023-03-02T00:47:20.32Z,2634341,City of Westminster
Light cloud and light winds,36,1,34,21,13,72,2023-03-09,16,Low chance of precipitation,1004,3,38,23:00,1,Good,7,Light Cloud,Light winds from the south west,SW,SW,South Westerly,9,6,2023-03-02T00:47:20+00:00,2023-03-02T00:47:20.32Z,2634341,City of Westminster
Light snow and light winds,43,0,32,18,11,74,2023-03-10,22,Low chance of precipitation,1003,3,37,00:00,1,Good,24,Light Snow,Light winds from the south west,SW,SW,South Westerly,11,7,2023-03-02T00:47:20+00:00,2023-03-02T00:47:20.32Z,2634341,City of Westminster
Light snow and light winds,43,0,32,14,9,78,2023-03-10,22,Low chance of precipitation,1003,3,37,01:00,1,Good,24,Light Snow,Light winds from the west south west,WSW,WSW,West South Westerly,10,6,2023-03-02T00:47:20+00:00,2023-03-02T00:47:20.32Z,2634341,City of Westminster
Sleet and light winds,41,0,32,11,7,81,2023-03-10,22,Low chance of precipitation,1003,3,37,02:00,1,Good,18,Sleet,Light winds from the west,W,W,Westerly,9,6,2023-03-02T00:47:20+00:00,2023-03-02T00:47:20.32Z,2634341,City of Westminster
Light cloud and light winds,36,0,32,12,8,83,2023-03-10,14,Low chance of precipitation,1003,2,36,03:00,1,Good,7,Light Cloud,Light winds from the west,W,W,Westerly,9,6,2023-03-02T00:47:20+00:00,2023-03-02T00:47:20.32Z,2634341,City of Westminster
Light cloud and light winds,36,-1,31,14,8,84,2023-03-10,14,Low chance of precipitation,1003,2,36,04:00,1,Moderate,7,Light Cloud,Light winds from the west,W,W,Westerly,10,6,2023-03-02T00:47:20+00:00,2023-03-02T00:47:20.32Z,2634341,City of Westminster
Light cloud and light winds,36,-1,30,15,9,85,2023-03-10,14,Low chance of precipitation,1004,2,36,05:00,1,Moderate,7,Light Cloud,Light winds from the west,W,W,Westerly,11,7,2023-03-02T00:47:20+00:00,2023-03-02T00:47:20.32Z,2634341,City of Westminster
Light cloud and a gentle breeze,36,-1,29,16,10,86,2023-03-10,12,Low chance of precipitation,1004,2,36,06:00,1,Moderate,7,Light Cloud,A gentle breeze from the west,W,W,Westerly,13,8,2023-03-02T00:47:20+00:00,2023-03-02T00:47:20.32Z,2634341,City of Westminster
Light cloud and a gentle breeze,7,-1,30,17,11,87,2023-03-10,12,Low chance of precipitation,1004,2,36,07:00,1,Moderate,7,Light Cloud,A gentle breeze from the west north west,WNW,WNW,West North Westerly,12,8,2023-03-02T00:47:20+00:00,2023-03-02T00:47:20.32Z,2634341,City of Westminster
Light cloud and a gentle breeze,7,-1,31,18,11,85,2023-03-10,12,Low chance of precipitation,1004,2,36,08:00,1,Moderate,7,Light Cloud,A gentle breeze from the west north west,WNW,WNW,West North Westerly,12,8,2023-03-02T00:47:20+00:00,2023-03-02T00:47:20.32Z,2634341,City of Westminster
Light cloud and a gentle breeze,7,0,32,19,12,83,2023-03-10,12,Low chance of precipitation,1005,3,38,09:00,1,Moderate,7,Light Cloud,A gentle breeze from the north west,NW,NW,North Westerly,13,8,2023-03-02T00:47:20+00:00,2023-03-02T00:47:20.32Z,2634341,City of Westminster
Light cloud and a gentle breeze,7,2,35,20,13,77,2023-03-10,12,Low chance of precipitation,1005,4,40,10:00,1,Moderate,7,Light Cloud,A gentle breeze from the north west,NW,NW,North Westerly,12,8,2023-03-02T00:47:20+00:00,2023-03-02T00:47:20.32Z,2634341,City of Westminster
Thick cloud and a gentle breeze,8,3,37,21,13,74,2023-03-10,12,Low chance of precipitation,1005,5,41,11:00,1,Moderate,8,Thick Cloud,A gentle breeze from the north west,NW,NW,North Westerly,13,8,2023-03-02T00:47:20+00:00,2023-03-02T00:47:20.32Z,2634341,City of Westminster
Thick cloud and a gentle breeze,8,3,38,21,13,71,2023-03-10,20,Low chance of precipitation,1006,6,43,12:00,1,Good,8,Thick Cloud,A gentle breeze from the north west,NW,NW,North Westerly,14,9,2023-03-02T00:47:20+00:00,2023-03-02T00:47:20.32Z,2634341,City of Westminster
Thick cloud and a gentle breeze,8,3,38,21,13,73,2023-03-10,20,Low chance of precipitation,1006,6,43,13:00,1,Good,8,Thick Cloud,A gentle breeze from the north west,NW,NW,North Westerly,14,9,2023-03-02T00:47:20+00:00,2023-03-02T00:47:20.32Z,2634341,City of Westminster
Light cloud and a gentle breeze,7,4,39,21,13,74,2023-03-10,19,Low chance of precipitation,1006,6,43,14:00,1,Good,7,Light Cloud,A gentle breeze from the north west,NW,NW,North Westerly,13,8,2023-03-02T00:47:20+00:00,2023-03-02T00:47:20.32Z,2634341,City of Westminster
Light cloud and a gentle breeze,7,4,39,22,14,73,2023-03-10,10,Low chance of precipitation,1006,6,43,15:00,1,Good,7,Light Cloud,A gentle breeze from the north north west,NNW,NNW,North North Westerly,14,9,2023-03-02T00:47:20+00:00,2023-03-02T00:47:20.32Z,2634341,City of Westminster
Light cloud and a gentle breeze,7,4,39,24,15,71,2023-03-10,10,Low chance of precipitation,1006,6,43,16:00,1,Good,7,Light Cloud,A gentle breeze from the north west,NW,NW,North Westerly,14,8,2023-03-02T00:47:20+00:00,2023-03-02T00:47:20.32Z,2634341,City of Westminster
Sunny intervals and a gentle breeze,3,3,38,25,16,70,2023-03-10,0,Precipitation is not expected,1006,6,43,17:00,1,Good,3,Sunny Intervals,A gentle breeze from the north west,NW,NW,North Westerly,13,8,2023-03-02T00:47:20+00:00,2023-03-02T00:47:20.32Z,2634341,City of Westminster
A clear sky and light winds,0,3,38,23,14,71,2023-03-10,0,Precipitation is not expected,1006,6,42,18:00,1,Good,0,Clear Sky,Light winds from the north west,NW,NW,North Westerly,10,6,2023-03-02T00:47:20+00:00,2023-03-02T00:47:20.32Z,2634341,City of Westminster
A clear sky and light winds,0,3,37,20,13,74,2023-03-10,0,Precipitation is not expected,1007,5,41,19:00,1,Good,0,Clear Sky,Light winds from the west north west,WNW,WNW,West North Westerly,9,6,2023-03-02T00:47:20+00:00,2023-03-02T00:47:20.32Z,2634341,City of Westminster
A clear sky and a gentle breeze,0,2,35,18,11,75,2023-03-10,0,Precipitation is not expected,1007,4,40,20:00,1,Good,0,Clear Sky,A gentle breeze from the north west,NW,NW,North Westerly,12,8,2023-03-02T00:47:20+00:00,2023-03-02T00:47:20.32Z,2634341,City of Westminster
A clear sky and light winds,0,1,35,17,11,76,2023-03-10,0,Precipitation is not expected,1008,4,39,21:00,1,Good,0,Clear Sky,Light winds from the west,W,W,Westerly,10,6,2023-03-02T00:47:20+00:00,2023-03-02T00:47:20.32Z,2634341,City of Westminster
A clear sky and light winds,0,1,34,17,10,78,2023-03-10,0,Precipitation is not expected,1008,4,39,22:00,1,Good,0,Clear Sky,Light winds from the west,W,W,Westerly,10,6,2023-03-02T00:47:20+00:00,2023-03-02T00:47:20.32Z,2634341,City of Westminster
A clear sky and light winds,0,1,33,16,10,81,2023-03-10,0,Precipitation is not expected,1007,3,38,23:00,1,Good,0,Clear Sky,Light winds from the west,W,W,Westerly,9,6,2023-03-02T00:47:20+00:00,2023-03-02T00:47:20.32Z,2634341,City of Westminster
A clear sky and light winds,0,0,32,14,9,85,2023-03-11,14,Low chance of precipitation,1007,3,37,00:00,1,Good,0,Clear Sky,Light winds from the west,W,W,Westerly,10,6,2023-03-02T00:47:20+00:00,2023-03-02T00:47:20.32Z,2634341,City of Westminster
A clear sky and light winds,0,0,32,12,8,89,2023-03-11,14,Low chance of precipitation,1008,2,36,01:00,1,Good,0,Clear Sky,Light winds from the west north west,WNW,WNW,West North Westerly,8,5,2023-03-02T00:47:20+00:00,2023-03-02T00:47:20.32Z,2634341,City of Westminster
A clear sky and light winds,0,2,36,11,7,92,2023-03-11,14,Low chance of precipitation,1008,2,36,02:00,1,Good,0,Clear Sky,Light winds from the west,W,W,Westerly,7,4,2023-03-02T00:47:20+00:00,2023-03-02T00:47:20.32Z,2634341,City of Westminster
A clear sky and light winds,0,2,36,10,6,92,2023-03-11,15,Low chance of precipitation,1008,3,37,03:00,1,Moderate,0,Clear Sky,Light winds from the west,W,W,Westerly,7,5,2023-03-02T00:47:20+00:00,2023-03-02T00:47:20.32Z,2634341,City of Westminster
A clear sky and light winds,0,0,32,10,6,93,2023-03-11,15,Low chance of precipitation,1008,2,36,04:00,1,Moderate,0,Clear Sky,Light winds from the west south west,WSW,WSW,West South Westerly,8,5,2023-03-02T00:47:20+00:00,2023-03-02T00:47:20.32Z,2634341,City of Westminster
A clear sky and light winds,0,0,33,9,6,91,2023-03-11,15,Low chance of precipitation,1008,3,37,05:00,1,Moderate,0,Clear Sky,Light winds from the west south west,WSW,WSW,West South Westerly,10,6,2023-03-02T00:47:20+00:00,2023-03-02T00:47:20.32Z,2634341,City of Westminster
A clear sky and light winds,0,1,33,12,7,90,2023-03-11,14,Low chance of precipitation,1008,3,37,06:00,1,Moderate,0,Clear Sky,Light winds from the west south west,WSW,WSW,West South Westerly,9,6,2023-03-02T00:47:20+00:00,2023-03-02T00:47:20.32Z,2634341,City of Westminster
Sunny and light winds,1,1,33,13,8,95,2023-03-11,15,Low chance of precipitation,1008,3,38,07:00,1,Good,1,Sunny,Light winds from the west,W,W,Westerly,12,7,2023-03-02T00:47:20+00:00,2023-03-02T00:47:20.32Z,2634341,City of Westminster
Sunny and a gentle breeze,1,1,35,14,8,94,2023-03-11,15,Low chance of precipitation,1008,4,40,08:00,1,Good,1,Sunny,A gentle breeze from the west south west,WSW,WSW,West South Westerly,13,8,2023-03-02T00:47:20+00:00,2023-03-02T00:47:20.32Z,2634341,City of Westminster
Sunny and a gentle breeze,1,3,37,15,9,88,2023-03-11,15,Low chance of precipitation,1009,6,42,09:00,1,Good,1,Sunny,A gentle breeze from the west south west,WSW,WSW,West South Westerly,14,8,2023-03-02T00:47:20+00:00,2023-03-02T00:47:20.32Z,2634341,City of Westminster
Sunny intervals and a gentle breeze,3,5,40,17,11,80,2023-03-11,16,Low chance of precipitation,1009,7,45,10:00,1,Good,3,Sunny Intervals,A gentle breeze from the south west,SW,SW,South Westerly,15,9,2023-03-02T00:47:20+00:00,2023-03-02T00:47:20.32Z,2634341,City of Westminster
Sunny intervals and a gentle breeze,3,5,41,20,12,76,2023-03-11,16,Low chance of precipitation,1009,8,46,11:00,1,Good,3,Sunny Intervals,A gentle breeze from the south west,SW,SW,South Westerly,17,11,2023-03-02T00:47:20+00:00,2023-03-02T00:47:20.32Z,2634341,City of Westminster
Sunny intervals and a gentle breeze,3,6,42,23,15,72,2023-03-11,12,Low chance of precipitation,1009,8,47,12:00,1,Good,3,Sunny Intervals,A gentle breeze from the south,S,S,Southerly,19,12,2023-03-02T00:47:20+00:00,2023-03-02T00:47:20.32Z,2634341,City of Westminster
Light cloud and a gentle breeze,7,6,43,27,17,72,2023-03-11,12,Low chance of precipitation,1008,9,47,13:00,1,Good,7,Light Cloud,A gentle breeze from the south east,SE,SE,South Easterly,18,11,2023-03-02T00:47:20+00:00,2023-03-02T00:47:20.32Z,2634341,City of Westminster
Light cloud and a gentle breeze,7,7,44,31,19,70,2023-03-11,12,Low chance of precipitation,1008,9,48,14:00,1,Good,7,Light Cloud,A gentle breeze from the south east,SE,SE,South Easterly,18,11,2023-03-02T00:47:20+00:00,2023-03-02T00:47:20.32Z,2634341,City of Westminster
Thick cloud and a gentle breeze,8,7,45,33,21,67,2023-03-11,16,Low chance of precipitation,1008,9,49,15:00,1,Good,8,Thick Cloud,A gentle breeze from the south east,SE,SE,South Easterly,20,12,2023-03-02T00:47:20+00:00,2023-03-02T00:47:20.32Z,2634341,City of Westminster
Light cloud and a gentle breeze,7,7,44,36,22,66,2023-03-11,16,Low chance of precipitation,1008,9,49,16:00,1,Good,7,Light Cloud,A gentle breeze from the south east,SE,SE,South Easterly,19,12,2023-03-02T00:47:20+00:00,2023-03-02T00:47:20.32Z,2634341,City of Westminster
Light rain showers and a gentle breeze,10,6,43,38,24,67,2023-03-11,30,Low chance of precipitation,1008,9,48,17:00,1,Good,10,Light Rain Showers,A gentle breeze from the south south east,SSE,SSE,South South Easterly,19,12,2023-03-02T00:47:20+00:00,2023-03-02T00:47:20.32Z,2634341,City of Westminster
Light rain and a gentle breeze,39,6,43,37,23,68,2023-03-11,50,Chance of precipitation,1008,8,47,18:00,1,Good,12,Light Rain,A gentle breeze from the south,S,S,Southerly,16,10,2023-03-02T00:47:20+00:00,2023-03-02T00:47:20.32Z,2634341,City of Westminster
Light rain and a gentle breeze,39,6,42,35,22,72,2023-03-11,50,Chance of precipitation,1008,8,46,19:00,1,Good,12,Light Rain,A gentle breeze from the south,S,S,Southerly,17,10,2023-03-02T00:47:20+00:00,2023-03-02T00:47:20.32Z,2634341,City of Westminster
Light cloud and a gentle breeze,36,5,40,34,21,75,2023-03-11,19,Low chance of precipitation,1008,7,45,20:00,1,Good,7,Light Cloud,A gentle breeze from the south,S,S,Southerly,17,11,2023-03-02T00:47:20+00:00,2023-03-02T00:47:20.32Z,2634341,City of Westminster
Light rain and a gentle breeze,39,4,40,35,22,75,2023-03-11,19,Low chance of precipitation,1008,7,45,21:00,1,Good,12,Light Rain,A gentle breeze from the south,S,S,Southerly,16,10,2023-03-02T00:47:20+00:00,2023-03-02T00:47:20.32Z,2634341,City of Westminster
Light rain and a gentle breeze,39,5,41,37,23,75,2023-03-11,50,Chance of precipitation,1008,7,45,22:00,1,Moderate,12,Light Rain,A gentle breeze from the south south west,SSW,SSW,South South Westerly,15,10,2023-03-02T00:47:20+00:00,2023-03-02T00:47:20.32Z,2634341,City of Westminster
Light rain and a gentle breeze,39,4,39,38,24,78,2023-03-11,19,Low chance of precipitation,1008,6,43,23:00,1,Good,12,Light Rain,A gentle breeze from the south,S,S,Southerly,15,9,2023-03-02T00:47:20+00:00,2023-03-02T00:47:20.32Z,2634341,City of Westminster
Light rain and a gentle breeze,39,3,38,41,26,80,2023-03-12,17,Low chance of precipitation,1008,6,43,00:00,1,Good,12,Light Rain,A gentle breeze from the south,S,S,Southerly,17,11,2023-03-02T00:47:20+00:00,2023-03-02T00:47:20.32Z,2634341,City of Westminster
Light rain and a gentle breeze,39,3,38,44,27,82,2023-03-12,50,Chance of precipitation,1008,6,43,01:00,1,Moderate,12,Light Rain,A gentle breeze from the south south west,SSW,SSW,South South Westerly,15,10,2023-03-02T00:47:20+00:00,2023-03-02T00:47:20.32Z,2634341,City of Westminster
Light rain and a gentle breeze,39,3,38,47,29,86,2023-03-12,50,Chance of precipitation,1008,6,43,02:00,1,Moderate,12,Light Rain,A gentle breeze from the south west,SW,SW,South Westerly,15,9,2023-03-02T00:47:20+00:00,2023-03-02T00:47:20.32Z,2634341,City of Westminster
Light rain and a gentle breeze,39,3,37,45,28,87,2023-03-12,18,Low chance of precipitation,1008,5,42,03:00,1,Good,12,Light Rain,A gentle breeze from the south south west,SSW,SSW,South South Westerly,15,10,2023-03-02T00:47:20+00:00,2023-03-02T00:47:20.32Z,2634341,City of Westminster
Light rain and a gentle breeze,39,4,39,42,26,86,2023-03-12,51,Chance of precipitation,1008,6,43,04:00,1,Moderate,12,Light Rain,A gentle breeze from the south west,SW,SW,South Westerly,15,9,2023-03-02T00:47:20+00:00,2023-03-02T00:47:20.32Z,2634341,City of Westminster
Light rain and a gentle breeze,39,4,39,40,25,87,2023-03-12,51,Chance of precipitation,1008,6,43,05:00,1,Moderate,12,Light Rain,A gentle breeze from the south west,SW,SW,South Westerly,16,10,2023-03-02T00:47:20+00:00,2023-03-02T00:47:20.32Z,2634341,City of Westminster
Light rain and a gentle breeze,39,4,39,36,22,86,2023-03-12,52,Chance of precipitation,1008,7,44,06:00,1,Good,12,Light Rain,A gentle breeze from the south west,SW,SW,South Westerly,17,11,2023-03-02T00:47:20+00:00,2023-03-02T00:47:20.32Z,2634341,City of Westminster
Light cloud and a gentle breeze,7,3,37,32,20,88,2023-03-12,22,Low chance of precipitation,1008,6,42,07:00,1,Good,7,Light Cloud,A gentle breeze from the south south west,SSW,SSW,South South Westerly,17,10,2023-03-02T00:47:20+00:00,2023-03-02T00:47:20.32Z,2634341,City of Westminster
Light rain and a gentle breeze,12,4,39,28,17,88,2023-03-12,52,Chance of precipitation,1008,7,44,08:00,1,Good,12,Light Rain,A gentle breeze from the south west,SW,SW,South Westerly,16,10,2023-03-02T00:47:20+00:00,2023-03-02T00:47:20.32Z,2634341,City of Westminster
Sunny intervals and a gentle breeze,3,4,40,31,19,86,2023-03-12,12,Low chance of precipitation,1008,7,44,09:00,1,Good,3,Sunny Intervals,A gentle breeze from the south west,SW,SW,South Westerly,17,11,2023-03-02T00:47:20+00:00,2023-03-02T00:47:20.32Z,2634341,City of Westminster
Light cloud and a gentle breeze,7,5,42,35,22,82,2023-03-12,12,Low chance of precipitation,1008,8,46,10:00,1,Good,7,Light Cloud,A gentle breeze from the south west,SW,SW,South Westerly,17,11,2023-03-02T00:47:20+00:00,2023-03-02T00:47:20.32Z,2634341,City of Westminster
Drizzle and a gentle breeze,11,6,43,38,24,83,2023-03-12,43,Chance of precipitation,1008,8,47,11:00,1,Good,11,Drizzle,A gentle breeze from the south west,SW,SW,South Westerly,19,12,2023-03-02T00:47:20+00:00,2023-03-02T00:47:20.32Z,2634341,City of Westminster
Light rain and a gentle breeze,12,7,45,39,24,80,2023-03-12,70,Chance of precipitation,1008,9,48,12:00,1,Moderate,12,Light Rain,A gentle breeze from the west south west,WSW,WSW,West South Westerly,15,9,2023-03-02T00:47:20+00:00,2023-03-02T00:47:20.32Z,2634341,City of Westminster
Light rain and a gentle breeze,12,7,45,40,25,79,2023-03-12,70,Chance of precipitation,1008,9,49,13:00,1,Moderate,12,Light Rain,A gentle breeze from the south west,SW,SW,South Westerly,19,12,2023-03-02T00:47:20+00:00,2023-03-02T00:47:20.32Z,2634341,City of Westminster
Light rain and a gentle breeze,12,8,47,41,25,75,2023-03-12,70,Chance of precipitation,1007,10,50,14:00,1,Moderate,12,Light Rain,A gentle breeze from the south west,SW,SW,South Westerly,16,10,2023-03-02T00:47:20+00:00,2023-03-02T00:47:20.32Z,2634341,City of Westminster
Heavy rain and a gentle breeze,15,9,47,46,28,72,2023-03-12,70,Chance of precipitation,1007,10,51,15:00,1,Moderate,15,Heavy Rain,A gentle breeze from the south south west,SSW,SSW,South South Westerly,19,12,2023-03-02T00:47:20+00:00,2023-03-02T00:47:20.32Z,2634341,City of Westminster
Heavy rain and a moderate breeze,15,8,46,51,31,71,2023-03-12,70,Chance of precipitation,1006,10,50,16:00,1,Moderate,15,Heavy Rain,A moderate breeze from the south west,SW,SW,South Westerly,20,13,2023-03-02T00:47:20+00:00,2023-03-02T00:47:20.32Z,2634341,City of Westminster
Heavy rain and a gentle breeze,15,8,47,56,35,71,2023-03-12,70,Chance of precipitation,1005,10,50,17:00,1,Moderate,15,Heavy Rain,A gentle breeze from the south south west,SSW,SSW,South South Westerly,19,12,2023-03-02T00:47:20+00:00,2023-03-02T00:47:20.32Z,2634341,City of Westminster
Light rain showers and a moderate breeze,9,7,45,59,36,72,2023-03-12,61,Chance of precipitation,1005,9,49,18:00,1,Good,9,Light Rain Showers,A moderate breeze from the south south west,SSW,SSW,South South Westerly,21,13,2023-03-02T00:47:20+00:00,2023-03-02T00:47:20.32Z,2634341,City of Westminster
Light rain showers and a gentle breeze,9,7,44,61,38,73,2023-03-12,61,Chance of precipitation,1005,9,48,19:00,1,Good,9,Light Rain Showers,A gentle breeze from the south west,SW,SW,South Westerly,19,12,2023-03-02T00:47:20+00:00,2023-03-02T00:47:20.32Z,2634341,City of Westminster
Gusty winds and light rain showers,9,6,43,64,40,75,2023-03-12,61,Chance of precipitation,1005,8,47,20:00,1,Good,9,Light Rain Showers,Gusty winds from the south west,SW,SW,South Westerly,18,11,2023-03-02T00:47:20+00:00,2023-03-02T00:47:20.32Z,2634341,City of Westminster
Gusty winds and rain,39,7,44,66,41,71,2023-03-12,67,Chance of precipitation,1005,9,48,21:00,1,Good,12,Light Rain,Gusty winds from the west south west,WSW,WSW,West South Westerly,17,11,2023-03-02T00:47:20+00:00,2023-03-02T00:47:20.32Z,2634341,City of Westminster
Gusty winds and light rain showers,9,5,41,68,42,79,2023-03-12,51,Chance of precipitation,1005,7,45,22:00,1,Good,9,Light Rain Showers,Gusty winds from the west south west,WSW,WSW,West South Westerly,17,11,2023-03-02T00:47:20+00:00,2023-03-02T00:47:20.32Z,2634341,City of Westminster
Gusty winds and light rain showers,9,4,40,69,43,82,2023-03-12,51,Chance of precipitation,1005,7,45,23:00,1,Good,9,Light Rain Showers,Gusty winds from the west south west,WSW,WSW,West South Westerly,17,11,2023-03-02T00:47:20+00:00,2023-03-02T00:47:20.32Z,2634341,City of Westminster
Gusty winds and rain,39,5,41,65,41,81,2023-03-13,27,Low chance of precipitation,1005,7,45,00:00,1,Good,12,Light Rain,Gusty winds from the west south west,WSW,WSW,West South Westerly,18,11,2023-03-02T00:47:20+00:00,2023-03-02T00:47:20.32Z,2634341,City of Westminster
Light rain and a gentle breeze,39,4,39,62,38,86,2023-03-13,44,Chance of precipitation,1006,7,44,01:00,1,Moderate,12,Light Rain,A gentle breeze from the west south west,WSW,WSW,West South Westerly,17,11,2023-03-02T00:47:20+00:00,2023-03-02T00:47:20.32Z,2634341,City of Westminster
Light rain and a gentle breeze,39,5,41,58,36,85,2023-03-13,27,Low chance of precipitation,1006,7,45,02:00,1,Good,12,Light Rain,A gentle breeze from the west,W,W,Westerly,15,9,2023-03-02T00:47:20+00:00,2023-03-02T00:47:20.32Z,2634341,City of Westminster
Light rain and a gentle breeze,39,4,40,59,37,88,2023-03-13,36,Chance of precipitation,1006,7,44,03:00,1,Good,12,Light Rain,A gentle breeze from the west,W,W,Westerly,15,9,2023-03-02T00:47:20+00:00,2023-03-02T00:47:20.32Z,2634341,City of Westminster
Light rain and a gentle breeze,39,5,40,59,37,85,2023-03-13,20,Low chance of precipitation,1007,7,45,04:00,1,Good,12,Light Rain,A gentle breeze from the west,W,W,Westerly,15,9,2023-03-02T00:47:20+00:00,2023-03-02T00:47:20.32Z,2634341,City of Westminster
Light rain and a gentle breeze,39,5,40,60,38,85,2023-03-13,20,Low chance of precipitation,1007,7,45,05:00,1,Good,12,Light Rain,A gentle breeze from the west,W,W,Westerly,15,9,2023-03-02T00:47:20+00:00,2023-03-02T00:47:20.32Z,2634341,City of Westminster
Light rain and a gentle breeze,39,4,39,59,37,86,2023-03-13,17,Low chance of precipitation,1007,7,44,06:00,1,Good,12,Light Rain,A gentle breeze from the west,W,W,Westerly,17,10,2023-03-02T00:47:20+00:00,2023-03-02T00:47:20.32Z,2634341,City of Westminster
Light rain and a gentle breeze,12,4,39,57,36,88,2023-03-13,34,Chance of precipitation,1008,7,44,07:00,1,Good,12,Light Rain,A gentle breeze from the west,W,W,Westerly,16,10,2023-03-02T00:47:20+00:00,2023-03-02T00:47:20.32Z,2634341,City of Westminster
Light rain and a gentle breeze,12,4,40,56,35,88,2023-03-13,34,Chance of precipitation,1008,7,44,08:00,1,Good,12,Light Rain,A gentle breeze from the west,W,W,Westerly,17,11,2023-03-02T00:47:20+00:00,2023-03-02T00:47:20.32Z,2634341,City of Westminster
Light rain and a gentle breeze,12,5,41,50,31,84,2023-03-13,18,Low chance of precipitation,1009,8,46,09:00,1,Good,12,Light Rain,A gentle breeze from the west,W,W,Westerly,18,11,2023-03-02T00:47:20+00:00,2023-03-02T00:47:20.32Z,2634341,City of Westminster
Light rain and a gentle breeze,12,6,43,44,28,81,2023-03-13,18,Low chance of precipitation,1010,8,47,10:00,1,Good,12,Light Rain,A gentle breeze from the west,W,W,Westerly,18,11,2023-03-02T00:47:20+00:00,2023-03-02T00:47:20.32Z,2634341,City of Westminster
Light rain and a gentle breeze,12,7,44,39,24,81,2023-03-13,34,Chance of precipitation,1010,9,48,11:00,1,Good,12,Light Rain,A gentle breeze from the west,W,W,Westerly,18,11,2023-03-02T00:47:20+00:00,2023-03-02T00:47:20.32Z,2634341,City of Westminster
Thick cloud and a gentle breeze,8,7,45,37,23,77,2023-03-13,28,Low chance of precipitation,1011,9,49,12:00,1,Good,8,Thick Cloud,A gentle breeze from the west north west,WNW,WNW,West North Westerly,19,12,2023-03-02T00:47:20+00:00,2023-03-02T00:47:20.32Z,2634341,City of Westminster
Drizzle and a gentle breeze,11,8,46,35,22,78,2023-03-13,38,Chance of precipitation,1011,10,50,13:00,1,Good,11,Drizzle,A gentle breeze from the west,W,W,Westerly,19,12,2023-03-02T00:47:20+00:00,2023-03-02T00:47:20.32Z,2634341,City of Westminster
Drizzle and a gentle breeze,11,9,47,33,21,77,2023-03-13,38,Chance of precipitation,1010,10,50,14:00,1,Good,11,Drizzle,A gentle breeze from the west,W,W,Westerly,18,11,2023-03-02T00:47:20+00:00,2023-03-02T00:47:20.32Z,2634341,City of Westminster
Drizzle and a gentle breeze,11,9,47,36,22,71,2023-03-13,45,Chance of precipitation,1010,10,51,15:00,1,Good,11,Drizzle,A gentle breeze from the west,W,W,Westerly,19,12,2023-03-02T00:47:20+00:00,2023-03-02T00:47:20.32Z,2634341,City of Westminster
Drizzle and a gentle breeze,11,8,47,38,24,71,2023-03-13,45,Chance of precipitation,1010,10,50,16:00,1,Good,11,Drizzle,A gentle breeze from the west,W,W,Westerly,18,11,2023-03-02T00:47:20+00:00,2023-03-02T00:47:20.32Z,2634341,City of Westminster
Light rain and a gentle breeze,12,8,47,41,25,73,2023-03-13,55,Chance of precipitation,1010,10,50,17:00,1,Good,12,Light Rain,A gentle breeze from the west,W,W,Westerly,18,11,2023-03-02T00:47:20+00:00,2023-03-02T00:47:20.32Z,2634341,City of Westminster
Light rain and a gentle breeze,12,8,46,44,28,74,2023-03-13,50,Chance of precipitation,1010,10,49,18:00,1,Good,12,Light Rain,A gentle breeze from the west,W,W,Westerly,18,11,2023-03-02T00:47:20+00:00,2023-03-02T00:47:20.32Z,2634341,City of Westminster
Light rain and a gentle breeze,39,8,46,48,30,76,2023-03-13,50,Chance of precipitation,1009,9,49,19:00,1,Good,12,Light Rain,A gentle breeze from the west south west,WSW,WSW,West South Westerly,17,10,2023-03-02T00:47:20+00:00,2023-03-02T00:47:20.32Z,2634341,City of Westminster
Light rain and a gentle breeze,39,7,44,52,32,78,2023-03-13,50,Chance of precipitation,1009,9,48,20:00,1,Good,12,Light Rain,A gentle breeze from the south west,SW,SW,South Westerly,17,10,2023-03-02T00:47:20+00:00,2023-03-02T00:47:20.32Z,2634341,City of Westminster
Thick cloud and a gentle breeze,37,6,43,56,35,78,2023-03-13,18,Low chance of precipitation,1009,8,47,21:00,1,Good,8,Thick Cloud,A gentle breeze from the south west,SW,SW,South Westerly,16,10,2023-03-02T00:47:20+00:00,2023-03-02T00:47:20.32Z,2634341,City of Westminster
Thick cloud and a gentle breeze,37,6,43,60,37,80,2023-03-13,18,Low chance of precipitation,1009,8,46,22:00,1,Good,8,Thick Cloud,A gentle breeze from the west south west,WSW,WSW,West South Westerly,16,10,2023-03-02T00:47:20+00:00,2023-03-02T00:47:20.32Z,2634341,City of Westminster
Gusty winds and thick cloud,37,5,42,64,40,81,2023-03-13,18,Low chance of precipitation,1009,8,46,23:00,1,Good,8,Thick Cloud,Gusty winds from the west south west,WSW,WSW,West South Westerly,15,9,2023-03-02T00:47:20+00:00,2023-03-02T00:47:20.32Z,2634341,City of Westminster
Light cloud and a gentle breeze,36,5,41,63,39,84,2023-03-14,24,Low chance of precipitation,1009,7,45,00:00,1,Good,7,Light Cloud,A gentle breeze from the west,W,W,Westerly,17,11,2023-03-02T00:47:20+00:00,2023-03-02T00:47:20.32Z,2634341,City of Westminster
Partly cloudy and a gentle breeze,2,4,40,62,38,86,2023-03-14,24,Low chance of precipitation,1009,7,44,01:00,1,Good,2,Partly Cloudy,A gentle breeze from the west,W,W,Westerly,16,10,2023-03-02T00:47:20+00:00,2023-03-02T00:47:20.32Z,2634341,City of Westminster
Partly cloudy and a gentle breeze,2,5,40,60,38,88,2023-03-14,24,Low chance of precipitation,1009,7,44,02:00,1,Good,2,Partly Cloudy,A gentle breeze from the west,W,W,Westerly,15,9,2023-03-02T00:47:20+00:00,2023-03-02T00:47:20.32Z,2634341,City of Westminster
A clear sky and a gentle breeze,0,4,39,61,38,88,2023-03-14,17,Low chance of precipitation,1009,7,44,03:00,1,Good,0,Clear Sky,A gentle breeze from the west,W,W,Westerly,15,9,2023-03-02T00:47:20+00:00,2023-03-02T00:47:20.32Z,2634341,City of Westminster
A clear sky and a gentle breeze,0,4,39,61,38,88,2023-03-14,17,Low chance of precipitation,1010,7,44,04:00,1,Good,0,Clear Sky,A gentle breeze from the west,W,W,Westerly,15,10,2023-03-02T00:47:20+00:00,2023-03-02T00:47:20.32Z,2634341,City of Westminster
Partly cloudy and a gentle breeze,2,4,39,61,38,86,2023-03-14,0,Precipitation is not expected,1010,7,44,05:00,1,Good,2,Partly Cloudy,A gentle breeze from the west,W,W,Westerly,17,10,2023-03-02T00:47:20+00:00,2023-03-02T00:47:20.32Z,2634341,City of Westminster
Drizzle and a gentle breeze,38,4,39,63,39,87,2023-03-14,39,Chance of precipitation,1010,7,44,06:00,1,Good,11,Drizzle,A gentle breeze from the west,W,W,Westerly,17,11,2023-03-02T00:47:20+00:00,2023-03-02T00:47:20.32Z,2634341,City of Westminster
Gusty winds and drizzle,11,4,39,64,40,88,2023-03-14,39,Chance of precipitation,1010,7,44,07:00,1,Good,11,Drizzle,Gusty winds from the west south west,WSW,WSW,West South Westerly,17,11,2023-03-02T00:47:20+00:00,2023-03-02T00:47:20.32Z,2634341,City of Westminster
Gusty winds and drizzle,11,4,40,66,41,87,2023-03-14,39,Chance of precipitation,1010,7,45,08:00,1,Good,11,Drizzle,Gusty winds from the west south west,WSW,WSW,West South Westerly,18,11,2023-03-02T00:47:20+00:00,2023-03-02T00:47:20.32Z,2634341,City of Westminster
Gusty winds and light rain showers,10,5,41,64,40,85,2023-03-14,35,Chance of precipitation,1010,8,46,09:00,1,Good,10,Light Rain Showers,Gusty winds from the west south west,WSW,WSW,West South Westerly,20,12,2023-03-02T00:47:20+00:00,2023-03-02T00:47:20.32Z,2634341,City of Westminster
Light rain showers and a gentle breeze,10,6,43,62,38,81,2023-03-14,35,Chance of precipitation,1011,9,47,10:00,1,Good,10,Light Rain Showers,A gentle breeze from the west,W,W,Westerly,20,12,2023-03-02T00:47:20+00:00,2023-03-02T00:47:20.32Z,2634341,City of Westminster
Light rain showers and a moderate breeze,10,7,45,60,37,78,2023-03-14,35,Chance of precipitation,1011,9,49,11:00,1,Good,10,Light Rain Showers,A moderate breeze from the west,W,W,Westerly,21,13,2023-03-02T00:47:20+00:00,2023-03-02T00:47:20.32Z,2634341,City of Westminster
Light rain showers and a moderate breeze,10,8,46,58,36,75,2023-03-14,36,Chance of precipitation,1011,10,50,12:00,1,Good,10,Light Rain Showers,A moderate breeze from the west,W,W,Westerly,22,14,2023-03-02T00:47:20+00:00,2023-03-02T00:47:20.32Z,2634341,City of Westminster
Light rain showers and a moderate breeze,10,8,46,56,35,76,2023-03-14,36,Chance of precipitation,1011,10,50,13:00,1,Good,10,Light Rain Showers,A moderate breeze from the west south west,WSW,WSW,West South Westerly,22,13,2023-03-02T00:47:20+00:00,2023-03-02T00:47:20.32Z,2634341,City of Westminster
Light rain showers and a moderate breeze,10,9,48,54,34,72,2023-03-14,52,Chance of precipitation,1011,11,51,14:00,1,Good,10,Light Rain Showers,A moderate breeze from the west,W,W,Westerly,21,13,2023-03-02T00:47:20+00:00,2023-03-02T00:47:20.32Z,2634341,City of Westminster
Light rain showers and a moderate breeze,10,9,48,54,34,70,2023-03-14,44,Chance of precipitation,1011,11,51,15:00,1,Moderate,10,Light Rain Showers,A moderate breeze from the west south west,WSW,WSW,West South Westerly,20,13,2023-03-02T00:47:20+00:00,2023-03-02T00:47:20.32Z,2634341,City of Westminster
Light rain showers and a gentle breeze,10,9,48,54,34,69,2023-03-14,60,Chance of precipitation,1011,11,51,16:00,1,Good,10,Light Rain Showers,A gentle breeze from the west north west,WNW,WNW,West North Westerly,20,12,2023-03-02T00:47:20+00:00,2023-03-02T00:47:20.32Z,2634341,City of Westminster
Light rain showers and a gentle breeze,10,8,47,54,34,71,2023-03-14,44,Chance of precipitation,1011,10,50,17:00,1,Moderate,10,Light Rain Showers,A gentle breeze from the west south west,WSW,WSW,West South Westerly,18,11,2023-03-02T00:47:20+00:00,2023-03-02T00:47:20.32Z,2634341,City of Westminster
Light rain and a gentle breeze,12,8,46,53,33,72,2023-03-14,64,Chance of precipitation,1011,10,50,18:00,1,Good,12,Light Rain,A gentle breeze from the west,W,W,Westerly,17,11,2023-03-02T00:47:20+00:00,2023-03-02T00:47:20.32Z,2634341,City of Westminster
Light rain and a gentle breeze,39,8,46,52,32,73,2023-03-14,64,Chance of precipitation,1011,9,49,19:00,1,Good,12,Light Rain,A gentle breeze from the west south west,WSW,WSW,West South Westerly,15,9,2023-03-02T00:47:20+00:00,2023-03-02T00:47:20.32Z,2634341,City of Westminster
Light rain and a gentle breeze,39,7,44,51,31,74,2023-03-14,64,Chance of precipitation,1011,9,48,20:00,1,Good,12,Light Rain,A gentle breeze from the west south west,WSW,WSW,West South Westerly,15,9,2023-03-02T00:47:20+00:00,2023-03-02T00:47:20.32Z,2634341,City of Westminster
Light rain and a gentle breeze,39,6,43,52,33,75,2023-03-14,64,Chance of precipitation,1011,8,47,21:00,1,Good,12,Light Rain,A gentle breeze from the south west,SW,SW,South Westerly,14,9,2023-03-02T00:47:20+00:00,2023-03-02T00:47:20.32Z,2634341,City of Westminster
Light rain and a gentle breeze,39,6,43,54,34,76,2023-03-14,63,Chance of precipitation,1011,8,46,22:00,1,Good,12,Light Rain,A gentle breeze from the west south west,WSW,WSW,West South Westerly,14,9,2023-03-02T00:47:20+00:00,2023-03-02T00:47:20.32Z,2634341,City of Westminster
Light rain and a gentle breeze,39,5,41,56,35,80,2023-03-14,64,Chance of precipitation,1012,7,45,23:00,1,Good,12,Light Rain,A gentle breeze from the west south west,WSW,WSW,West South Westerly,13,8,2023-03-02T00:47:20+00:00,2023-03-02T00:47:20.32Z,2634341,City of Westminster
Light rain and a gentle breeze,39,4,39,57,35,82,2023-03-15,61,Chance of precipitation,1012,7,44,00:00,1,Good,12,Light Rain,A gentle breeze from the west south west,WSW,WSW,West South Westerly,14,9,2023-03-02T00:47:20+00:00,2023-03-02T00:47:20.32Z,2634341,City of Westminster
Light rain and a gentle breeze,39,4,39,57,35,86,2023-03-15,61,Chance of precipitation,1012,6,43,01:00,1,Good,12,Light Rain,A gentle breeze from the west south west,WSW,WSW,West South Westerly,13,8,2023-03-02T00:47:20+00:00,2023-03-02T00:47:20.32Z,2634341,City of Westminster
Light rain and a gentle breeze,39,4,39,58,36,88,2023-03-15,61,Chance of precipitation,1012,6,43,02:00,1,Good,12,Light Rain,A gentle breeze from the west south west,WSW,WSW,West South Westerly,13,8,2023-03-02T00:47:20+00:00,2023-03-02T00:47:20.32Z,2634341,City of Westminster
Drizzle and a gentle breeze,38,4,39,58,36,88,2023-03-15,46,Chance of precipitation,1012,6,43,03:00,1,Good,11,Drizzle,A gentle breeze from the west south west,WSW,WSW,West South Westerly,13,8,2023-03-02T00:47:20+00:00,2023-03-02T00:47:20.32Z,2634341,City of Westminster
Drizzle and a gentle breeze,38,4,39,58,36,88,2023-03-15,46,Chance of precipitation,1012,6,43,04:00,1,Good,11,Drizzle,A gentle breeze from the west south west,WSW,WSW,West South Westerly,14,9,2023-03-02T00:47:20+00:00,2023-03-02T00:47:20.32Z,2634341,City of Westminster
Drizzle and a gentle breeze,38,4,39,58,36,87,2023-03-15,46,Chance of precipitation,1012,6,43,05:00,1,Good,11,Drizzle,A gentle breeze from the west south west,WSW,WSW,West South Westerly,15,9,2023-03-02T00:47:20+00:00,2023-03-02T00:47:20.32Z,2634341,City of Westminster
