enhancedWeatherDescription,extendedWeatherType,feelsLikeTemperatureC,feelsLikeTemperatureF,gustSpeedKph,gustSpeedMph,humidity,localDate,precipitationProbabilityInPercent,precipitationProbabilityText,pressure,temperatureC,temperatureF,timeslot,timeslotLength,visibility,weatherType,weatherTypeText,windDescription,windDirection,windDirectionAbbreviation,windDirectionFull,windSpeedKph,windSpeedMph,issueDate,lastUpdated,location_id,location_name
Light cloud and a gentle breeze,7,13,55,35,22,89,2024-10-28,0,Precipitation is not expected,1022,13,55,09:00,1,Good,7,Light Cloud,A gentle breeze from the south west,SW,SW,South Westerly,14,9,2024-10-27T21:51:00+00:00,2024-10-28T08:01:42.275Z,2643743,Greater London
Light cloud and a gentle breeze,7,14,58,36,22,86,2024-10-28,0,Precipitation is not expected,1022,14,57,10:00,1,Good,7,Light Cloud,A gentle breeze from the west south west,WSW,WSW,West South Westerly,17,11,2024-10-27T21:51:00+00:00,2024-10-28T08:01:42.275Z,2643743,Greater London
Thick cloud and a gentle breeze,8,16,61,36,23,82,2024-10-28,0,Precipitation is not expected,1022,15,59,11:00,1,Good,8,Thick Cloud,A gentle breeze from the west south west,WSW,WSW,West South Westerly,17,10,2024-10-27T21:51:00+00:00,2024-10-28T08:01:42.275Z,2643743,Greater London
Thick cloud and a gentle breeze,8,17,63,36,22,80,2024-10-28,0,Precipitation is not expected,1022,16,61,12:00,1,Good,8,Thick Cloud,A gentle breeze from the south west,SW,SW,South Westerly,17,11,2024-10-27T21:51:00+00:00,2024-10-28T08:01:42.275Z,2643743,Greater London
Light cloud and a gentle breeze,7,17,63,36,22,80,2024-10-28,22,Low chance of precipitation,1022,16,61,13:00,1,Good,7,Light Cloud,A gentle breeze from the south west,SW,SW,South Westerly,20,12,2024-10-27T21:51:00+00:00,2024-10-28T08:01:42.275Z,2643743,Greater London
Thick cloud and a gentle breeze,8,17,62,34,21,82,2024-10-28,29,Low chance of precipitation,1022,16,61,14:00,1,Good,8,Thick Cloud,A gentle breeze from the south west,SW,SW,South Westerly,17,11,2024-10-27T21:51:00+00:00,2024-10-28T08:01:42.275Z,2643743,Greater London
Thick cloud and a gentle breeze,8,17,62,33,21,83,2024-10-28,20,Low chance of precipitation,1021,16,60,15:00,1,Good,8,Thick Cloud,A gentle breeze from the south west,SW,SW,South Westerly,16,10,2024-10-27T21:51:00+00:00,2024-10-28T08:01:42.275Z,2643743,Greater London
Light cloud and a gentle breeze,7,17,62,32,20,84,2024-10-28,0,Precipitation is not expected,1022,15,60,16:00,1,Good,7,Light Cloud,A gentle breeze from the south west,SW,SW,South Westerly,15,9,2024-10-27T21:51:00+00:00,2024-10-28T08:01:42.275Z,2643743,Greater London
Thick cloud and a gentle breeze,37,16,61,31,19,87,2024-10-28,23,Low chance of precipitation,1022,15,59,17:00,1,Good,8,Thick Cloud,A gentle breeze from the south west,SW,SW,South Westerly,14,9,2024-10-27T21:51:00+00:00,2024-10-28T08:01:42.275Z,2643743,Greater London
Drizzle and a gentle breeze,38,16,60,30,19,89,2024-10-28,34,Chance of precipitation,1022,15,59,18:00,1,Good,11,Drizzle,A gentle breeze from the south west,SW,SW,South Westerly,14,9,2024-10-27T21:51:00+00:00,2024-10-28T08:01:42.275Z,2643743,Greater London
Drizzle and a gentle breeze,38,16,60,29,18,91,2024-10-28,36,Chance of precipitation,1023,15,59,19:00,1,Good,11,Drizzle,A gentle breeze from the south west,SW,SW,South Westerly,13,8,2024-10-27T21:51:00+00:00,2024-10-28T08:01:42.275Z,2643743,Greater London
Drizzle and a gentle breeze,38,16,60,28,18,93,2024-10-28,38,Chance of precipitation,1023,15,58,20:00,1,Good,11,Drizzle,A gentle breeze from the south west,SW,SW,South Westerly,13,8,2024-10-27T21:51:00+00:00,2024-10-28T08:01:42.275Z,2643743,Greater London
Drizzle and light winds,38,16,60,25,16,93,2024-10-28,31,Chance of precipitation,1023,15,58,21:00,1,Good,11,Drizzle,Light winds from the south west,SW,SW,South Westerly,12,7,2024-10-27T21:51:00+00:00,2024-10-28T08:01:42.275Z,2643743,Greater London
Drizzle and light winds,38,16,60,22,14,95,2024-10-28,42,Chance of precipitation,1023,15,58,22:00,1,Good,11,Drizzle,Light winds from the south west,SW,SW,South Westerly,10,6,2024-10-27T21:51:00+00:00,2024-10-28T08:01:42.275Z,2643743,Greater London
Drizzle and light winds,38,16,60,20,12,96,2024-10-28,33,Chance of precipitation,1023,14,58,23:00,1,Moderate,11,Drizzle,Light winds from the south west,SW,SW,South Westerly,9,6,2024-10-27T21:51:00+00:00,2024-10-28T08:01:42.275Z,2643743,Greater London
Thick cloud and light winds,37,15,60,23,15,96,2024-10-29,0,Precipitation is not expected,1023,14,58,00:00,1,Moderate,8,Thick Cloud,Light winds from the south west,SW,SW,South Westerly,8,5,2024-10-27T21:51:00+00:00,2024-10-28T08:01:42.275Z,2643743,Greater London
Light cloud and light winds,36,15,59,16,10,96,2024-10-29,0,Precipitation is not expected,1023,14,57,01:00,1,Moderate,7,Light Cloud,Light winds from the south west,SW,SW,South Westerly,9,6,2024-10-27T21:51:00+00:00,2024-10-28T08:01:42.275Z,2643743,Greater London
Light cloud and light winds,36,15,59,14,9,96,2024-10-29,0,Precipitation is not expected,1023,14,57,02:00,1,Moderate,7,Light Cloud,Light winds from the west south west,WSW,WSW,West South Westerly,7,4,2024-10-27T21:51:00+00:00,2024-10-28T08:01:42.275Z,2643743,Greater London
Light cloud and light winds,36,15,59,14,9,96,2024-10-29,0,Precipitation is not expected,1023,14,57,03:00,1,Moderate,7,Light Cloud,Light winds from the west south west,WSW,WSW,West South Westerly,5,3,2024-10-27T21:51:00+00:00,2024-10-28T08:01:42.275Z,2643743,Greater London
Light cloud and light winds,36,15,58,15,9,95,2024-10-29,0,Precipitation is not expected,1023,13,56,04:00,1,Moderate,7,Light Cloud,Light winds from the west south west,WSW,WSW,West South Westerly,5,3,2024-10-27T21:51:00+00:00,2024-10-28T08:01:42.275Z,2643743,Greater London
Light cloud and light winds,36,15,58,13,8,95,2024-10-29,0,Precipitation is not expected,1023,13,56,05:00,1,Moderate,7,Light Cloud,Light winds from the west south west,WSW,WSW,West South Westerly,6,4,2024-10-27T21:51:00+00:00,2024-10-28T08:01:42.275Z,2643743,Greater London
Light cloud and light winds,36,14,58,13,8,94,2024-10-29,0,Precipitation is not expected,1023,13,56,06:00,1,Moderate,7,Light Cloud,Light winds from the west south west,WSW,WSW,West South Westerly,5,3,2024-10-27T21:51:00+00:00,2024-10-28T08:01:42.275Z,2643743,Greater London
Light cloud and light winds,7,14,57,14,9,95,2024-10-29,0,Precipitation is not expected,1023,13,55,07:00,1,Moderate,7,Light Cloud,Light winds from the west,W,W,Westerly,5,3,2024-10-27T21:51:00+00:00,2024-10-28T08:01:42.275Z,2643743,Greater London
Light cloud and light winds,7,14,57,14,9,95,2024-10-29,0,Precipitation is not expected,1024,13,56,08:00,1,Moderate,7,Light Cloud,Light winds from the west,W,W,Westerly,5,3,2024-10-27T21:51:00+00:00,2024-10-28T08:01:42.275Z,2643743,Greater London
Light cloud and light winds,7,15,58,15,9,93,2024-10-29,0,Precipitation is not expected,1024,13,56,09:00,1,Good,7,Light Cloud,Light winds from the west,W,W,Westerly,6,4,2024-10-27T21:51:00+00:00,2024-10-28T08:01:42.275Z,2643743,Greater London
Light cloud and light winds,7,15,60,17,10,88,2024-10-29,0,Precipitation is not expected,1024,14,58,10:00,1,Good,7,Light Cloud,Light winds from the west,W,W,Westerly,6,4,2024-10-27T21:51:00+00:00,2024-10-28T08:01:42.275Z,2643743,Greater London
Light cloud and light winds,7,16,61,17,10,84,2024-10-29,0,Precipitation is not expected,1024,15,59,11:00,1,Good,7,Light Cloud,Light winds from the west north west,WNW,WNW,West North Westerly,7,4,2024-10-27T21:51:00+00:00,2024-10-28T08:01:42.275Z,2643743,Greater London
Light cloud and light winds,7,17,62,17,11,80,2024-10-29,0,Precipitation is not expected,1024,16,60,12:00,1,Good,7,Light Cloud,Light winds from the west north west,WNW,WNW,West North Westerly,8,5,2024-10-27T21:51:00+00:00,2024-10-28T08:01:42.275Z,2643743,Greater London
Sunny intervals and light winds,3,17,63,19,12,77,2024-10-29,0,Precipitation is not expected,1024,16,61,13:00,1,Good,3,Sunny Intervals,Light winds from the west,W,W,Westerly,10,6,2024-10-27T21:51:00+00:00,2024-10-28T08:01:42.275Z,2643743,Greater London
Sunny intervals and light winds,3,17,63,18,11,75,2024-10-29,0,Precipitation is not expected,1024,16,61,14:00,1,Good,3,Sunny Intervals,Light winds from the west north west,WNW,WNW,West North Westerly,8,5,2024-10-27T21:51:00+00:00,2024-10-28T08:01:42.275Z,2643743,Greater London
Light cloud and light winds,7,17,63,17,10,74,2024-10-29,0,Precipitation is not expected,1024,16,61,15:00,1,Good,7,Light Cloud,Light winds from the west north west,WNW,WNW,West North Westerly,8,5,2024-10-27T21:51:00+00:00,2024-10-28T08:01:42.275Z,2643743,Greater London
Light cloud and light winds,7,17,62,11,7,77,2024-10-29,0,Precipitation is not expected,1024,15,60,16:00,1,Good,7,Light Cloud,Light winds from the north west,NW,NW,North Westerly,7,5,2024-10-27T21:51:00+00:00,2024-10-28T08:01:42.275Z,2643743,Greater London
Partly cloudy and light winds,2,15,60,9,6,81,2024-10-29,0,Precipitation is not expected,1025,15,58,17:00,1,Good,2,Partly Cloudy,Light winds from the west north west,WNW,WNW,West North Westerly,5,3,2024-10-27T21:51:00+00:00,2024-10-28T08:01:42.275Z,2643743,Greater London
Partly cloudy and light winds,2,15,58,9,6,85,2024-10-29,0,Precipitation is not expected,1025,14,57,18:00,1,Good,2,Partly Cloudy,Light winds from the west north west,WNW,WNW,West North Westerly,4,2,2024-10-27T21:51:00+00:00,2024-10-28T08:01:42.275Z,2643743,Greater London
Partly cloudy and light winds,2,14,58,9,6,88,2024-10-29,0,Precipitation is not expected,1025,13,56,19:00,1,Good,2,Partly Cloudy,Light winds from the west north west,WNW,WNW,West North Westerly,4,2,2024-10-27T21:51:00+00:00,2024-10-28T08:01:42.275Z,2643743,Greater London
Partly cloudy and light winds,2,14,57,9,5,89,2024-10-29,0,Precipitation is not expected,1025,13,56,20:00,1,Good,2,Partly Cloudy,Light winds from the north west,NW,NW,North Westerly,4,2,2024-10-27T21:51:00+00:00,2024-10-28T08:01:42.275Z,2643743,Greater London
Partly cloudy and light winds,2,14,57,9,6,89,2024-10-29,0,Precipitation is not expected,1026,13,55,21:00,1,Good,2,Partly Cloudy,Light winds from the north west,NW,NW,North Westerly,4,2,2024-10-27T21:51:00+00:00,2024-10-28T08:01:42.275Z,2643743,Greater London
Partly cloudy and light winds,2,13,56,10,6,91,2024-10-29,0,Precipitation is not expected,1026,13,55,22:00,1,Good,2,Partly Cloudy,Light winds from the north west,NW,NW,North Westerly,4,2,2024-10-27T21:51:00+00:00,2024-10-28T08:01:42.275Z,2643743,Greater London
Partly cloudy and light winds,2,13,55,9,6,92,2024-10-29,0,Precipitation is not expected,1026,12,54,23:00,1,Good,2,Partly Cloudy,Light winds from the north north west,NNW,NNW,North North Westerly,4,2,2024-10-27T21:51:00+00:00,2024-10-28T08:01:42.275Z,2643743,Greater London
Partly cloudy and light winds,2,12,54,8,5,93,2024-10-30,0,Precipitation is not expected,1026,12,53,00:00,1,Moderate,2,Partly Cloudy,Light winds from the north north west,NNW,NNW,North North Westerly,4,2,2024-10-27T21:51:00+00:00,2024-10-28T08:01:42.275Z,2643743,Greater London
Partly cloudy and light winds,2,12,53,7,5,94,2024-10-30,0,Precipitation is not expected,1026,11,52,01:00,1,Good,2,Partly Cloudy,Light winds from the north west,NW,NW,North Westerly,5,3,2024-10-27T21:51:00+00:00,2024-10-28T08:01:42.275Z,2643743,Greater London
Partly cloudy and light winds,2,11,53,7,5,94,2024-10-30,0,Precipitation is not expected,1026,11,52,02:00,1,Moderate,2,Partly Cloudy,Light winds from the north north west,NNW,NNW,North North Westerly,3,2,2024-10-27T21:51:00+00:00,2024-10-28T08:01:42.275Z,2643743,Greater London
Light cloud and light winds,36,11,52,7,4,94,2024-10-30,0,Precipitation is not expected,1026,11,51,03:00,1,Moderate,7,Light Cloud,Light winds from the north north west,NNW,NNW,North North Westerly,3,2,2024-10-27T21:51:00+00:00,2024-10-28T08:01:42.275Z,2643743,Greater London
Light cloud and light winds,36,11,52,7,4,94,2024-10-30,0,Precipitation is not expected,1026,11,51,04:00,1,Moderate,7,Light Cloud,Light winds from the north,N,N,Northerly,3,2,2024-10-27T21:51:00+00:00,2024-10-28T08:01:42.275Z,2643743,Greater London
Misty and light winds,34,11,52,5,3,95,2024-10-30,0,Precipitation is not expected,1026,11,51,05:00,1,Moderate,5,Mist,Light winds from the north north west,NNW,NNW,North North Westerly,3,2,2024-10-27T21:51:00+00:00,2024-10-28T08:01:42.275Z,2643743,Greater London
Partly cloudy and light winds,2,11,51,6,4,94,2024-10-30,0,Precipitation is not expected,1026,10,51,06:00,1,Moderate,2,Partly Cloudy,Light winds from the north north west,NNW,NNW,North North Westerly,2,1,2024-10-27T21:51:00+00:00,2024-10-28T08:01:42.275Z,2643743,Greater London
Misty and light winds,5,11,51,6,4,96,2024-10-30,0,Precipitation is not expected,1027,10,50,07:00,1,Moderate,5,Mist,Light winds from the north north west,NNW,NNW,North North Westerly,2,1,2024-10-27T21:51:00+00:00,2024-10-28T08:01:42.275Z,2643743,Greater London
Sunny intervals and light winds,3,11,52,6,4,96,2024-10-30,0,Precipitation is not expected,1027,11,51,08:00,1,Moderate,3,Sunny Intervals,Light winds from the north,N,N,Northerly,3,2,2024-10-27T21:51:00+00:00,2024-10-28T08:01:42.275Z,2643743,Greater London
Misty and light winds,5,12,53,7,4,93,2024-10-30,0,Precipitation is not expected,1027,11,52,09:00,1,Moderate,5,Mist,Light winds from the north,N,N,Northerly,2,1,2024-10-27T21:51:00+00:00,2024-10-28T08:01:42.275Z,2643743,Greater London
Sunny intervals and light winds,3,13,55,8,5,88,2024-10-30,0,Precipitation is not expected,1027,12,54,10:00,1,Good,3,Sunny Intervals,Light winds from the north north west,NNW,NNW,North North Westerly,3,2,2024-10-27T21:51:00+00:00,2024-10-28T08:01:42.275Z,2643743,Greater London
Sunny intervals and light winds,3,14,58,8,5,82,2024-10-30,0,Precipitation is not expected,1027,14,57,11:00,1,Good,3,Sunny Intervals,Light winds from the north,N,N,Northerly,3,2,2024-10-27T21:51:00+00:00,2024-10-28T08:01:42.275Z,2643743,Greater London
Sunny intervals and light winds,3,15,60,8,5,78,2024-10-30,0,Precipitation is not expected,1027,15,58,12:00,1,Good,3,Sunny Intervals,Light winds from the north,N,N,Northerly,4,2,2024-10-27T21:51:00+00:00,2024-10-28T08:01:42.275Z,2643743,Greater London
Sunny intervals and light winds,3,16,60,8,5,75,2024-10-30,0,Precipitation is not expected,1027,15,59,13:00,1,Good,3,Sunny Intervals,Light winds from the north north west,NNW,NNW,North North Westerly,7,4,2024-10-27T21:51:00+00:00,2024-10-28T08:01:42.275Z,2643743,Greater London
Sunny intervals and light winds,3,16,60,8,5,73,2024-10-30,0,Precipitation is not expected,1027,15,59,14:00,1,Good,3,Sunny Intervals,Light winds from the north,N,N,Northerly,5,3,2024-10-27T21:51:00+00:00,2024-10-28T08:01:42.275Z,2643743,Greater London
Sunny intervals and light winds,3,16,61,8,5,71,2024-10-30,0,Precipitation is not expected,1027,15,59,15:00,1,Good,3,Sunny Intervals,Light winds from the north,N,N,Northerly,5,3,2024-10-27T21:51:00+00:00,2024-10-28T08:01:42.275Z,2643743,Greater London
Sunny intervals and light winds,3,15,60,8,5,73,2024-10-30,0,Precipitation is not expected,1027,15,59,16:00,1,Good,3,Sunny Intervals,Light winds from the north north west,NNW,NNW,North North Westerly,4,3,2024-10-27T21:51:00+00:00,2024-10-28T08:01:42.275Z,2643743,Greater London
Partly cloudy and light winds,2,15,59,8,5,76,2024-10-30,0,Precipitation is not expected,1027,14,58,17:00,1,Good,2,Partly Cloudy,Light winds from the north,N,N,Northerly,4,2,2024-10-27T21:51:00+00:00,2024-10-28T08:01:42.275Z,2643743,Greater London
Partly cloudy and light winds,2,14,57,7,5,81,2024-10-30,0,Precipitation is not expected,1028,13,56,18:00,1,Good,2,Partly Cloudy,Light winds from the north north east,NNE,NNE,North North Easterly,3,2,2024-10-27T21:51:00+00:00,2024-10-28T08:01:42.275Z,2643743,Greater London
Partly cloudy and light winds,2,14,57,8,5,83,2024-10-30,0,Precipitation is not expected,1028,13,55,19:00,1,Good,2,Partly Cloudy,Light winds from the north,N,N,Northerly,3,2,2024-10-27T21:51:00+00:00,2024-10-28T08:01:42.275Z,2643743,Greater London
Partly cloudy and light winds,2,13,56,7,5,86,2024-10-30,0,Precipitation is not expected,1028,13,55,20:00,1,Good,2,Partly Cloudy,Light winds from the north,N,N,Northerly,3,2,2024-10-27T21:51:00+00:00,2024-10-28T08:01:42.275Z,2643743,Greater London
Partly cloudy and light winds,2,13,55,7,4,88,2024-10-30,0,Precipitation is not expected,1028,12,54,21:00,1,Good,2,Partly Cloudy,Light winds from the north,N,N,Northerly,3,2,2024-10-27T21:51:00+00:00,2024-10-28T08:01:42.275Z,2643743,Greater London
Partly cloudy and light winds,2,12,54,7,4,91,2024-10-30,0,Precipitation is not expected,1028,12,53,22:00,1,Good,2,Partly Cloudy,Light winds from the north,N,N,Northerly,3,2,2024-10-27T21:51:00+00:00,2024-10-28T08:01:42.275Z,2643743,Greater London
Partly cloudy and light winds,2,12,53,7,4,92,2024-10-30,0,Precipitation is not expected,1028,11,52,23:00,1,Good,2,Partly Cloudy,Light winds from the north,N,N,Northerly,3,2,2024-10-27T21:51:00+00:00,2024-10-28T08:01:42.275Z,2643743,Greater London
Partly cloudy and light winds,2,11,52,7,5,94,2024-10-31,0,Precipitation is not expected,1028,11,51,00:00,1,Moderate,2,Partly Cloudy,Light winds from the north north east,NNE,NNE,North North Easterly,3,2,2024-10-27T21:51:00+00:00,2024-10-28T08:01:42.275Z,2643743,Greater London
Partly cloudy and light winds,2,11,51,5,3,95,2024-10-31,0,Precipitation is not expected,1028,10,51,01:00,1,Moderate,2,Partly Cloudy,Light winds from the north north east,NNE,NNE,North North Easterly,4,3,2024-10-27T21:51:00+00:00,2024-10-28T08:01:42.275Z,2643743,Greater London
Misty and light winds,34,11,51,5,3,96,2024-10-31,0,Precipitation is not expected,1028,10,50,02:00,1,Poor,5,Mist,Light winds from the north north east,NNE,NNE,North North Easterly,2,1,2024-10-27T21:51:00+00:00,2024-10-28T08:01:42.275Z,2643743,Greater London
Misty and light winds,34,10,51,5,3,96,2024-10-31,0,Precipitation is not expected,1028,10,50,03:00,1,Poor,5,Mist,Light winds from the north north east,NNE,NNE,North North Easterly,2,1,2024-10-27T21:51:00+00:00,2024-10-28T08:01:42.275Z,2643743,Greater London
Misty and light winds,34,10,50,6,4,97,2024-10-31,0,Precipitation is not expected,1028,10,50,04:00,1,Poor,5,Mist,Light winds from the north east,NE,NE,North Easterly,2,1,2024-10-27T21:51:00+00:00,2024-10-28T08:01:42.275Z,2643743,Greater London
Misty and light winds,34,10,50,5,3,97,2024-10-31,0,Precipitation is not expected,1028,10,50,05:00,1,Poor,5,Mist,Light winds from the north north east,NNE,NNE,North North Easterly,3,2,2024-10-27T21:51:00+00:00,2024-10-28T08:01:42.275Z,2643743,Greater London
Foggy and light winds,35,10,50,5,3,97,2024-10-31,0,Precipitation is not expected,1028,10,50,06:00,1,Very Poor,6,Fog,Light winds from the north east,NE,NE,North Easterly,3,2,2024-10-27T21:51:00+00:00,2024-10-28T08:01:42.275Z,2643743,Greater London
Foggy and light winds,6,10,49,5,3,99,2024-10-31,0,Precipitation is not expected,1028,9,49,07:00,1,Very Poor,6,Fog,Light winds from the north,N,N,Northerly,2,1,2024-10-27T21:51:00+00:00,2024-10-28T08:01:42.275Z,2643743,Greater London
Foggy and light winds,6,10,50,4,2,99,2024-10-31,0,Precipitation is not expected,1028,10,50,08:00,1,Very Poor,6,Fog,Light winds from the north east,NE,NE,North Easterly,2,1,2024-10-27T21:51:00+00:00,2024-10-28T08:01:42.275Z,2643743,Greater London
Foggy and light winds,6,11,51,6,4,97,2024-10-31,0,Precipitation is not expected,1028,10,51,09:00,1,Very Poor,6,Fog,Light winds from the north east,NE,NE,North Easterly,2,1,2024-10-27T21:51:00+00:00,2024-10-28T08:01:42.275Z,2643743,Greater London
Light cloud and light winds,7,12,54,8,5,92,2024-10-31,0,Precipitation is not expected,1028,12,53,10:00,1,Moderate,7,Light Cloud,Light winds from the north north west,NNW,NNW,North North Westerly,3,2,2024-10-27T21:51:00+00:00,2024-10-28T08:01:42.275Z,2643743,Greater London
Light cloud and light winds,7,14,57,8,5,87,2024-10-31,0,Precipitation is not expected,1028,13,55,11:00,1,Good,7,Light Cloud,Light winds from the north north east,NNE,NNE,North North Easterly,3,2,2024-10-27T21:51:00+00:00,2024-10-28T08:01:42.275Z,2643743,Greater London
Light cloud and light winds,7,15,59,9,6,83,2024-10-31,0,Precipitation is not expected,1028,14,57,12:00,1,Good,7,Light Cloud,Light winds from the north north east,NNE,NNE,North North Easterly,4,2,2024-10-27T21:51:00+00:00,2024-10-28T08:01:42.275Z,2643743,Greater London
Sunny intervals and light winds,3,15,59,9,5,80,2024-10-31,0,Precipitation is not expected,1027,14,58,13:00,1,Good,3,Sunny Intervals,Light winds from the south,S,S,Southerly,7,4,2024-10-27T21:51:00+00:00,2024-10-28T08:01:42.275Z,2643743,Greater London
Sunny intervals and light winds,3,15,60,8,5,78,2024-10-31,0,Precipitation is not expected,1027,15,59,14:00,1,Good,3,Sunny Intervals,Light winds from the north west,NW,NW,North Westerly,5,3,2024-10-27T21:51:00+00:00,2024-10-28T08:01:42.275Z,2643743,Greater London
Sunny intervals and light winds,3,16,61,8,5,76,2024-10-31,0,Precipitation is not expected,1027,15,59,15:00,1,Good,3,Sunny Intervals,Light winds from the west,W,W,Westerly,6,4,2024-10-27T21:51:00+00:00,2024-10-28T08:01:42.275Z,2643743,Greater London
Sunny intervals and light winds,3,15,59,8,5,78,2024-10-31,0,Precipitation is not expected,1027,15,58,16:00,1,Good,3,Sunny Intervals,Light winds from the west north west,WNW,WNW,West North Westerly,5,3,2024-10-27T21:51:00+00:00,2024-10-28T08:01:42.275Z,2643743,Greater London
Partly cloudy and light winds,2,14,58,7,5,81,2024-10-31,0,Precipitation is not expected,1026,14,57,17:00,1,Good,2,Partly Cloudy,Light winds from the north west,NW,NW,North Westerly,4,3,2024-10-27T21:51:00+00:00,2024-10-28T08:01:42.275Z,2643743,Greater London
Partly cloudy and light winds,2,14,56,7,4,86,2024-10-31,0,Precipitation is not expected,1026,13,55,18:00,1,Good,2,Partly Cloudy,Light winds from the east,E,E,Easterly,4,2,2024-10-27T21:51:00+00:00,2024-10-28T08:01:42.275Z,2643743,Greater London
Partly cloudy and light winds,2,13,55,6,4,88,2024-10-31,0,Precipitation is not expected,1026,12,54,19:00,1,Good,2,Partly Cloudy,Light winds from the north north west,NNW,NNW,North North Westerly,4,2,2024-10-27T21:51:00+00:00,2024-10-28T08:01:42.275Z,2643743,Greater London
Partly cloudy and light winds,2,13,54,6,4,90,2024-10-31,0,Precipitation is not expected,1026,12,53,20:00,1,Good,2,Partly Cloudy,Light winds from the north north west,NNW,NNW,North North Westerly,4,2,2024-10-27T21:51:00+00:00,2024-10-28T08:01:42.275Z,2643743,Greater London
Partly cloudy and light winds,2,12,53,5,3,92,2024-10-31,0,Precipitation is not expected,1026,11,52,21:00,1,Good,2,Partly Cloudy,Light winds from the west north west,WNW,WNW,West North Westerly,3,2,2024-10-27T21:51:00+00:00,2024-10-28T08:01:42.275Z,2643743,Greater London
Partly cloudy and light winds,2,11,52,5,3,93,2024-10-31,0,Precipitation is not expected,1026,11,52,22:00,1,Moderate,2,Partly Cloudy,Light winds from the west,W,W,Westerly,3,2,2024-10-27T21:51:00+00:00,2024-10-28T08:01:42.275Z,2643743,Greater London
Light cloud and light winds,36,11,52,4,3,95,2024-10-31,0,Precipitation is not expected,1026,11,51,23:00,1,Moderate,7,Light Cloud,Light winds from the west,W,W,Westerly,3,2,2024-10-27T21:51:00+00:00,2024-10-28T08:01:42.275Z,2643743,Greater London
Misty and light winds,34,11,51,5,3,96,2024-11-01,0,Precipitation is not expected,1025,10,50,00:00,1,Poor,5,Mist,Light winds from the west north west,WNW,WNW,West North Westerly,3,2,2024-10-27T21:51:00+00:00,2024-10-28T08:01:42.275Z,2643743,Greater London
Misty and light winds,34,10,50,5,3,97,2024-11-01,0,Precipitation is not expected,1025,10,50,01:00,1,Poor,5,Mist,Light winds from the west south west,WSW,WSW,West South Westerly,4,2,2024-10-27T21:51:00+00:00,2024-10-28T08:01:42.275Z,2643743,Greater London
Misty and light winds,34,10,51,5,3,97,2024-11-01,0,Precipitation is not expected,1025,10,50,02:00,1,Poor,5,Mist,Light winds from the west,W,W,Westerly,2,1,2024-10-27T21:51:00+00:00,2024-10-28T08:01:42.275Z,2643743,Greater London
Misty and light winds,34,10,50,5,3,98,2024-11-01,0,Precipitation is not expected,1024,10,50,03:00,1,Poor,5,Mist,Light winds from the west,W,W,Westerly,3,2,2024-10-27T21:51:00+00:00,2024-10-28T08:01:42.275Z,2643743,Greater London
Misty and light winds,34,10,50,5,3,97,2024-11-01,0,Precipitation is not expected,1024,10,50,04:00,1,Poor,5,Mist,Light winds from the west north west,WNW,WNW,West North Westerly,2,1,2024-10-27T21:51:00+00:00,2024-10-28T08:01:42.275Z,2643743,Greater London
Misty and light winds,34,10,51,5,3,97,2024-11-01,0,Precipitation is not expected,1024,10,50,05:00,1,Poor,5,Mist,Light winds from the west north west,WNW,WNW,West North Westerly,3,2,2024-10-27T21:51:00+00:00,2024-10-28T08:01:42.275Z,2643743,Greater London
Misty and light winds,34,11,51,6,4,97,2024-11-01,0,Precipitation is not expected,1024,10,50,06:00,1,Poor,5,Mist,Light winds from the north west,NW,NW,North Westerly,3,2,2024-10-27T21:51:00+00:00,2024-10-28T08:01:42.275Z,2643743,Greater London
Misty and light winds,5,10,51,7,5,98,2024-11-01,0,Precipitation is not expected,1025,10,50,07:00,1,Poor,5,Mist,Light winds from the north west,NW,NW,North Westerly,3,2,2024-10-27T21:51:00+00:00,2024-10-28T08:01:42.275Z,2643743,Greater London
Misty and light winds,5,11,52,8,5,96,2024-11-01,0,Precipitation is not expected,1025,11,51,08:00,1,Moderate,5,Mist,Light winds from the north west,NW,NW,North Westerly,3,2,2024-10-27T21:51:00+00:00,2024-10-28T08:01:42.275Z,2643743,Greater London
Light cloud and light winds,7,12,53,10,6,94,2024-11-01,0,Precipitation is not expected,1025,11,52,09:00,1,Moderate,7,Light Cloud,Light winds from the north west,NW,NW,North Westerly,3,2,2024-10-27T21:51:00+00:00,2024-10-28T08:01:42.275Z,2643743,Greater London
Light cloud and light winds,7,13,55,10,6,87,2024-11-01,0,Precipitation is not expected,1025,12,54,10:00,1,Good,7,Light Cloud,Light winds from the north west,NW,NW,North Westerly,4,2,2024-10-27T21:51:00+00:00,2024-10-28T08:01:42.275Z,2643743,Greater London
Light cloud and light winds,7,14,57,11,7,83,2024-11-01,0,Precipitation is not expected,1025,13,56,11:00,1,Good,7,Light Cloud,Light winds from the north north west,NNW,NNW,North North Westerly,4,3,2024-10-27T21:51:00+00:00,2024-10-28T08:01:42.275Z,2643743,Greater London
Light cloud and light winds,7,15,59,14,9,78,2024-11-01,0,Precipitation is not expected,1025,14,57,12:00,1,Good,7,Light Cloud,Light winds from the north north west,NNW,NNW,North North Westerly,5,3,2024-10-27T21:51:00+00:00,2024-10-28T08:01:42.275Z,2643743,Greater London
Light cloud and light winds,7,15,59,14,9,76,2024-11-01,0,Precipitation is not expected,1025,15,58,13:00,1,Good,7,Light Cloud,Light winds from the west,W,W,Westerly,8,5,2024-10-27T21:51:00+00:00,2024-10-28T08:01:42.275Z,2643743,Greater London
Light cloud and light winds,7,15,59,15,9,75,2024-11-01,0,Precipitation is not expected,1025,15,58,14:00,1,Good,7,Light Cloud,Light winds from the north north west,NNW,NNW,North North Westerly,6,4,2024-10-27T21:51:00+00:00,2024-10-28T08:01:42.275Z,2643743,Greater London
Light cloud and light winds,7,16,60,15,9,76,2024-11-01,0,Precipitation is not expected,1025,15,59,15:00,1,Good,7,Light Cloud,Light winds from the north west,NW,NW,North Westerly,7,4,2024-10-27T21:51:00+00:00,2024-10-28T08:01:42.275Z,2643743,Greater London
Light cloud and light winds,7,15,59,13,8,75,2024-11-01,0,Precipitation is not expected,1025,14,58,16:00,1,Good,7,Light Cloud,Light winds from the north north west,NNW,NNW,North North Westerly,6,4,2024-10-27T21:51:00+00:00,2024-10-28T08:01:42.275Z,2643743,Greater London
Light cloud and light winds,36,14,57,13,8,82,2024-11-01,0,Precipitation is not expected,1026,13,56,17:00,1,Good,7,Light Cloud,Light winds from the north north west,NNW,NNW,North North Westerly,5,3,2024-10-27T21:51:00+00:00,2024-10-28T08:01:42.275Z,2643743,Greater London
Light cloud and light winds,36,13,56,13,8,85,2024-11-01,0,Precipitation is not expected,1026,13,55,18:00,1,Good,7,Light Cloud,Light winds from the north,N,N,Northerly,5,3,2024-10-27T21:51:00+00:00,2024-10-28T08:01:42.275Z,2643743,Greater London
Light cloud and light winds,36,13,55,14,9,86,2024-11-01,0,Precipitation is not expected,1027,12,54,19:00,1,Good,7,Light Cloud,Light winds from the north,N,N,Northerly,5,3,2024-10-27T21:51:00+00:00,2024-10-28T08:01:42.275Z,2643743,Greater London
Light cloud and light winds,36,13,55,14,9,87,2024-11-01,0,Precipitation is not expected,1027,12,54,20:00,1,Good,7,Light Cloud,Light winds from the north,N,N,Northerly,6,4,2024-10-27T21:51:00+00:00,2024-10-28T08:01:42.275Z,2643743,Greater London
Light cloud and light winds,36,12,54,13,8,88,2024-11-01,0,Precipitation is not expected,1027,12,53,21:00,1,Good,7,Light Cloud,Light winds from the north,N,N,Northerly,5,3,2024-10-27T21:51:00+00:00,2024-10-28T08:01:42.275Z,2643743,Greater London
Light cloud and light winds,36,12,53,13,8,89,2024-11-01,0,Precipitation is not expected,1028,11,53,22:00,1,Good,7,Light Cloud,Light winds from the north,N,N,Northerly,5,3,2024-10-27T21:51:00+00:00,2024-10-28T08:01:42.275Z,2643743,Greater London
Light cloud and light winds,36,11,53,13,8,91,2024-11-01,0,Precipitation is not expected,1028,11,52,23:00,1,Moderate,7,Light Cloud,Light winds from the north,N,N,Northerly,5,3,2024-10-27T21:51:00+00:00,2024-10-28T08:01:42.275Z,2643743,Greater London
Misty and light winds,34,11,52,17,11,91,2024-11-02,0,Precipitation is not expected,1028,11,51,00:00,1,Poor,5,Mist,Light winds from the north north east,NNE,NNE,North North Easterly,5,3,2024-10-27T21:51:00+00:00,2024-10-28T08:01:42.275Z,2643743,Greater London
Light cloud and light winds,36,10,50,13,8,92,2024-11-02,0,Precipitation is not expected,1028,10,51,01:00,1,Moderate,7,Light Cloud,Light winds from the north east,NE,NE,North Easterly,8,5,2024-10-27T21:51:00+00:00,2024-10-28T08:01:42.275Z,2643743,Greater London
Light cloud and light winds,36,11,51,13,8,92,2024-11-02,0,Precipitation is not expected,1028,10,51,02:00,1,Moderate,7,Light Cloud,Light winds from the north north east,NNE,NNE,North North Easterly,5,3,2024-10-27T21:51:00+00:00,2024-10-28T08:01:42.275Z,2643743,Greater London
Light cloud and light winds,36,11,51,13,8,91,2024-11-02,0,Precipitation is not expected,1028,10,51,03:00,1,Good,7,Light Cloud,Light winds from the north north east,NNE,NNE,North North Easterly,5,3,2024-10-27T21:51:00+00:00,2024-10-28T08:01:42.275Z,2643743,Greater London
Light cloud and light winds,36,11,51,15,9,90,2024-11-02,0,Precipitation is not expected,1029,10,51,04:00,1,Good,7,Light Cloud,Light winds from the north north east,NNE,NNE,North North Easterly,5,3,2024-10-27T21:51:00+00:00,2024-10-28T08:01:42.275Z,2643743,Greater London
Light cloud and light winds,36,11,51,15,9,89,2024-11-02,0,Precipitation is not expected,1029,10,51,05:00,1,Good,7,Light Cloud,Light winds from the north east,NE,NE,North Easterly,6,4,2024-10-27T21:51:00+00:00,2024-10-28T08:01:42.275Z,2643743,Greater London
Partly cloudy and light winds,2,11,51,15,9,88,2024-11-02,0,Precipitation is not expected,1029,10,51,06:00,1,Good,2,Partly Cloudy,Light winds from the north east,NE,NE,North Easterly,6,4,2024-10-27T21:51:00+00:00,2024-10-28T08:01:42.275Z,2643743,Greater London
Sunny intervals and light winds,3,10,51,16,10,89,2024-11-02,0,Precipitation is not expected,1030,10,50,07:00,1,Good,3,Sunny Intervals,Light winds from the north east,NE,NE,North Easterly,6,4,2024-10-27T21:51:00+00:00,2024-10-28T08:01:42.275Z,2643743,Greater London
Sunny intervals and light winds,3,11,51,16,10,88,2024-11-02,0,Precipitation is not expected,1030,10,51,08:00,1,Good,3,Sunny Intervals,Light winds from the north east,NE,NE,North Easterly,7,4,2024-10-27T21:51:00+00:00,2024-10-28T08:01:42.275Z,2643743,Greater London
Sunny intervals and light winds,3,11,52,17,11,87,2024-11-02,0,Precipitation is not expected,1031,11,51,09:00,1,Good,3,Sunny Intervals,Light winds from the north east,NE,NE,North Easterly,7,4,2024-10-27T21:51:00+00:00,2024-10-28T08:01:42.275Z,2643743,Greater London
Sunny intervals and light winds,3,12,53,18,11,83,2024-11-02,0,Precipitation is not expected,1031,11,53,10:00,1,Good,3,Sunny Intervals,Light winds from the north east,NE,NE,North Easterly,7,4,2024-10-27T21:51:00+00:00,2024-10-28T08:01:42.275Z,2643743,Greater London
Sunny intervals and light winds,3,13,55,17,11,78,2024-11-02,0,Precipitation is not expected,1031,12,54,11:00,1,Good,3,Sunny Intervals,Light winds from the north east,NE,NE,North Easterly,7,5,2024-10-27T21:51:00+00:00,2024-10-28T08:01:42.275Z,2643743,Greater London
Sunny intervals and light winds,3,13,55,18,11,76,2024-11-02,0,Precipitation is not expected,1031,13,55,12:00,1,Good,3,Sunny Intervals,Light winds from the north east,NE,NE,North Easterly,7,5,2024-10-27T21:51:00+00:00,2024-10-28T08:01:42.275Z,2643743,Greater London
Sunny intervals and light winds,3,13,55,17,11,73,2024-11-02,0,Precipitation is not expected,1031,13,56,13:00,1,Good,3,Sunny Intervals,Light winds from the east north east,ENE,ENE,East North Easterly,11,7,2024-10-27T21:51:00+00:00,2024-10-28T08:01:42.275Z,2643743,Greater London
Light cloud and light winds,7,13,56,17,10,72,2024-11-02,0,Precipitation is not expected,1030,13,56,14:00,1,Good,7,Light Cloud,Light winds from the north east,NE,NE,North Easterly,9,5,2024-10-27T21:51:00+00:00,2024-10-28T08:01:42.275Z,2643743,Greater London
Light cloud and light winds,7,13,56,17,11,71,2024-11-02,0,Precipitation is not expected,1030,13,56,15:00,1,Good,7,Light Cloud,Light winds from the north east,NE,NE,North Easterly,9,6,2024-10-27T21:51:00+00:00,2024-10-28T08:01:42.275Z,2643743,Greater London
Light cloud and light winds,7,13,55,17,11,72,2024-11-02,0,Precipitation is not expected,1030,13,55,16:00,1,Good,7,Light Cloud,Light winds from the north east,NE,NE,North Easterly,9,5,2024-10-27T21:51:00+00:00,2024-10-28T08:01:42.275Z,2643743,Greater London
Light cloud and light winds,36,12,54,17,11,75,2024-11-02,0,Precipitation is not expected,1030,12,54,17:00,1,Good,7,Light Cloud,Light winds from the north east,NE,NE,North Easterly,8,5,2024-10-27T21:51:00+00:00,2024-10-28T08:01:42.275Z,2643743,Greater London
Partly cloudy and light winds,2,12,53,17,10,79,2024-11-02,0,Precipitation is not expected,1031,11,53,18:00,1,Good,2,Partly Cloudy,Light winds from the north east,NE,NE,North Easterly,7,5,2024-10-27T21:51:00+00:00,2024-10-28T08:01:42.275Z,2643743,Greater London
Partly cloudy and light winds,2,11,52,16,10,82,2024-11-02,0,Precipitation is not expected,1031,11,52,19:00,1,Good,2,Partly Cloudy,Light winds from the north east,NE,NE,North Easterly,7,4,2024-10-27T21:51:00+00:00,2024-10-28T08:01:42.275Z,2643743,Greater London
Light cloud and light winds,36,11,51,14,9,83,2024-11-02,0,Precipitation is not expected,1031,11,51,20:00,1,Good,7,Light Cloud,Light winds from the north east,NE,NE,North Easterly,7,5,2024-10-27T21:51:00+00:00,2024-10-28T08:01:42.275Z,2643743,Greater London
Light cloud and light winds,36,10,51,14,9,84,2024-11-02,0,Precipitation is not expected,1031,10,51,21:00,1,Good,7,Light Cloud,Light winds from the north east,NE,NE,North Easterly,7,4,2024-10-27T21:51:00+00:00,2024-10-28T08:01:42.275Z,2643743,Greater London
Partly cloudy and light winds,2,10,50,14,9,85,2024-11-02,0,Precipitation is not expected,1031,10,50,22:00,1,Good,2,Partly Cloudy,Light winds from the north east,NE,NE,North Easterly,6,4,2024-10-27T21:51:00+00:00,2024-10-28T08:01:42.275Z,2643743,Greater London
Partly cloudy and light winds,2,10,49,13,8,86,2024-11-02,0,Precipitation is not expected,1031,10,49,23:00,1,Good,2,Partly Cloudy,Light winds from the north east,NE,NE,North Easterly,7,4,2024-10-27T21:51:00+00:00,2024-10-28T08:01:42.275Z,2643743,Greater London
Partly cloudy and light winds,2,9,49,13,8,86,2024-11-03,0,Precipitation is not expected,1031,9,49,00:00,1,Good,2,Partly Cloudy,Light winds from the north east,NE,NE,North Easterly,6,4,2024-10-27T21:51:00+00:00,2024-10-28T08:01:42.275Z,2643743,Greater London
Partly cloudy and light winds,2,8,47,12,8,87,2024-11-03,0,Precipitation is not expected,1031,9,48,01:00,1,Good,2,Partly Cloudy,Light winds from the east north east,ENE,ENE,East North Easterly,8,5,2024-10-27T21:51:00+00:00,2024-10-28T08:01:42.275Z,2643743,Greater London
Partly cloudy and light winds,2,9,48,12,7,87,2024-11-03,0,Precipitation is not expected,1031,9,48,02:00,1,Good,2,Partly Cloudy,Light winds from the north east,NE,NE,North Easterly,5,3,2024-10-27T21:51:00+00:00,2024-10-28T08:01:42.275Z,2643743,Greater London
Partly cloudy and light winds,2,9,48,12,7,89,2024-11-03,0,Precipitation is not expected,1031,9,48,03:00,1,Good,2,Partly Cloudy,Light winds from the north east,NE,NE,North Easterly,5,3,2024-10-27T21:51:00+00:00,2024-10-28T08:01:42.275Z,2643743,Greater London
Partly cloudy and light winds,2,9,48,11,7,89,2024-11-03,0,Precipitation is not expected,1031,9,48,04:00,1,Good,2,Partly Cloudy,Light winds from the north east,NE,NE,North Easterly,5,3,2024-10-27T21:51:00+00:00,2024-10-28T08:01:42.275Z,2643743,Greater London
Partly cloudy and light winds,2,9,48,11,7,89,2024-11-03,0,Precipitation is not expected,1031,9,48,05:00,1,Good,2,Partly Cloudy,Light winds from the north east,NE,NE,North Easterly,5,3,2024-10-27T21:51:00+00:00,2024-10-28T08:01:42.275Z,2643743,Greater London
Partly cloudy and light winds,2,9,48,12,8,89,2024-11-03,0,Precipitation is not expected,1031,9,48,06:00,1,Good,2,Partly Cloudy,Light winds from the north east,NE,NE,North Easterly,5,3,2024-10-27T21:51:00+00:00,2024-10-28T08:01:42.275Z,2643743,Greater London
Sunny intervals and light winds,3,9,48,14,9,90,2024-11-03,0,Precipitation is not expected,1031,9,48,07:00,1,Good,3,Sunny Intervals,Light winds from the east north east,ENE,ENE,East North Easterly,5,3,2024-10-27T21:51:00+00:00,2024-10-28T08:01:42.275Z,2643743,Greater London
Sunny intervals and light winds,3,9,49,15,9,88,2024-11-03,0,Precipitation is not expected,1031,9,49,08:00,1,Good,3,Sunny Intervals,Light winds from the east north east,ENE,ENE,East North Easterly,6,4,2024-10-27T21:51:00+00:00,2024-10-28T08:01:42.275Z,2643743,Greater London
Sunny intervals and light winds,3,10,50,18,11,87,2024-11-03,0,Precipitation is not expected,1031,10,50,09:00,1,Good,3,Sunny Intervals,Light winds from the east north east,ENE,ENE,East North Easterly,6,4,2024-10-27T21:51:00+00:00,2024-10-28T08:01:42.275Z,2643743,Greater London
Sunny intervals and light winds,3,11,52,18,11,81,2024-11-03,0,Precipitation is not expected,1031,11,52,10:00,1,Good,3,Sunny Intervals,Light winds from the east north east,ENE,ENE,East North Easterly,7,5,2024-10-27T21:51:00+00:00,2024-10-28T08:01:42.275Z,2643743,Greater London
Sunny intervals and light winds,3,12,53,19,12,76,2024-11-03,0,Precipitation is not expected,1031,12,54,11:00,1,Good,3,Sunny Intervals,Light winds from the east north east,ENE,ENE,East North Easterly,8,5,2024-10-27T21:51:00+00:00,2024-10-28T08:01:42.275Z,2643743,Greater London
Sunny intervals and light winds,3,13,55,21,13,72,2024-11-03,0,Precipitation is not expected,1030,13,55,12:00,1,Good,3,Sunny Intervals,Light winds from the east,E,E,Easterly,9,6,2024-10-27T21:51:00+00:00,2024-10-28T08:01:42.275Z,2643743,Greater London
Sunny intervals and a gentle breeze,3,13,55,22,14,69,2024-11-03,0,Precipitation is not expected,1030,13,56,13:00,1,Good,3,Sunny Intervals,A gentle breeze from the east,E,E,Easterly,12,8,2024-10-27T21:51:00+00:00,2024-10-28T08:01:42.275Z,2643743,Greater London
Sunny intervals and light winds,3,13,55,23,14,69,2024-11-03,0,Precipitation is not expected,1030,13,56,14:00,1,Good,3,Sunny Intervals,Light winds from the east north east,ENE,ENE,East North Easterly,10,6,2024-10-27T21:51:00+00:00,2024-10-28T08:01:42.275Z,2643743,Greater London
Sunny intervals and light winds,3,13,55,23,15,68,2024-11-03,0,Precipitation is not expected,1029,13,56,15:00,1,Good,3,Sunny Intervals,Light winds from the east north east,ENE,ENE,East North Easterly,10,6,2024-10-27T21:51:00+00:00,2024-10-28T08:01:42.275Z,2643743,Greater London
Sunny intervals and light winds,3,12,54,22,14,70,2024-11-03,0,Precipitation is not expected,1029,13,55,16:00,1,Good,3,Sunny Intervals,Light winds from the east north east,ENE,ENE,East North Easterly,10,6,2024-10-27T21:51:00+00:00,2024-10-28T08:01:42.275Z,2643743,Greater London
Partly cloudy and light winds,2,11,51,22,14,75,2024-11-03,0,Precipitation is not expected,1029,11,53,17:00,1,Good,2,Partly Cloudy,Light winds from the east north east,ENE,ENE,East North Easterly,9,6,2024-10-27T21:51:00+00:00,2024-10-28T08:01:42.275Z,2643743,Greater London
Partly cloudy and light winds,2,10,50,19,12,80,2024-11-03,0,Precipitation is not expected,1029,11,51,18:00,1,Good,2,Partly Cloudy,Light winds from the east north east,ENE,ENE,East North Easterly,9,5,2024-10-27T21:51:00+00:00,2024-10-28T08:01:42.275Z,2643743,Greater London
Partly cloudy and light winds,2,9,49,19,12,83,2024-11-03,0,Precipitation is not expected,1029,10,50,19:00,1,Good,2,Partly Cloudy,Light winds from the east north east,ENE,ENE,East North Easterly,8,5,2024-10-27T21:51:00+00:00,2024-10-28T08:01:42.275Z,2643743,Greater London
Partly cloudy and light winds,2,9,49,18,11,84,2024-11-03,0,Precipitation is not expected,1030,10,50,20:00,1,Good,2,Partly Cloudy,Light winds from the east north east,ENE,ENE,East North Easterly,8,5,2024-10-27T21:51:00+00:00,2024-10-28T08:01:42.275Z,2643743,Greater London
Partly cloudy and light winds,2,9,49,16,10,85,2024-11-03,0,Precipitation is not expected,1030,9,49,21:00,1,Good,2,Partly Cloudy,Light winds from the east north east,ENE,ENE,East North Easterly,7,5,2024-10-27T21:51:00+00:00,2024-10-28T08:01:42.275Z,2643743,Greater London
Partly cloudy and light winds,2,9,48,15,9,86,2024-11-03,0,Precipitation is not expected,1030,9,48,22:00,1,Good,2,Partly Cloudy,Light winds from the east north east,ENE,ENE,East North Easterly,7,4,2024-10-27T21:51:00+00:00,2024-10-28T08:01:42.275Z,2643743,Greater London
Partly cloudy and light winds,2,9,48,14,9,88,2024-11-03,0,Precipitation is not expected,1029,9,48,23:00,1,Good,2,Partly Cloudy,Light winds from the east north east,ENE,ENE,East North Easterly,6,4,2024-10-27T21:51:00+00:00,2024-10-28T08:01:42.275Z,2643743,Greater London
Partly cloudy and light winds,2,9,47,16,10,89,2024-11-04,0,Precipitation is not expected,1029,9,47,00:00,1,Good,2,Partly Cloudy,Light winds from the east north east,ENE,ENE,East North Easterly,6,4,2024-10-27T21:51:00+00:00,2024-10-28T08:01:42.275Z,2643743,Greater London
Partly cloudy and light winds,2,8,47,12,7,90,2024-11-04,0,Precipitation is not expected,1029,8,47,01:00,1,Good,2,Partly Cloudy,Light winds from the east north east,ENE,ENE,East North Easterly,7,5,2024-10-27T21:51:00+00:00,2024-10-28T08:01:42.275Z,2643743,Greater London
Partly cloudy and light winds,2,8,47,12,7,90,2024-11-04,0,Precipitation is not expected,1029,8,47,02:00,1,Good,2,Partly Cloudy,Light winds from the east north east,ENE,ENE,East North Easterly,5,3,2024-10-27T21:51:00+00:00,2024-10-28T08:01:42.275Z,2643743,Greater London
Partly cloudy and light winds,2,8,47,12,7,92,2024-11-04,0,Precipitation is not expected,1029,8,47,03:00,1,Good,2,Partly Cloudy,Light winds from the east north east,ENE,ENE,East North Easterly,5,3,2024-10-27T21:51:00+00:00,2024-10-28T08:01:42.275Z,2643743,Greater London
Partly cloudy and light winds,2,8,46,12,8,88,2024-11-04,0,Precipitation is not expected,1028,8,46,04:00,1,Good,2,Partly Cloudy,Light winds from the east north east,ENE,ENE,East North Easterly,4,2,2024-10-27T21:51:00+00:00,2024-10-28T08:01:42.275Z,2643743,Greater London
Partly cloudy and light winds,2,8,46,10,6,89,2024-11-04,0,Precipitation is not expected,1028,8,46,05:00,1,Good,2,Partly Cloudy,Light winds from the east north east,ENE,ENE,East North Easterly,4,3,2024-10-27T21:51:00+00:00,2024-10-28T08:01:42.275Z,2643743,Greater London
Partly cloudy and light winds,2,8,46,13,8,89,2024-11-04,0,Precipitation is not expected,1028,8,46,06:00,1,Good,2,Partly Cloudy,Light winds from the east north east,ENE,ENE,East North Easterly,4,3,2024-10-27T21:51:00+00:00,2024-10-28T08:01:42.275Z,2643743,Greater London
Sunny intervals and light winds,3,8,46,16,10,89,2024-11-04,0,Precipitation is not expected,1028,8,46,07:00,1,Good,3,Sunny Intervals,Light winds from the east north east,ENE,ENE,East North Easterly,5,3,2024-10-27T21:51:00+00:00,2024-10-28T08:01:42.275Z,2643743,Greater London
Sunny intervals and light winds,3,9,47,17,10,88,2024-11-04,0,Precipitation is not expected,1028,9,47,08:00,1,Good,3,Sunny Intervals,Light winds from the east,E,E,Easterly,6,4,2024-10-27T21:51:00+00:00,2024-10-28T08:01:42.275Z,2643743,Greater London
Sunny intervals and light winds,3,9,49,19,12,86,2024-11-04,0,Precipitation is not expected,1028,9,49,09:00,1,Good,3,Sunny Intervals,Light winds from the east,E,E,Easterly,7,4,2024-10-27T21:51:00+00:00,2024-10-28T08:01:42.275Z,2643743,Greater London
Sunny intervals and light winds,3,10,50,21,13,80,2024-11-04,0,Precipitation is not expected,1028,10,51,10:00,1,Good,3,Sunny Intervals,Light winds from the east,E,E,Easterly,8,5,2024-10-27T21:51:00+00:00,2024-10-28T08:01:42.275Z,2643743,Greater London
Sunny and light winds,1,11,52,22,14,74,2024-11-04,0,Precipitation is not expected,1028,12,53,11:00,1,Good,1,Sunny,Light winds from the east,E,E,Easterly,9,6,2024-10-27T21:51:00+00:00,2024-10-28T08:01:42.275Z,2643743,Greater London
Sunny and light winds,1,12,54,26,16,70,2024-11-04,0,Precipitation is not expected,1028,13,55,12:00,1,Good,1,Sunny,Light winds from the east,E,E,Easterly,10,6,2024-10-27T21:51:00+00:00,2024-10-28T08:01:42.275Z,2643743,Greater London
Sunny and a gentle breeze,1,12,53,22,14,70,2024-11-04,0,Precipitation is not expected,1028,12,54,13:00,1,Good,1,Sunny,A gentle breeze from the east south east,ESE,ESE,East South Easterly,13,8,2024-10-27T21:51:00+00:00,2024-10-28T08:01:42.275Z,2643743,Greater London
Sunny and light winds,1,12,53,24,15,69,2024-11-04,0,Precipitation is not expected,1027,12,54,14:00,1,Good,1,Sunny,Light winds from the east,E,E,Easterly,10,6,2024-10-27T21:51:00+00:00,2024-10-28T08:01:42.275Z,2643743,Greater London
Sunny and light winds,1,12,53,22,14,69,2024-11-04,0,Precipitation is not expected,1027,12,54,15:00,1,Good,1,Sunny,Light winds from the east,E,E,Easterly,11,7,2024-10-27T21:51:00+00:00,2024-10-28T08:01:42.275Z,2643743,Greater London
Sunny and light winds,1,11,52,21,13,72,2024-11-04,0,Precipitation is not expected,1027,12,53,16:00,1,Good,1,Sunny,Light winds from the east,E,E,Easterly,10,6,2024-10-27T21:51:00+00:00,2024-10-28T08:01:42.275Z,2643743,Greater London
A clear sky and light winds,0,10,50,21,13,77,2024-11-04,0,Precipitation is not expected,1027,11,51,17:00,1,Good,0,Clear Sky,Light winds from the east,E,E,Easterly,8,5,2024-10-27T21:51:00+00:00,2024-10-28T08:01:42.275Z,2643743,Greater London
A clear sky and light winds,0,9,48,18,11,82,2024-11-04,0,Precipitation is not expected,1027,10,49,18:00,1,Good,0,Clear Sky,Light winds from the east,E,E,Easterly,8,5,2024-10-27T21:51:00+00:00,2024-10-28T08:01:42.275Z,2643743,Greater London
A clear sky and light winds,0,9,49,17,10,85,2024-11-04,0,Precipitation is not expected,1027,9,49,19:00,1,Good,0,Clear Sky,Light winds from the east,E,E,Easterly,7,5,2024-10-27T21:51:00+00:00,2024-10-28T08:01:42.275Z,2643743,Greater London
A clear sky and light winds,0,9,48,14,9,86,2024-11-04,0,Precipitation is not expected,1027,9,48,20:00,1,Good,0,Clear Sky,Light winds from the east north east,ENE,ENE,East North Easterly,7,5,2024-10-27T21:51:00+00:00,2024-10-28T08:01:42.275Z,2643743,Greater London
A clear sky and light winds,0,8,47,13,8,86,2024-11-04,0,Precipitation is not expected,1027,9,47,21:00,1,Good,0,Clear Sky,Light winds from the east,E,E,Easterly,7,4,2024-10-27T21:51:00+00:00,2024-10-28T08:01:42.275Z,2643743,Greater London
Partly cloudy and light winds,2,8,47,12,7,88,2024-11-04,0,Precipitation is not expected,1027,8,47,22:00,1,Good,2,Partly Cloudy,Light winds from the east,E,E,Easterly,6,4,2024-10-27T21:51:00+00:00,2024-10-28T08:01:42.275Z,2643743,Greater London
Partly cloudy and light winds,2,8,46,11,7,88,2024-11-04,0,Precipitation is not expected,1027,8,46,23:00,1,Good,2,Partly Cloudy,Light winds from the east,E,E,Easterly,6,4,2024-10-27T21:51:00+00:00,2024-10-28T08:01:42.275Z,2643743,Greater London
A clear sky and light winds,0,7,45,11,7,90,2024-11-05,0,Precipitation is not expected,1027,8,46,00:00,1,Good,0,Clear Sky,Light winds from the east,E,E,Easterly,5,3,2024-10-27T21:51:00+00:00,2024-10-28T08:01:42.275Z,2643743,Greater London
A clear sky and light winds,0,7,45,10,6,90,2024-11-05,0,Precipitation is not expected,1027,7,45,01:00,1,Good,0,Clear Sky,Light winds from the east,E,E,Easterly,7,4,2024-10-27T21:51:00+00:00,2024-10-28T08:01:42.275Z,2643743,Greater London
A clear sky and light winds,0,7,45,10,6,90,2024-11-05,0,Precipitation is not expected,1027,7,45,02:00,1,Good,0,Clear Sky,Light winds from the east,E,E,Easterly,4,3,2024-10-27T21:51:00+00:00,2024-10-28T08:01:42.275Z,2643743,Greater London
A clear sky and light winds,0,7,45,9,6,91,2024-11-05,0,Precipitation is not expected,1026,7,45,03:00,1,Good,0,Clear Sky,Light winds from the east,E,E,Easterly,4,3,2024-10-27T21:51:00+00:00,2024-10-28T08:01:42.275Z,2643743,Greater London
A clear sky and light winds,0,7,45,9,6,92,2024-11-05,0,Precipitation is not expected,1026,7,45,04:00,1,Good,0,Clear Sky,Light winds from the east,E,E,Easterly,4,3,2024-10-27T21:51:00+00:00,2024-10-28T08:01:42.275Z,2643743,Greater London
A clear sky and light winds,0,7,46,9,5,92,2024-11-05,0,Precipitation is not expected,1026,8,46,05:00,1,Good,0,Clear Sky,Light winds from the east,E,E,Easterly,5,3,2024-10-27T21:51:00+00:00,2024-10-28T08:01:42.275Z,2643743,Greater London
A clear sky and light winds,0,7,45,10,6,93,2024-11-05,0,Precipitation is not expected,1026,7,45,06:00,1,Good,0,Clear Sky,Light winds from the east,E,E,Easterly,4,3,2024-10-28T08:01:42+00:00,2024-10-28T08:01:42.275Z,2643743,Greater London
A clear sky and light winds,0,8,46,12,7,93,2024-11-05,0,Precipitation is not expected,1026,8,46,07:00,1,Good,0,Clear Sky,Light winds from the east,E,E,Easterly,4,3,2024-10-28T08:01:42+00:00,2024-10-28T08:01:42.275Z,2643743,Greater London
Sunny and light winds,1,8,47,13,8,92,2024-11-05,0,Precipitation is not expected,1027,8,47,08:00,1,Good,1,Sunny,Light winds from the east,E,E,Easterly,5,3,2024-10-28T08:01:42+00:00,2024-10-28T08:01:42.275Z,2643743,Greater London
Sunny and light winds,1,9,49,14,9,91,2024-11-05,0,Precipitation is not expected,1027,9,49,09:00,1,Good,1,Sunny,Light winds from the east,E,E,Easterly,5,3,2024-10-28T08:01:42+00:00,2024-10-28T08:01:42.275Z,2643743,Greater London
Sunny and light winds,1,11,51,15,9,86,2024-11-05,0,Precipitation is not expected,1027,11,51,10:00,1,Good,1,Sunny,Light winds from the east,E,E,Easterly,7,4,2024-10-28T08:01:42+00:00,2024-10-28T08:01:42.275Z,2643743,Greater London
Sunny and light winds,1,12,53,16,10,81,2024-11-05,0,Precipitation is not expected,1027,12,53,11:00,1,Good,1,Sunny,Light winds from the east,E,E,Easterly,7,5,2024-10-28T08:01:42+00:00,2024-10-28T08:01:42.275Z,2643743,Greater London
Sunny and light winds,1,13,55,14,9,78,2024-11-05,0,Precipitation is not expected,1027,13,55,12:00,1,Good,1,Sunny,Light winds from the east south east,ESE,ESE,East South Easterly,8,5,2024-10-28T08:01:42+00:00,2024-10-28T08:01:42.275Z,2643743,Greater London
Sunny and light winds,1,13,55,14,9,74,2024-11-05,0,Precipitation is not expected,1026,13,55,13:00,1,Good,1,Sunny,Light winds from the south east,SE,SE,South Easterly,10,6,2024-10-28T08:01:42+00:00,2024-10-28T08:01:42.275Z,2643743,Greater London
Sunny and light winds,1,13,55,13,8,74,2024-11-05,0,Precipitation is not expected,1026,13,55,14:00,1,Good,1,Sunny,Light winds from the east,E,E,Easterly,8,5,2024-10-28T08:01:42+00:00,2024-10-28T08:01:42.275Z,2643743,Greater London
Sunny and light winds,1,13,55,13,8,73,2024-11-05,0,Precipitation is not expected,1026,13,55,15:00,1,Good,1,Sunny,Light winds from the east south east,ESE,ESE,East South Easterly,8,5,2024-10-28T08:01:42+00:00,2024-10-28T08:01:42.275Z,2643743,Greater London
Sunny and light winds,1,12,54,12,8,75,2024-11-05,0,Precipitation is not expected,1026,12,54,16:00,1,Good,1,Sunny,Light winds from the east,E,E,Easterly,8,5,2024-10-28T08:01:42+00:00,2024-10-28T08:01:42.275Z,2643743,Greater London
A clear sky and light winds,0,11,53,12,7,79,2024-11-05,0,Precipitation is not expected,1026,11,52,17:00,1,Good,0,Clear Sky,Light winds from the east,E,E,Easterly,7,4,2024-10-28T08:01:42+00:00,2024-10-28T08:01:42.275Z,2643743,Greater London
A clear sky and light winds,0,10,51,11,7,85,2024-11-05,0,Precipitation is not expected,1026,10,51,18:00,1,Good,0,Clear Sky,Light winds from the east,E,E,Easterly,7,4,2024-10-28T08:01:42+00:00,2024-10-28T08:01:42.275Z,2643743,Greater London
A clear sky and light winds,0,10,50,10,6,86,2024-11-05,0,Precipitation is not expected,1026,10,50,19:00,1,Good,0,Clear Sky,Light winds from the east,E,E,Easterly,6,4,2024-10-28T08:01:42+00:00,2024-10-28T08:01:42.275Z,2643743,Greater London
A clear sky and light winds,0,10,50,10,6,87,2024-11-05,0,Precipitation is not expected,1026,10,50,20:00,1,Good,0,Clear Sky,Light winds from the east north east,ENE,ENE,East North Easterly,7,4,2024-10-28T08:01:42+00:00,2024-10-28T08:01:42.275Z,2643743,Greater London
A clear sky and light winds,0,9,49,9,5,87,2024-11-05,0,Precipitation is not expected,1027,9,49,21:00,1,Good,0,Clear Sky,Light winds from the east north east,ENE,ENE,East North Easterly,6,4,2024-10-28T08:01:42+00:00,2024-10-28T08:01:42.275Z,2643743,Greater London
A clear sky and light winds,0,9,48,8,5,88,2024-11-05,0,Precipitation is not expected,1027,9,48,22:00,1,Good,0,Clear Sky,Light winds from the east north east,ENE,ENE,East North Easterly,5,3,2024-10-28T08:01:42+00:00,2024-10-28T08:01:42.275Z,2643743,Greater London
A clear sky and light winds,0,9,48,7,4,89,2024-11-05,0,Precipitation is not expected,1027,9,48,23:00,1,Good,0,Clear Sky,Light winds from the east north east,ENE,ENE,East North Easterly,5,3,2024-10-28T08:01:42+00:00,2024-10-28T08:01:42.275Z,2643743,Greater London
A clear sky and light winds,0,9,47,7,4,90,2024-11-06,0,Precipitation is not expected,1026,9,47,00:00,1,Good,0,Clear Sky,Light winds from the east north east,ENE,ENE,East North Easterly,4,2,2024-10-28T08:01:42+00:00,2024-10-28T08:01:42.275Z,2643743,Greater London
A clear sky and light winds,0,8,46,6,4,92,2024-11-06,0,Precipitation is not expected,1026,8,46,01:00,1,Good,0,Clear Sky,Light winds from the east north east,ENE,ENE,East North Easterly,6,4,2024-10-28T08:01:42+00:00,2024-10-28T08:01:42.275Z,2643743,Greater London
A clear sky and light winds,0,8,46,5,3,93,2024-11-06,0,Precipitation is not expected,1026,8,46,02:00,1,Moderate,0,Clear Sky,Light winds from the east north east,ENE,ENE,East North Easterly,3,2,2024-10-28T08:01:42+00:00,2024-10-28T08:01:42.275Z,2643743,Greater London
A clear sky and light winds,0,8,46,5,3,94,2024-11-06,0,Precipitation is not expected,1026,8,46,03:00,1,Moderate,0,Clear Sky,Light winds from the east north east,ENE,ENE,East North Easterly,3,2,2024-10-28T08:01:42+00:00,2024-10-28T08:01:42.275Z,2643743,Greater London
A clear sky and light winds,0,8,46,5,3,95,2024-11-06,0,Precipitation is not expected,1026,8,46,04:00,1,Moderate,0,Clear Sky,Light winds from the east north east,ENE,ENE,East North Easterly,3,2,2024-10-28T08:01:42+00:00,2024-10-28T08:01:42.275Z,2643743,Greater London
A clear sky and light winds,0,8,46,5,3,95,2024-11-06,0,Precipitation is not expected,1026,8,46,05:00,1,Moderate,0,Clear Sky,Light winds from the east north east,ENE,ENE,East North Easterly,4,2,2024-10-28T08:01:42+00:00,2024-10-28T08:01:42.275Z,2643743,Greater London
A clear sky and light winds,0,8,46,7,4,95,2024-11-06,0,Precipitation is not expected,1026,8,46,06:00,1,Moderate,0,Clear Sky,Light winds from the east north east,ENE,ENE,East North Easterly,3,2,2024-10-28T08:01:42+00:00,2024-10-28T08:01:42.275Z,2643743,Greater London
A clear sky and light winds,0,8,47,8,5,95,2024-11-06,0,Precipitation is not expected,1026,8,46,07:00,1,Moderate,0,Clear Sky,Light winds from the east north east,ENE,ENE,East North Easterly,5,3,2024-10-28T08:01:42+00:00,2024-10-28T08:01:42.275Z,2643743,Greater London
Sunny and light winds,1,9,47,10,6,95,2024-11-06,0,Precipitation is not expected,1026,9,47,08:00,1,Moderate,1,Sunny,Light winds from the east north east,ENE,ENE,East North Easterly,5,3,2024-10-28T08:01:42+00:00,2024-10-28T08:01:42.275Z,2643743,Greater London
Sunny and light winds,1,9,49,8,5,93,2024-11-06,0,Precipitation is not expected,1026,9,49,09:00,1,Good,1,Sunny,Light winds from the east north east,ENE,ENE,East North Easterly,6,4,2024-10-28T08:01:42+00:00,2024-10-28T08:01:42.275Z,2643743,Greater London
Sunny and light winds,1,11,51,8,5,89,2024-11-06,0,Precipitation is not expected,1026,10,51,10:00,1,Good,1,Sunny,Light winds from the east,E,E,Easterly,6,4,2024-10-28T08:01:42+00:00,2024-10-28T08:01:42.275Z,2643743,Greater London
Sunny and light winds,1,11,53,8,5,82,2024-11-06,0,Precipitation is not expected,1026,11,52,11:00,1,Good,1,Sunny,Light winds from the east,E,E,Easterly,7,4,2024-10-28T08:01:42+00:00,2024-10-28T08:01:42.275Z,2643743,Greater London
Sunny and light winds,1,12,54,11,7,80,2024-11-06,0,Precipitation is not expected,1026,12,54,12:00,1,Good,1,Sunny,Light winds from the east,E,E,Easterly,7,4,2024-10-28T08:01:42+00:00,2024-10-28T08:01:42.275Z,2643743,Greater London
Sunny and light winds,1,12,54,9,5,77,2024-11-06,0,Precipitation is not expected,1026,12,54,13:00,1,Good,1,Sunny,Light winds from the east south east,ESE,ESE,East South Easterly,9,6,2024-10-28T08:01:42+00:00,2024-10-28T08:01:42.275Z,2643743,Greater London
Sunny and light winds,1,12,54,9,6,75,2024-11-06,0,Precipitation is not expected,1026,12,54,14:00,1,Good,1,Sunny,Light winds from the east,E,E,Easterly,8,5,2024-10-28T08:01:42+00:00,2024-10-28T08:01:42.275Z,2643743,Greater London
Sunny and light winds,1,12,54,9,6,75,2024-11-06,0,Precipitation is not expected,1026,12,54,15:00,1,Good,1,Sunny,Light winds from the east,E,E,Easterly,8,5,2024-10-28T08:01:42+00:00,2024-10-28T08:01:42.275Z,2643743,Greater London
Sunny and light winds,1,11,53,8,5,77,2024-11-06,0,Precipitation is not expected,1026,12,53,16:00,1,Good,1,Sunny,Light winds from the east,E,E,Easterly,8,5,2024-10-28T08:01:42+00:00,2024-10-28T08:01:42.275Z,2643743,Greater London
A clear sky and light winds,0,11,52,8,5,81,2024-11-06,0,Precipitation is not expected,1026,11,52,17:00,1,Good,0,Clear Sky,Light winds from the east,E,E,Easterly,7,4,2024-10-28T08:01:42+00:00,2024-10-28T08:01:42.275Z,2643743,Greater London
A clear sky and light winds,0,10,50,7,5,86,2024-11-06,0,Precipitation is not expected,1026,10,50,18:00,1,Good,0,Clear Sky,Light winds from the east,E,E,Easterly,7,4,2024-10-28T08:01:42+00:00,2024-10-28T08:01:42.275Z,2643743,Greater London
A clear sky and light winds,0,10,49,7,5,89,2024-11-06,0,Precipitation is not expected,1026,10,49,19:00,1,Good,0,Clear Sky,Light winds from the east,E,E,Easterly,7,4,2024-10-28T08:01:42+00:00,2024-10-28T08:01:42.275Z,2643743,Greater London
A clear sky and light winds,0,9,49,7,4,89,2024-11-06,0,Precipitation is not expected,1026,9,49,20:00,1,Good,0,Clear Sky,Light winds from the east,E,E,Easterly,7,4,2024-10-28T08:01:42+00:00,2024-10-28T08:01:42.275Z,2643743,Greater London
A clear sky and light winds,0,9,49,6,4,89,2024-11-06,0,Precipitation is not expected,1026,9,48,21:00,1,Good,0,Clear Sky,Light winds from the east,E,E,Easterly,6,4,2024-10-28T08:01:42+00:00,2024-10-28T08:01:42.275Z,2643743,Greater London
A clear sky and light winds,0,9,48,6,4,90,2024-11-06,0,Precipitation is not expected,1026,9,48,22:00,1,Good,0,Clear Sky,Light winds from the east,E,E,Easterly,5,3,2024-10-28T08:01:42+00:00,2024-10-28T08:01:42.275Z,2643743,Greater London
A clear sky and light winds,0,9,47,5,3,91,2024-11-06,0,Precipitation is not expected,1026,9,47,23:00,1,Good,0,Clear Sky,Light winds from the east,E,E,Easterly,5,3,2024-10-28T08:01:42+00:00,2024-10-28T08:01:42.275Z,2643743,Greater London
A clear sky and light winds,0,8,47,6,4,91,2024-11-07,0,Precipitation is not expected,1026,8,47,00:00,1,Good,0,Clear Sky,Light winds from the east,E,E,Easterly,5,3,2024-10-28T08:01:42+00:00,2024-10-28T08:01:42.275Z,2643743,Greater London
A clear sky and light winds,0,8,47,4,3,91,2024-11-07,0,Precipitation is not expected,1026,8,47,01:00,1,Good,0,Clear Sky,Light winds from the east south east,ESE,ESE,East South Easterly,5,3,2024-10-28T08:01:42+00:00,2024-10-28T08:01:42.275Z,2643743,Greater London
A clear sky and light winds,0,8,47,4,3,92,2024-11-07,0,Precipitation is not expected,1026,8,47,02:00,1,Good,0,Clear Sky,Light winds from the east,E,E,Easterly,4,2,2024-10-28T08:01:42+00:00,2024-10-28T08:01:42.275Z,2643743,Greater London
A clear sky and light winds,0,8,47,4,3,93,2024-11-07,0,Precipitation is not expected,1026,8,47,03:00,1,Good,0,Clear Sky,Light winds from the east,E,E,Easterly,4,2,2024-10-28T08:01:42+00:00,2024-10-28T08:01:42.275Z,2643743,Greater London
A clear sky and light winds,0,8,47,5,3,93,2024-11-07,0,Precipitation is not expected,1026,8,47,04:00,1,Moderate,0,Clear Sky,Light winds from the east,E,E,Easterly,4,2,2024-10-28T08:01:42+00:00,2024-10-28T08:01:42.275Z,2643743,Greater London
A clear sky and light winds,0,8,47,5,3,93,2024-11-07,0,Precipitation is not expected,1026,8,47,05:00,1,Good,0,Clear Sky,Light winds from the east,E,E,Easterly,4,3,2024-10-28T08:01:42+00:00,2024-10-28T08:01:42.275Z,2643743,Greater London
A clear sky and light winds,0,8,47,4,3,93,2024-11-07,0,Precipitation is not expected,1026,8,47,06:00,1,Good,0,Clear Sky,Light winds from the east,E,E,Easterly,4,2,2024-10-28T08:01:42+00:00,2024-10-28T08:01:42.275Z,2643743,Greater London
A clear sky and light winds,0,9,47,5,3,94,2024-11-07,0,Precipitation is not expected,1026,8,47,07:00,1,Moderate,0,Clear Sky,Light winds from the east,E,E,Easterly,4,2,2024-10-28T08:01:42+00:00,2024-10-28T08:01:42.275Z,2643743,Greater London
Sunny and light winds,1,9,48,5,3,94,2024-11-07,0,Precipitation is not expected,1026,9,48,08:00,1,Good,1,Sunny,Light winds from the east,E,E,Easterly,4,2,2024-10-28T08:01:42+00:00,2024-10-28T08:01:42.275Z,2643743,Greater London
Sunny and light winds,1,10,50,6,4,92,2024-11-07,0,Precipitation is not expected,1026,10,49,09:00,1,Good,1,Sunny,Light winds from the east,E,E,Easterly,4,2,2024-10-28T08:01:42+00:00,2024-10-28T08:01:42.275Z,2643743,Greater London
Sunny and light winds,1,11,52,7,4,88,2024-11-07,0,Precipitation is not expected,1027,11,51,10:00,1,Good,1,Sunny,Light winds from the east,E,E,Easterly,5,3,2024-10-28T08:01:42+00:00,2024-10-28T08:01:42.275Z,2643743,Greater London
Sunny and light winds,1,12,54,8,5,84,2024-11-07,0,Precipitation is not expected,1027,12,53,11:00,1,Good,1,Sunny,Light winds from the east,E,E,Easterly,5,3,2024-10-28T08:01:42+00:00,2024-10-28T08:01:42.275Z,2643743,Greater London
Sunny and light winds,1,13,55,9,6,80,2024-11-07,0,Precipitation is not expected,1027,13,55,12:00,1,Good,1,Sunny,Light winds from the east south east,ESE,ESE,East South Easterly,5,3,2024-10-28T08:01:42+00:00,2024-10-28T08:01:42.275Z,2643743,Greater London
Sunny and light winds,1,13,56,11,7,78,2024-11-07,0,Precipitation is not expected,1027,13,55,13:00,1,Good,1,Sunny,Light winds from the south south east,SSE,SSE,South South Easterly,6,4,2024-10-28T08:01:42+00:00,2024-10-28T08:01:42.275Z,2643743,Greater London
Sunny and light winds,1,13,56,11,7,78,2024-11-07,0,Precipitation is not expected,1027,13,55,14:00,1,Good,1,Sunny,Light winds from the east,E,E,Easterly,5,3,2024-10-28T08:01:42+00:00,2024-10-28T08:01:42.275Z,2643743,Greater London
Sunny and light winds,1,13,56,10,6,78,2024-11-07,0,Precipitation is not expected,1027,13,56,15:00,1,Good,1,Sunny,Light winds from the south east,SE,SE,South Easterly,4,3,2024-10-28T08:01:42+00:00,2024-10-28T08:01:42.275Z,2643743,Greater London
Sunny and light winds,1,13,55,8,5,80,2024-11-07,0,Precipitation is not expected,1027,12,54,16:00,1,Good,1,Sunny,Light winds from the east south east,ESE,ESE,East South Easterly,4,3,2024-10-28T08:01:42+00:00,2024-10-28T08:01:42.275Z,2643743,Greater London
A clear sky and light winds,0,12,53,5,3,85,2024-11-07,0,Precipitation is not expected,1027,12,53,17:00,1,Good,0,Clear Sky,Light winds from the east,E,E,Easterly,4,2,2024-10-28T08:01:42+00:00,2024-10-28T08:01:42.275Z,2643743,Greater London
A clear sky and light winds,0,11,52,5,3,90,2024-11-07,0,Precipitation is not expected,1027,11,51,18:00,1,Good,0,Clear Sky,Light winds from the east,E,E,Easterly,4,2,2024-10-28T08:01:42+00:00,2024-10-28T08:01:42.275Z,2643743,Greater London
A clear sky and light winds,0,11,51,5,3,92,2024-11-07,0,Precipitation is not expected,1027,10,51,19:00,1,Good,0,Clear Sky,Light winds from the east,E,E,Easterly,4,2,2024-10-28T08:01:42+00:00,2024-10-28T08:01:42.275Z,2643743,Greater London
A clear sky and light winds,0,10,51,5,3,93,2024-11-07,0,Precipitation is not expected,1028,10,50,20:00,1,Good,0,Clear Sky,Light winds from the east,E,E,Easterly,4,2,2024-10-28T08:01:42+00:00,2024-10-28T08:01:42.275Z,2643743,Greater London
A clear sky and light winds,0,10,50,5,3,92,2024-11-07,0,Precipitation is not expected,1028,10,50,21:00,1,Good,0,Clear Sky,Light winds from the east,E,E,Easterly,4,2,2024-10-28T08:01:42+00:00,2024-10-28T08:01:42.275Z,2643743,Greater London
A clear sky and light winds,0,10,50,5,3,92,2024-11-07,0,Precipitation is not expected,1028,10,49,22:00,1,Moderate,0,Clear Sky,Light winds from the east,E,E,Easterly,3,2,2024-10-28T08:01:42+00:00,2024-10-28T08:01:42.275Z,2643743,Greater London
A clear sky and light winds,0,10,49,5,3,93,2024-11-07,0,Precipitation is not expected,1028,9,49,23:00,1,Moderate,0,Clear Sky,Light winds from the east,E,E,Easterly,3,2,2024-10-28T08:01:42+00:00,2024-10-28T08:01:42.275Z,2643743,Greater London
A clear sky and light winds,0,9,49,5,3,93,2024-11-08,0,Precipitation is not expected,1029,9,49,00:00,1,Moderate,0,Clear Sky,Light winds from the east,E,E,Easterly,3,2,2024-10-28T08:01:42+00:00,2024-10-28T08:01:42.275Z,2643743,Greater London
A clear sky and light winds,0,9,49,5,3,94,2024-11-08,0,Precipitation is not expected,1029,9,48,01:00,1,Moderate,0,Clear Sky,Light winds from the east south east,ESE,ESE,East South Easterly,4,2,2024-10-28T08:01:42+00:00,2024-10-28T08:01:42.275Z,2643743,Greater London
A clear sky and light winds,0,9,49,5,3,95,2024-11-08,0,Precipitation is not expected,1029,9,48,02:00,1,Moderate,0,Clear Sky,Light winds from the east,E,E,Easterly,3,2,2024-10-28T08:01:42+00:00,2024-10-28T08:01:42.275Z,2643743,Greater London
A clear sky and light winds,0,9,48,5,3,95,2024-11-08,0,Precipitation is not expected,1028,9,48,03:00,1,Moderate,0,Clear Sky,Light winds from the east north east,ENE,ENE,East North Easterly,3,2,2024-10-28T08:01:42+00:00,2024-10-28T08:01:42.275Z,2643743,Greater London
A clear sky and light winds,0,9,48,5,3,95,2024-11-08,0,Precipitation is not expected,1029,9,48,04:00,1,Moderate,0,Clear Sky,Light winds from the east north east,ENE,ENE,East North Easterly,3,2,2024-10-28T08:01:42+00:00,2024-10-28T08:01:42.275Z,2643743,Greater London
A clear sky and light winds,0,9,49,5,3,95,2024-11-08,0,Precipitation is not expected,1029,9,48,05:00,1,Moderate,0,Clear Sky,Light winds from the east north east,ENE,ENE,East North Easterly,4,2,2024-10-28T08:01:42+00:00,2024-10-28T08:01:42.275Z,2643743,Greater London
A clear sky and light winds,0,9,49,5,3,95,2024-11-08,0,Precipitation is not expected,1029,9,48,06:00,1,Moderate,0,Clear Sky,Light winds from the east north east,ENE,ENE,East North Easterly,4,2,2024-10-28T08:01:42+00:00,2024-10-28T08:01:42.275Z,2643743,Greater London
A clear sky and light winds,0,9,49,5,3,96,2024-11-08,0,Precipitation is not expected,1029,9,48,07:00,1,Moderate,0,Clear Sky,Light winds from the east north east,ENE,ENE,East North Easterly,4,2,2024-10-28T08:01:42+00:00,2024-10-28T08:01:42.275Z,2643743,Greater London
Sunny and light winds,1,10,50,5,3,96,2024-11-08,0,Precipitation is not expected,1029,9,49,08:00,1,Moderate,1,Sunny,Light winds from the east,E,E,Easterly,4,2,2024-10-28T08:01:42+00:00,2024-10-28T08:01:42.275Z,2643743,Greater London
Sunny and light winds,1,11,51,8,5,94,2024-11-08,0,Precipitation is not expected,1029,10,50,09:00,1,Good,1,Sunny,Light winds from the east,E,E,Easterly,4,2,2024-10-28T08:01:42+00:00,2024-10-28T08:01:42.275Z,2643743,Greater London
Sunny and light winds,1,12,53,11,7,90,2024-11-08,0,Precipitation is not expected,1029,11,52,10:00,1,Good,1,Sunny,Light winds from the east,E,E,Easterly,4,2,2024-10-28T08:01:42+00:00,2024-10-28T08:01:42.275Z,2643743,Greater London
Sunny and light winds,1,13,55,12,7,86,2024-11-08,0,Precipitation is not expected,1029,12,54,11:00,1,Good,1,Sunny,Light winds from the east,E,E,Easterly,4,3,2024-10-28T08:01:42+00:00,2024-10-28T08:01:42.275Z,2643743,Greater London
Sunny and light winds,1,14,57,14,9,83,2024-11-08,0,Precipitation is not expected,1029,13,56,12:00,1,Good,1,Sunny,Light winds from the south east,SE,SE,South Easterly,5,3,2024-10-28T08:01:42+00:00,2024-10-28T08:01:42.275Z,2643743,Greater London
Sunny and light winds,1,14,57,11,7,80,2024-11-08,0,Precipitation is not expected,1029,13,56,13:00,1,Good,1,Sunny,Light winds from the south,S,S,Southerly,5,3,2024-10-28T08:01:42+00:00,2024-10-28T08:01:42.275Z,2643743,Greater London
Sunny and light winds,1,14,57,11,7,80,2024-11-08,0,Precipitation is not expected,1029,13,56,14:00,1,Good,1,Sunny,Light winds from the east south east,ESE,ESE,East South Easterly,4,3,2024-10-28T08:01:42+00:00,2024-10-28T08:01:42.275Z,2643743,Greater London
Sunny and light winds,1,14,57,10,6,79,2024-11-08,0,Precipitation is not expected,1029,13,56,15:00,1,Good,1,Sunny,Light winds from the south east,SE,SE,South Easterly,4,3,2024-10-28T08:01:42+00:00,2024-10-28T08:01:42.275Z,2643743,Greater London
Sunny and light winds,1,13,56,9,5,81,2024-11-08,0,Precipitation is not expected,1029,13,55,16:00,1,Good,1,Sunny,Light winds from the east south east,ESE,ESE,East South Easterly,4,2,2024-10-28T08:01:42+00:00,2024-10-28T08:01:42.275Z,2643743,Greater London
A clear sky and light winds,0,12,54,8,5,86,2024-11-08,0,Precipitation is not expected,1029,12,53,17:00,1,Good,0,Clear Sky,Light winds from the east,E,E,Easterly,4,2,2024-10-28T08:01:42+00:00,2024-10-28T08:01:42.275Z,2643743,Greater London
A clear sky and light winds,0,11,53,7,5,90,2024-11-08,0,Precipitation is not expected,1029,11,52,18:00,1,Good,0,Clear Sky,Light winds from the east,E,E,Easterly,3,2,2024-10-28T08:01:42+00:00,2024-10-28T08:01:42.275Z,2643743,Greater London
A clear sky and light winds,0,11,52,7,4,92,2024-11-08,0,Precipitation is not expected,1029,11,51,19:00,1,Good,0,Clear Sky,Light winds from the east,E,E,Easterly,3,2,2024-10-28T08:01:42+00:00,2024-10-28T08:01:42.275Z,2643743,Greater London
A clear sky and light winds,0,11,51,6,4,92,2024-11-08,0,Precipitation is not expected,1029,10,51,20:00,1,Good,0,Clear Sky,Light winds from the east north east,ENE,ENE,East North Easterly,3,2,2024-10-28T08:01:42+00:00,2024-10-28T08:01:42.275Z,2643743,Greater London
A clear sky and light winds,0,10,50,6,4,91,2024-11-08,0,Precipitation is not expected,1029,10,50,21:00,1,Good,0,Clear Sky,Light winds from the east north east,ENE,ENE,East North Easterly,3,2,2024-10-28T08:01:42+00:00,2024-10-28T08:01:42.275Z,2643743,Greater London
A clear sky and light winds,0,10,50,6,4,92,2024-11-08,0,Precipitation is not expected,1029,10,50,22:00,1,Good,0,Clear Sky,Light winds from the east,E,E,Easterly,3,2,2024-10-28T08:01:42+00:00,2024-10-28T08:01:42.275Z,2643743,Greater London
A clear sky and light winds,0,10,49,6,4,93,2024-11-08,0,Precipitation is not expected,1029,9,49,23:00,1,Moderate,0,Clear Sky,Light winds from the east,E,E,Easterly,3,2,2024-10-28T08:01:42+00:00,2024-10-28T08:01:42.275Z,2643743,Greater London
A clear sky and light winds,0,10,49,7,4,92,2024-11-09,0,Precipitation is not expected,1029,9,49,00:00,1,Moderate,0,Clear Sky,Light winds from the east,E,E,Easterly,3,2,2024-10-28T08:01:42+00:00,2024-10-28T08:01:42.275Z,2643743,Greater London
A clear sky and light winds,0,9,49,6,4,93,2024-11-09,0,Precipitation is not expected,1029,9,48,01:00,1,Moderate,0,Clear Sky,Light winds from the south east,SE,SE,South Easterly,3,2,2024-10-28T08:01:42+00:00,2024-10-28T08:01:42.275Z,2643743,Greater London
A clear sky and light winds,0,9,49,6,4,94,2024-11-09,0,Precipitation is not expected,1029,9,48,02:00,1,Moderate,0,Clear Sky,Light winds from the east,E,E,Easterly,3,2,2024-10-28T08:01:42+00:00,2024-10-28T08:01:42.275Z,2643743,Greater London
Partly cloudy and light winds,2,9,49,7,4,95,2024-11-09,0,Precipitation is not expected,1028,9,48,03:00,1,Moderate,2,Partly Cloudy,Light winds from the east,E,E,Easterly,3,2,2024-10-28T08:01:42+00:00,2024-10-28T08:01:42.275Z,2643743,Greater London
A clear sky and light winds,0,9,49,7,4,95,2024-11-09,0,Precipitation is not expected,1028,9,48,04:00,1,Moderate,0,Clear Sky,Light winds from the east north east,ENE,ENE,East North Easterly,3,2,2024-10-28T08:01:42+00:00,2024-10-28T08:01:42.275Z,2643743,Greater London
A clear sky and light winds,0,9,49,7,4,95,2024-11-09,0,Precipitation is not expected,1028,9,48,05:00,1,Moderate,0,Clear Sky,Light winds from the east north east,ENE,ENE,East North Easterly,3,2,2024-10-28T08:01:42+00:00,2024-10-28T08:01:42.275Z,2643743,Greater London
A clear sky and light winds,0,9,49,7,4,94,2024-11-09,0,Precipitation is not expected,1028,9,48,06:00,1,Moderate,0,Clear Sky,Light winds from the east north east,ENE,ENE,East North Easterly,3,2,2024-10-28T08:01:42+00:00,2024-10-28T08:01:42.275Z,2643743,Greater London
A clear sky and light winds,0,9,49,6,4,95,2024-11-09,0,Precipitation is not expected,1028,9,49,07:00,1,Moderate,0,Clear Sky,Light winds from the east north east,ENE,ENE,East North Easterly,3,2,2024-10-28T08:01:42+00:00,2024-10-28T08:01:42.275Z,2643743,Greater London
Sunny intervals and light winds,3,10,49,6,4,95,2024-11-09,0,Precipitation is not expected,1028,9,49,08:00,1,Moderate,3,Sunny Intervals,Light winds from the east north east,ENE,ENE,East North Easterly,3,2,2024-10-28T08:01:42+00:00,2024-10-28T08:01:42.275Z,2643743,Greater London
Sunny intervals and light winds,3,10,51,9,6,94,2024-11-09,0,Precipitation is not expected,1028,10,50,09:00,1,Good,3,Sunny Intervals,Light winds from the east north east,ENE,ENE,East North Easterly,3,2,2024-10-28T08:01:42+00:00,2024-10-28T08:01:42.275Z,2643743,Greater London
Sunny intervals and light winds,3,11,52,11,7,91,2024-11-09,0,Precipitation is not expected,1028,11,52,10:00,1,Good,3,Sunny Intervals,Light winds from the east,E,E,Easterly,4,2,2024-10-28T08:01:42+00:00,2024-10-28T08:01:42.275Z,2643743,Greater London
Sunny intervals and light winds,3,12,54,12,7,87,2024-11-09,0,Precipitation is not expected,1028,12,53,11:00,1,Good,3,Sunny Intervals,Light winds from the east north east,ENE,ENE,East North Easterly,4,3,2024-10-28T08:01:42+00:00,2024-10-28T08:01:42.275Z,2643743,Greater London
Sunny intervals and light winds,3,13,55,15,9,84,2024-11-09,0,Precipitation is not expected,1028,12,54,12:00,1,Good,3,Sunny Intervals,Light winds from the east,E,E,Easterly,5,3,2024-10-28T08:01:42+00:00,2024-10-28T08:01:42.275Z,2643743,Greater London
Sunny intervals and light winds,3,13,55,13,8,82,2024-11-09,0,Precipitation is not expected,1028,13,55,13:00,1,Good,3,Sunny Intervals,Light winds from the south east,SE,SE,South Easterly,6,4,2024-10-28T08:01:42+00:00,2024-10-28T08:01:42.275Z,2643743,Greater London
Sunny intervals and light winds,3,13,55,13,8,82,2024-11-09,0,Precipitation is not expected,1028,13,55,14:00,1,Good,3,Sunny Intervals,Light winds from the east north east,ENE,ENE,East North Easterly,5,3,2024-10-28T08:01:42+00:00,2024-10-28T08:01:42.275Z,2643743,Greater London
Sunny intervals and light winds,3,13,55,14,9,81,2024-11-09,0,Precipitation is not expected,1028,13,55,15:00,1,Good,3,Sunny Intervals,Light winds from the east,E,E,Easterly,5,3,2024-10-28T08:01:42+00:00,2024-10-28T08:01:42.275Z,2643743,Greater London
Sunny intervals and light winds,3,13,55,14,9,83,2024-11-09,0,Precipitation is not expected,1028,12,54,16:00,1,Good,3,Sunny Intervals,Light winds from the east north east,ENE,ENE,East North Easterly,6,4,2024-10-28T08:01:42+00:00,2024-10-28T08:01:42.275Z,2643743,Greater London
Partly cloudy and light winds,2,12,53,13,8,87,2024-11-09,0,Precipitation is not expected,1028,11,52,17:00,1,Good,2,Partly Cloudy,Light winds from the east north east,ENE,ENE,East North Easterly,6,4,2024-10-28T08:01:42+00:00,2024-10-28T08:01:42.275Z,2643743,Greater London
Partly cloudy and light winds,2,11,51,12,7,92,2024-11-09,0,Precipitation is not expected,1028,11,51,18:00,1,Good,2,Partly Cloudy,Light winds from the east north east,ENE,ENE,East North Easterly,7,4,2024-10-28T08:01:42+00:00,2024-10-28T08:01:42.275Z,2643743,Greater London
Partly cloudy and light winds,2,11,51,10,6,93,2024-11-09,0,Precipitation is not expected,1028,10,50,19:00,1,Good,2,Partly Cloudy,Light winds from the east north east,ENE,ENE,East North Easterly,6,4,2024-10-28T08:01:42+00:00,2024-10-28T08:01:42.275Z,2643743,Greater London
A clear sky and light winds,0,10,51,10,6,93,2024-11-09,0,Precipitation is not expected,1028,10,50,20:00,1,Good,0,Clear Sky,Light winds from the east north east,ENE,ENE,East North Easterly,6,4,2024-10-28T08:01:42+00:00,2024-10-28T08:01:42.275Z,2643743,Greater London
A clear sky and light winds,0,10,50,9,6,92,2024-11-09,0,Precipitation is not expected,1028,10,49,21:00,1,Good,0,Clear Sky,Light winds from the north east,NE,NE,North Easterly,5,3,2024-10-28T08:01:42+00:00,2024-10-28T08:01:42.275Z,2643743,Greater London
A clear sky and light winds,0,10,49,9,5,92,2024-11-09,0,Precipitation is not expected,1028,9,49,22:00,1,Good,0,Clear Sky,Light winds from the north north east,NNE,NNE,North North Easterly,5,3,2024-10-28T08:01:42+00:00,2024-10-28T08:01:42.275Z,2643743,Greater London
Partly cloudy and light winds,2,9,49,8,5,92,2024-11-09,0,Precipitation is not expected,1028,9,49,23:00,1,Good,2,Partly Cloudy,Light winds from the north east,NE,NE,North Easterly,5,3,2024-10-28T08:01:42+00:00,2024-10-28T08:01:42.275Z,2643743,Greater London
Partly cloudy and light winds,2,9,49,9,5,92,2024-11-10,0,Precipitation is not expected,1028,9,49,00:00,1,Good,2,Partly Cloudy,Light winds from the east north east,ENE,ENE,East North Easterly,5,3,2024-10-28T08:01:42+00:00,2024-10-28T08:01:42.275Z,2643743,Greater London
A clear sky and light winds,0,9,48,9,5,92,2024-11-10,0,Precipitation is not expected,1028,9,48,01:00,1,Good,0,Clear Sky,Light winds from the east north east,ENE,ENE,East North Easterly,6,4,2024-10-28T08:01:42+00:00,2024-10-28T08:01:42.275Z,2643743,Greater London
A clear sky and light winds,0,9,48,9,5,93,2024-11-10,0,Precipitation is not expected,1028,9,48,02:00,1,Moderate,0,Clear Sky,Light winds from the east north east,ENE,ENE,East North Easterly,4,2,2024-10-28T08:01:42+00:00,2024-10-28T08:01:42.275Z,2643743,Greater London
A clear sky and light winds,0,9,48,9,5,94,2024-11-10,0,Precipitation is not expected,1028,9,48,03:00,1,Good,0,Clear Sky,Light winds from the north east,NE,NE,North Easterly,4,2,2024-10-28T08:01:42+00:00,2024-10-28T08:01:42.275Z,2643743,Greater London
A clear sky and light winds,0,9,48,9,5,94,2024-11-10,0,Precipitation is not expected,1027,9,48,04:00,1,Good,0,Clear Sky,Light winds from the east north east,ENE,ENE,East North Easterly,4,2,2024-10-28T08:01:42+00:00,2024-10-28T08:01:42.275Z,2643743,Greater London
A clear sky and light winds,0,9,48,8,5,94,2024-11-10,0,Precipitation is not expected,1027,9,48,05:00,1,Good,0,Clear Sky,Light winds from the east north east,ENE,ENE,East North Easterly,4,2,2024-10-28T08:01:42+00:00,2024-10-28T08:01:42.275Z,2643743,Greater London
A clear sky and light winds,0,9,48,8,5,93,2024-11-10,0,Precipitation is not expected,1027,9,48,06:00,1,Good,0,Clear Sky,Light winds from the north east,NE,NE,North Easterly,4,2,2024-10-28T08:01:42+00:00,2024-10-28T08:01:42.275Z,2643743,Greater London
A clear sky and light winds,0,9,48,8,5,95,2024-11-10,0,Precipitation is not expected,1027,9,48,07:00,1,Moderate,0,Clear Sky,Light winds from the east north east,ENE,ENE,East North Easterly,4,2,2024-10-28T08:01:42+00:00,2024-10-28T08:01:42.275Z,2643743,Greater London
Sunny and light winds,1,9,49,7,4,95,2024-11-10,0,Precipitation is not expected,1027,9,49,08:00,1,Good,1,Sunny,Light winds from the east north east,ENE,ENE,East North Easterly,4,2,2024-10-28T08:01:42+00:00,2024-10-28T08:01:42.275Z,2643743,Greater London
Sunny and light winds,1,10,50,10,6,93,2024-11-10,0,Precipitation is not expected,1027,10,49,09:00,1,Good,1,Sunny,Light winds from the east north east,ENE,ENE,East North Easterly,4,2,2024-10-28T08:01:42+00:00,2024-10-28T08:01:42.275Z,2643743,Greater London
Sunny and light winds,1,11,51,12,8,90,2024-11-10,0,Precipitation is not expected,1027,11,51,10:00,1,Good,1,Sunny,Light winds from the east north east,ENE,ENE,East North Easterly,4,3,2024-10-28T08:01:42+00:00,2024-10-28T08:01:42.275Z,2643743,Greater London
Sunny and light winds,1,11,53,13,8,86,2024-11-10,0,Precipitation is not expected,1027,11,52,11:00,1,Good,1,Sunny,Light winds from the east north east,ENE,ENE,East North Easterly,5,3,2024-10-28T08:01:42+00:00,2024-10-28T08:01:42.275Z,2643743,Greater London
Sunny and light winds,1,12,54,16,10,84,2024-11-10,0,Precipitation is not expected,1027,12,53,12:00,1,Good,1,Sunny,Light winds from the east,E,E,Easterly,5,3,2024-10-28T08:01:42+00:00,2024-10-28T08:01:42.275Z,2643743,Greater London
Sunny and light winds,1,13,55,13,8,80,2024-11-10,0,Precipitation is not expected,1027,13,55,13:00,1,Good,1,Sunny,Light winds from the south east,SE,SE,South Easterly,7,4,2024-10-28T08:01:42+00:00,2024-10-28T08:01:42.275Z,2643743,Greater London
Sunny and light winds,1,13,55,13,8,79,2024-11-10,0,Precipitation is not expected,1026,13,55,14:00,1,Good,1,Sunny,Light winds from the east north east,ENE,ENE,East North Easterly,5,3,2024-10-28T08:01:42+00:00,2024-10-28T08:01:42.275Z,2643743,Greater London
Sunny and light winds,1,13,55,12,7,78,2024-11-10,0,Precipitation is not expected,1026,13,55,15:00,1,Good,1,Sunny,Light winds from the east,E,E,Easterly,5,3,2024-10-28T08:01:42+00:00,2024-10-28T08:01:42.275Z,2643743,Greater London
Sunny and light winds,1,12,54,10,6,80,2024-11-10,0,Precipitation is not expected,1026,12,54,16:00,1,Good,1,Sunny,Light winds from the east,E,E,Easterly,5,3,2024-10-28T08:01:42+00:00,2024-10-28T08:01:42.275Z,2643743,Greater London
A clear sky and light winds,0,11,52,9,6,84,2024-11-10,0,Precipitation is not expected,1026,11,52,17:00,1,Good,0,Clear Sky,Light winds from the east north east,ENE,ENE,East North Easterly,4,3,2024-10-28T08:01:42+00:00,2024-10-28T08:01:42.275Z,2643743,Greater London
A clear sky and light winds,0,11,51,9,5,88,2024-11-10,0,Precipitation is not expected,1026,10,51,18:00,1,Good,0,Clear Sky,Light winds from the east,E,E,Easterly,4,2,2024-10-28T08:01:42+00:00,2024-10-28T08:01:42.275Z,2643743,Greater London
A clear sky and light winds,0,10,50,8,5,90,2024-11-10,0,Precipitation is not expected,1025,10,50,19:00,1,Good,0,Clear Sky,Light winds from the east,E,E,Easterly,4,2,2024-10-28T08:01:42+00:00,2024-10-28T08:01:42.275Z,2643743,Greater London
A clear sky and light winds,0,10,49,8,5,90,2024-11-10,0,Precipitation is not expected,1025,10,49,20:00,1,Good,0,Clear Sky,Light winds from the north,N,N,Northerly,4,2,2024-10-28T08:01:42+00:00,2024-10-28T08:01:42.275Z,2643743,Greater London
A clear sky and light winds,0,9,49,7,5,89,2024-11-10,0,Precipitation is not expected,1025,9,49,21:00,1,Good,0,Clear Sky,Light winds from the east north east,ENE,ENE,East North Easterly,4,2,2024-10-28T08:01:42+00:00,2024-10-28T08:01:42.275Z,2643743,Greater London
A clear sky and light winds,0,9,49,7,5,90,2024-11-10,0,Precipitation is not expected,1025,9,48,22:00,1,Good,0,Clear Sky,Light winds from the north west,NW,NW,North Westerly,4,2,2024-10-28T08:01:42+00:00,2024-10-28T08:01:42.275Z,2643743,Greater London
A clear sky and light winds,0,9,48,7,4,91,2024-11-10,0,Precipitation is not expected,1025,9,48,23:00,1,Good,0,Clear Sky,Light winds from the north west,NW,NW,North Westerly,4,2,2024-10-28T08:01:42+00:00,2024-10-28T08:01:42.275Z,2643743,Greater London
A clear sky and light winds,0,9,48,7,4,91,2024-11-11,0,Precipitation is not expected,1025,9,48,00:00,1,Good,0,Clear Sky,Light winds from the north west,NW,NW,North Westerly,4,2,2024-10-28T08:01:42+00:00,2024-10-28T08:01:42.275Z,2643743,Greater London
A clear sky and light winds,0,9,48,6,4,92,2024-11-11,0,Precipitation is not expected,1025,9,48,01:00,1,Good,0,Clear Sky,Light winds from the east,E,E,Easterly,5,3,2024-10-28T08:01:42+00:00,2024-10-28T08:01:42.275Z,2643743,Greater London
A clear sky and light winds,0,9,48,6,4,92,2024-11-11,0,Precipitation is not expected,1024,9,48,02:00,1,Moderate,0,Clear Sky,Light winds from the east,E,E,Easterly,4,2,2024-10-28T08:01:42+00:00,2024-10-28T08:01:42.275Z,2643743,Greater London
A clear sky and light winds,0,9,48,6,4,94,2024-11-11,0,Precipitation is not expected,1024,9,47,03:00,1,Moderate,0,Clear Sky,Light winds from the east,E,E,Easterly,3,2,2024-10-28T08:01:42+00:00,2024-10-28T08:01:42.275Z,2643743,Greater London
A clear sky and light winds,0,9,48,6,4,95,2024-11-11,0,Precipitation is not expected,1024,9,47,04:00,1,Moderate,0,Clear Sky,Light winds from the east,E,E,Easterly,4,2,2024-10-28T08:01:42+00:00,2024-10-28T08:01:42.275Z,2643743,Greater London
A clear sky and light winds,0,9,48,6,4,95,2024-11-11,0,Precipitation is not expected,1024,9,48,05:00,1,Moderate,0,Clear Sky,Light winds from the east,E,E,Easterly,4,2,2024-10-28T08:01:42+00:00,2024-10-28T08:01:42.275Z,2643743,Greater London
