enhancedWeatherDescription,extendedWeatherType,feelsLikeTemperatureC,feelsLikeTemperatureF,gustSpeedKph,gustSpeedMph,humidity,localDate,precipitationProbabilityInPercent,precipitationProbabilityText,pressure,temperatureC,temperatureF,timeslot,timeslotLength,visibility,weatherType,weatherTypeText,windDescription,windDirection,windDirectionAbbreviation,windDirectionFull,windSpeedKph,windSpeedMph,issueDate,lastUpdated,location_id,location_name
Partly cloudy and light winds,2,1,34,9,5,89,2023-11-25,0,Precipitation is not expected,1024,1,35,01:00,1,Moderate,2,Partly Cloudy,Light winds from the west south west,WSW,WSW,West South Westerly,4,3,2023-11-24T21:49:00+00:00,2023-11-25T00:04:31.066Z,2655984,Belfast
A clear sky and light winds,0,1,34,8,5,88,2023-11-25,0,Precipitation is not expected,1024,1,34,02:00,1,Moderate,0,Clear Sky,Light winds from the west,W,W,Westerly,4,2,2023-11-24T21:49:00+00:00,2023-11-25T00:04:31.066Z,2655984,Belfast
Partly cloudy and light winds,2,1,34,8,5,90,2023-11-25,0,Precipitation is not expected,1024,1,34,03:00,1,Moderate,2,Partly Cloudy,Light winds from the west,W,W,Westerly,4,2,2023-11-24T21:49:00+00:00,2023-11-25T00:04:31.066Z,2655984,Belfast
Partly cloudy and light winds,2,1,34,8,5,90,2023-11-25,0,Precipitation is not expected,1023,1,34,04:00,1,Moderate,2,Partly Cloudy,Light winds from the south south west,SSW,SSW,South South Westerly,4,2,2023-11-24T21:49:00+00:00,2023-11-25T00:04:31.066Z,2655984,Belfast
Partly cloudy and light winds,2,1,34,7,4,90,2023-11-25,0,Precipitation is not expected,1023,1,34,05:00,1,Moderate,2,Partly Cloudy,Light winds from the south south east,SSE,SSE,South South Easterly,4,2,2023-11-24T21:49:00+00:00,2023-11-25T00:04:31.066Z,2655984,Belfast
Misty and light winds,34,1,34,7,4,91,2023-11-25,0,Precipitation is not expected,1023,1,34,06:00,1,Moderate,5,Mist,Light winds from the south south west,SSW,SSW,South South Westerly,3,2,2023-11-24T21:49:00+00:00,2023-11-25T00:04:31.066Z,2655984,Belfast
Partly cloudy and light winds,2,1,33,6,4,92,2023-11-25,0,Precipitation is not expected,1023,1,33,07:00,1,Moderate,2,Partly Cloudy,Light winds from the south west,SW,SW,South Westerly,3,2,2023-11-24T21:49:00+00:00,2023-11-25T00:04:31.066Z,2655984,Belfast
Partly cloudy and light winds,2,1,33,5,3,92,2023-11-25,0,Precipitation is not expected,1022,1,33,08:00,1,Moderate,2,Partly Cloudy,Light winds from the south west,SW,SW,South Westerly,3,2,2023-11-24T21:49:00+00:00,2023-11-25T00:04:31.066Z,2655984,Belfast
Sunny intervals and light winds,3,1,35,4,2,92,2023-11-25,0,Precipitation is not expected,1022,2,35,09:00,1,Moderate,3,Sunny Intervals,Light winds from the south south west,SSW,SSW,South South Westerly,3,2,2023-11-24T21:49:00+00:00,2023-11-25T00:04:31.066Z,2655984,Belfast
Sunny intervals and light winds,3,2,36,3,2,88,2023-11-25,0,Precipitation is not expected,1022,3,37,10:00,1,Moderate,3,Sunny Intervals,Light winds from the south,S,S,Southerly,2,1,2023-11-24T21:49:00+00:00,2023-11-25T00:04:31.066Z,2655984,Belfast
Sunny intervals and light winds,3,3,38,2,1,84,2023-11-25,0,Precipitation is not expected,1022,4,39,11:00,1,Good,3,Sunny Intervals,Light winds from the south west,SW,SW,South Westerly,2,1,2023-11-24T21:49:00+00:00,2023-11-25T00:04:31.066Z,2655984,Belfast
Sunny intervals and light winds,3,5,40,5,3,80,2023-11-25,0,Precipitation is not expected,1021,5,41,12:00,1,Good,3,Sunny Intervals,Light winds from the south,S,S,Southerly,2,1,2023-11-24T21:49:00+00:00,2023-11-25T00:04:31.066Z,2655984,Belfast
Sunny intervals and light winds,3,5,41,4,3,80,2023-11-25,0,Precipitation is not expected,1021,5,41,13:00,1,Good,3,Sunny Intervals,Light winds from the south east,SE,SE,South Easterly,3,2,2023-11-24T21:49:00+00:00,2023-11-25T00:04:31.066Z,2655984,Belfast
Sunny intervals and light winds,3,5,41,4,3,79,2023-11-25,0,Precipitation is not expected,1020,5,42,14:00,1,Good,3,Sunny Intervals,Light winds from the south east,SE,SE,South Easterly,2,1,2023-11-24T21:49:00+00:00,2023-11-25T00:04:31.066Z,2655984,Belfast
Sunny intervals and light winds,3,5,41,6,4,79,2023-11-25,0,Precipitation is not expected,1020,5,42,15:00,1,Good,3,Sunny Intervals,Light winds from the south east,SE,SE,South Easterly,2,1,2023-11-24T21:49:00+00:00,2023-11-25T00:04:31.066Z,2655984,Belfast
Sunny intervals and light winds,3,4,40,6,4,82,2023-11-25,0,Precipitation is not expected,1020,5,40,16:00,1,Good,3,Sunny Intervals,Light winds from the south east,SE,SE,South Easterly,3,2,2023-11-24T21:49:00+00:00,2023-11-25T00:04:31.066Z,2655984,Belfast
Partly cloudy and light winds,2,3,38,8,5,85,2023-11-25,0,Precipitation is not expected,1019,4,39,17:00,1,Good,2,Partly Cloudy,Light winds from the east south east,ESE,ESE,East South Easterly,3,2,2023-11-24T21:49:00+00:00,2023-11-25T00:04:31.066Z,2655984,Belfast
Partly cloudy and light winds,2,3,37,8,5,86,2023-11-25,0,Precipitation is not expected,1019,3,38,18:00,1,Good,2,Partly Cloudy,Light winds from the east south east,ESE,ESE,East South Easterly,4,2,2023-11-24T21:49:00+00:00,2023-11-25T00:04:31.066Z,2655984,Belfast
Partly cloudy and light winds,2,3,37,8,5,88,2023-11-25,0,Precipitation is not expected,1019,3,37,19:00,1,Good,2,Partly Cloudy,Light winds from the south east,SE,SE,South Easterly,4,2,2023-11-24T21:49:00+00:00,2023-11-25T00:04:31.066Z,2655984,Belfast
Partly cloudy and light winds,2,3,37,9,5,88,2023-11-25,0,Precipitation is not expected,1018,3,37,20:00,1,Good,2,Partly Cloudy,Light winds from the east south east,ESE,ESE,East South Easterly,4,3,2023-11-24T21:49:00+00:00,2023-11-25T00:04:31.066Z,2655984,Belfast
Partly cloudy and light winds,2,3,37,7,4,88,2023-11-25,0,Precipitation is not expected,1018,3,37,21:00,1,Good,2,Partly Cloudy,Light winds from the south east,SE,SE,South Easterly,5,3,2023-11-24T21:49:00+00:00,2023-11-25T00:04:31.066Z,2655984,Belfast
Light cloud and light winds,36,3,37,7,5,89,2023-11-25,0,Precipitation is not expected,1018,3,37,22:00,1,Good,7,Light Cloud,Light winds from the south east,SE,SE,South Easterly,4,2,2023-11-24T21:49:00+00:00,2023-11-25T00:04:31.066Z,2655984,Belfast
Light cloud and light winds,36,3,38,7,4,89,2023-11-25,0,Precipitation is not expected,1017,3,38,23:00,1,Good,7,Light Cloud,Light winds from the south east,SE,SE,South Easterly,4,2,2023-11-24T21:49:00+00:00,2023-11-25T00:04:31.066Z,2655984,Belfast
Light cloud and light winds,36,3,38,7,4,88,2023-11-26,0,Precipitation is not expected,1016,4,39,00:00,1,Good,7,Light Cloud,Light winds from the south east,SE,SE,South Easterly,3,2,2023-11-24T21:49:00+00:00,2023-11-25T00:04:31.066Z,2655984,Belfast
Light cloud and light winds,36,4,39,7,4,86,2023-11-26,0,Precipitation is not expected,1016,4,39,01:00,1,Good,7,Light Cloud,Light winds from the south east,SE,SE,South Easterly,4,2,2023-11-24T21:49:00+00:00,2023-11-25T00:04:31.066Z,2655984,Belfast
Light cloud and light winds,36,4,39,8,5,87,2023-11-26,0,Precipitation is not expected,1016,4,40,02:00,1,Good,7,Light Cloud,Light winds from the south east,SE,SE,South Easterly,3,2,2023-11-24T21:49:00+00:00,2023-11-25T00:04:31.066Z,2655984,Belfast
Light cloud and light winds,36,4,40,7,5,89,2023-11-26,0,Precipitation is not expected,1015,5,40,03:00,1,Good,7,Light Cloud,Light winds from the south east,SE,SE,South Easterly,4,2,2023-11-24T21:49:00+00:00,2023-11-25T00:04:31.066Z,2655984,Belfast
Light cloud and light winds,36,5,40,9,5,89,2023-11-26,0,Precipitation is not expected,1014,5,41,04:00,1,Good,7,Light Cloud,Light winds from the south east,SE,SE,South Easterly,4,2,2023-11-24T21:49:00+00:00,2023-11-25T00:04:31.066Z,2655984,Belfast
Light cloud and light winds,36,5,41,8,5,90,2023-11-26,19,Low chance of precipitation,1013,5,41,05:00,1,Good,7,Light Cloud,Light winds from the south east,SE,SE,South Easterly,5,3,2023-11-24T21:49:00+00:00,2023-11-25T00:04:31.066Z,2655984,Belfast
Thick cloud and light winds,37,5,42,10,6,91,2023-11-26,30,Low chance of precipitation,1013,6,42,06:00,1,Good,8,Thick Cloud,Light winds from the south east,SE,SE,South Easterly,5,3,2023-11-24T21:49:00+00:00,2023-11-25T00:04:31.066Z,2655984,Belfast
Drizzle and light winds,38,6,42,12,7,91,2023-11-26,39,Chance of precipitation,1012,6,42,07:00,1,Good,11,Drizzle,Light winds from the south east,SE,SE,South Easterly,5,3,2023-11-24T21:49:00+00:00,2023-11-25T00:04:31.066Z,2655984,Belfast
Light rain and light winds,39,6,43,12,8,91,2023-11-26,52,Chance of precipitation,1011,6,43,08:00,1,Good,12,Light Rain,Light winds from the south east,SE,SE,South Easterly,5,3,2023-11-24T21:49:00+00:00,2023-11-25T00:04:31.066Z,2655984,Belfast
Light rain and light winds,12,7,44,14,9,93,2023-11-26,53,Chance of precipitation,1011,7,44,09:00,1,Good,12,Light Rain,Light winds from the south south east,SSE,SSE,South South Easterly,5,3,2023-11-24T21:49:00+00:00,2023-11-25T00:04:31.066Z,2655984,Belfast
Light rain and light winds,12,7,45,17,11,94,2023-11-26,70,Chance of precipitation,1010,7,45,10:00,1,Moderate,12,Light Rain,Light winds from the south south east,SSE,SSE,South South Easterly,7,5,2023-11-24T21:49:00+00:00,2023-11-25T00:04:31.066Z,2655984,Belfast
Light rain and light winds,12,7,45,18,11,93,2023-11-26,70,Chance of precipitation,1009,8,47,11:00,1,Moderate,12,Light Rain,Light winds from the south south east,SSE,SSE,South South Easterly,8,5,2023-11-24T21:49:00+00:00,2023-11-25T00:04:31.066Z,2655984,Belfast
Light rain and light winds,12,8,46,18,11,93,2023-11-26,70,Chance of precipitation,1009,9,48,12:00,1,Moderate,12,Light Rain,Light winds from the south south east,SSE,SSE,South South Easterly,9,5,2023-11-24T21:49:00+00:00,2023-11-25T00:04:31.066Z,2655984,Belfast
Light rain and light winds,12,8,46,18,11,93,2023-11-26,68,Chance of precipitation,1008,9,48,13:00,1,Moderate,12,Light Rain,Light winds from the south south east,SSE,SSE,South South Easterly,9,6,2023-11-24T21:49:00+00:00,2023-11-25T00:04:31.066Z,2655984,Belfast
Light rain and light winds,12,8,47,16,10,93,2023-11-26,70,Chance of precipitation,1007,9,48,14:00,1,Moderate,12,Light Rain,Light winds from the south south east,SSE,SSE,South South Easterly,9,5,2023-11-24T21:49:00+00:00,2023-11-25T00:04:31.066Z,2655984,Belfast
Light rain and light winds,12,8,47,15,9,92,2023-11-26,66,Chance of precipitation,1007,9,48,15:00,1,Moderate,12,Light Rain,Light winds from the south south east,SSE,SSE,South South Easterly,8,5,2023-11-24T21:49:00+00:00,2023-11-25T00:04:31.066Z,2655984,Belfast
Light rain and light winds,12,9,48,13,8,93,2023-11-26,57,Chance of precipitation,1006,9,48,16:00,1,Moderate,12,Light Rain,Light winds from the south south east,SSE,SSE,South South Easterly,7,4,2023-11-24T21:49:00+00:00,2023-11-25T00:04:31.066Z,2655984,Belfast
Light rain and light winds,39,9,48,10,6,94,2023-11-26,66,Chance of precipitation,1006,9,47,17:00,1,Moderate,12,Light Rain,Light winds from the south east,SE,SE,South Easterly,5,3,2023-11-24T21:49:00+00:00,2023-11-25T00:04:31.066Z,2655984,Belfast
Light rain and light winds,39,8,47,12,7,94,2023-11-26,66,Chance of precipitation,1006,8,47,18:00,1,Moderate,12,Light Rain,Light winds from the south east,SE,SE,South Easterly,7,4,2023-11-24T21:49:00+00:00,2023-11-25T00:04:31.066Z,2655984,Belfast
Light rain and light winds,39,8,46,12,7,95,2023-11-26,55,Chance of precipitation,1006,8,46,19:00,1,Moderate,12,Light Rain,Light winds from the south south east,SSE,SSE,South South Easterly,6,4,2023-11-24T21:49:00+00:00,2023-11-25T00:04:31.066Z,2655984,Belfast
Light rain and light winds,39,8,46,12,7,95,2023-11-26,54,Chance of precipitation,1005,8,46,20:00,1,Moderate,12,Light Rain,Light winds from the south east,SE,SE,South Easterly,7,4,2023-11-24T21:49:00+00:00,2023-11-25T00:04:31.066Z,2655984,Belfast
Light rain and light winds,39,8,46,13,8,96,2023-11-26,56,Chance of precipitation,1005,8,46,21:00,1,Poor,12,Light Rain,Light winds from the south east,SE,SE,South Easterly,7,4,2023-11-24T21:49:00+00:00,2023-11-25T00:04:31.066Z,2655984,Belfast
Light rain and light winds,39,7,45,14,9,97,2023-11-26,61,Chance of precipitation,1005,7,45,22:00,1,Moderate,12,Light Rain,Light winds from the east south east,ESE,ESE,East South Easterly,6,4,2023-11-24T21:49:00+00:00,2023-11-25T00:04:31.066Z,2655984,Belfast
Light rain and light winds,39,7,45,15,9,97,2023-11-26,65,Chance of precipitation,1005,7,45,23:00,1,Moderate,12,Light Rain,Light winds from the east north east,ENE,ENE,East North Easterly,6,4,2023-11-24T21:49:00+00:00,2023-11-25T00:04:31.066Z,2655984,Belfast
Light rain and light winds,39,7,44,16,10,97,2023-11-27,67,Chance of precipitation,1004,7,44,00:00,1,Good,12,Light Rain,Light winds from the east north east,ENE,ENE,East North Easterly,6,4,2023-11-24T21:49:00+00:00,2023-11-25T00:04:31.066Z,2655984,Belfast
Light rain and light winds,39,7,44,16,10,96,2023-11-27,70,Chance of precipitation,1004,7,44,01:00,1,Poor,12,Light Rain,Light winds from the north east,NE,NE,North Easterly,7,4,2023-11-24T21:49:00+00:00,2023-11-25T00:04:31.066Z,2655984,Belfast
Light rain and light winds,39,7,44,18,11,96,2023-11-27,68,Chance of precipitation,1004,7,44,02:00,1,Poor,12,Light Rain,Light winds from the north east,NE,NE,North Easterly,7,4,2023-11-24T21:49:00+00:00,2023-11-25T00:04:31.066Z,2655984,Belfast
Light rain and light winds,39,6,42,21,13,96,2023-11-27,57,Chance of precipitation,1004,7,44,03:00,1,Moderate,12,Light Rain,Light winds from the north north east,NNE,NNE,North North Easterly,8,5,2023-11-24T21:49:00+00:00,2023-11-25T00:04:31.066Z,2655984,Belfast
Light rain and light winds,39,5,42,23,14,94,2023-11-27,49,Chance of precipitation,1005,7,44,04:00,1,Moderate,12,Light Rain,Light winds from the north east,NE,NE,North Easterly,9,6,2023-11-24T21:49:00+00:00,2023-11-25T00:04:31.066Z,2655984,Belfast
Light rain and light winds,39,5,41,27,17,93,2023-11-27,56,Chance of precipitation,1005,7,44,05:00,1,Good,12,Light Rain,Light winds from the north east,NE,NE,North Easterly,10,6,2023-11-24T21:49:00+00:00,2023-11-25T00:04:31.066Z,2655984,Belfast
Light rain and light winds,39,5,41,26,16,93,2023-11-27,41,Chance of precipitation,1005,7,44,06:00,1,Good,12,Light Rain,Light winds from the north north east,NNE,NNE,North North Easterly,11,7,2023-11-24T21:49:00+00:00,2023-11-25T00:04:31.066Z,2655984,Belfast
Light cloud and light winds,36,5,40,26,16,89,2023-11-27,0,Precipitation is not expected,1006,7,44,07:00,1,Good,7,Light Cloud,Light winds from the north north east,NNE,NNE,North North Easterly,10,6,2023-11-24T21:49:00+00:00,2023-11-25T00:04:31.066Z,2655984,Belfast
Partly cloudy and light winds,2,4,40,26,16,88,2023-11-27,0,Precipitation is not expected,1006,6,43,08:00,1,Good,2,Partly Cloudy,Light winds from the north north east,NNE,NNE,North North Easterly,10,6,2023-11-24T21:49:00+00:00,2023-11-25T00:04:31.066Z,2655984,Belfast
Sunny intervals and light winds,3,4,39,28,18,89,2023-11-27,0,Precipitation is not expected,1007,6,43,09:00,1,Good,3,Sunny Intervals,Light winds from the north north east,NNE,NNE,North North Easterly,10,6,2023-11-24T21:49:00+00:00,2023-11-25T00:04:31.066Z,2655984,Belfast
Sunny intervals and light winds,3,5,40,28,18,86,2023-11-27,14,Low chance of precipitation,1008,7,44,10:00,1,Good,3,Sunny Intervals,Light winds from the north north east,NNE,NNE,North North Easterly,12,7,2023-11-24T21:49:00+00:00,2023-11-25T00:04:31.066Z,2655984,Belfast
Sunny intervals and a gentle breeze,3,5,41,28,18,81,2023-11-27,0,Precipitation is not expected,1008,7,45,11:00,1,Good,3,Sunny Intervals,A gentle breeze from the north north east,NNE,NNE,North North Easterly,12,8,2023-11-24T21:49:00+00:00,2023-11-25T00:04:31.066Z,2655984,Belfast
Sunny intervals and a gentle breeze,3,5,42,27,17,77,2023-11-27,0,Precipitation is not expected,1009,7,45,12:00,1,Good,3,Sunny Intervals,A gentle breeze from the north north east,NNE,NNE,North North Easterly,13,8,2023-11-24T21:49:00+00:00,2023-11-25T00:04:31.066Z,2655984,Belfast
Sunny and a gentle breeze,1,5,41,27,17,77,2023-11-27,0,Precipitation is not expected,1009,7,45,13:00,1,Good,1,Sunny,A gentle breeze from the north,N,N,Northerly,14,9,2023-11-24T21:49:00+00:00,2023-11-25T00:04:31.066Z,2655984,Belfast
Sunny and a gentle breeze,1,5,41,26,16,77,2023-11-27,0,Precipitation is not expected,1010,7,45,14:00,1,Good,1,Sunny,A gentle breeze from the north,N,N,Northerly,13,8,2023-11-24T21:49:00+00:00,2023-11-25T00:04:31.066Z,2655984,Belfast
Sunny and light winds,1,5,41,23,14,76,2023-11-27,0,Precipitation is not expected,1010,7,45,15:00,1,Good,1,Sunny,Light winds from the north,N,N,Northerly,12,7,2023-11-24T21:49:00+00:00,2023-11-25T00:04:31.066Z,2655984,Belfast
Sunny and light winds,1,4,39,19,12,79,2023-11-27,0,Precipitation is not expected,1011,6,43,16:00,1,Good,1,Sunny,Light winds from the north,N,N,Northerly,11,7,2023-11-24T21:49:00+00:00,2023-11-25T00:04:31.066Z,2655984,Belfast
A clear sky and light winds,0,3,38,16,10,81,2023-11-27,0,Precipitation is not expected,1012,6,42,17:00,1,Good,0,Clear Sky,Light winds from the north,N,N,Northerly,10,6,2023-11-24T21:49:00+00:00,2023-11-25T00:04:31.066Z,2655984,Belfast
A clear sky and light winds,0,3,37,15,9,82,2023-11-27,0,Precipitation is not expected,1012,5,41,18:00,1,Good,0,Clear Sky,Light winds from the north,N,N,Northerly,10,6,2023-11-24T21:49:00+00:00,2023-11-25T00:04:31.066Z,2655984,Belfast
A clear sky and light winds,0,3,37,14,9,84,2023-11-27,0,Precipitation is not expected,1013,5,41,19:00,1,Good,0,Clear Sky,Light winds from the north,N,N,Northerly,9,6,2023-11-24T21:49:00+00:00,2023-11-25T00:04:31.066Z,2655984,Belfast
Partly cloudy and light winds,2,2,36,13,8,84,2023-11-27,0,Precipitation is not expected,1013,5,40,20:00,1,Good,2,Partly Cloudy,Light winds from the north,N,N,Northerly,9,6,2023-11-24T21:49:00+00:00,2023-11-25T00:04:31.066Z,2655984,Belfast
Partly cloudy and light winds,2,2,36,12,7,85,2023-11-27,0,Precipitation is not expected,1014,4,40,21:00,1,Good,2,Partly Cloudy,Light winds from the north,N,N,Northerly,9,5,2023-11-24T21:49:00+00:00,2023-11-25T00:04:31.066Z,2655984,Belfast
Partly cloudy and light winds,2,2,35,11,7,87,2023-11-27,0,Precipitation is not expected,1014,4,39,22:00,1,Good,2,Partly Cloudy,Light winds from the north north east,NNE,NNE,North North Easterly,8,5,2023-11-24T21:49:00+00:00,2023-11-25T00:04:31.066Z,2655984,Belfast
Partly cloudy and light winds,2,3,38,10,6,88,2023-11-27,0,Precipitation is not expected,1015,4,39,23:00,1,Moderate,2,Partly Cloudy,Light winds from the north north east,NNE,NNE,North North Easterly,7,5,2023-11-24T21:49:00+00:00,2023-11-25T00:04:31.066Z,2655984,Belfast
A clear sky and light winds,0,3,37,9,6,89,2023-11-28,0,Precipitation is not expected,1015,3,38,00:00,1,Moderate,0,Clear Sky,Light winds from the north north east,NNE,NNE,North North Easterly,7,4,2023-11-24T21:49:00+00:00,2023-11-25T00:04:31.066Z,2655984,Belfast
A clear sky and light winds,0,3,37,9,5,89,2023-11-28,0,Precipitation is not expected,1015,3,37,01:00,1,Moderate,0,Clear Sky,Light winds from the north north east,NNE,NNE,North North Easterly,7,4,2023-11-24T21:49:00+00:00,2023-11-25T00:04:31.066Z,2655984,Belfast
A clear sky and light winds,0,3,37,8,5,89,2023-11-28,0,Precipitation is not expected,1016,3,37,02:00,1,Moderate,0,Clear Sky,Light winds from the north north east,NNE,NNE,North North Easterly,5,3,2023-11-24T21:49:00+00:00,2023-11-25T00:04:31.066Z,2655984,Belfast
Partly cloudy and light winds,2,2,36,8,5,91,2023-11-28,0,Precipitation is not expected,1016,3,37,03:00,1,Moderate,2,Partly Cloudy,Light winds from the north east,NE,NE,North Easterly,5,3,2023-11-24T21:49:00+00:00,2023-11-25T00:04:31.066Z,2655984,Belfast
Partly cloudy and light winds,2,2,36,7,5,91,2023-11-28,0,Precipitation is not expected,1016,2,36,04:00,1,Moderate,2,Partly Cloudy,Light winds from the north east,NE,NE,North Easterly,5,3,2023-11-24T21:49:00+00:00,2023-11-25T00:04:31.066Z,2655984,Belfast
Partly cloudy and light winds,2,2,35,7,4,92,2023-11-28,0,Precipitation is not expected,1016,2,36,05:00,1,Moderate,2,Partly Cloudy,Light winds from the east north east,ENE,ENE,East North Easterly,5,3,2023-11-24T21:49:00+00:00,2023-11-25T00:04:31.066Z,2655984,Belfast
Partly cloudy and light winds,2,2,35,7,4,93,2023-11-28,0,Precipitation is not expected,1016,2,35,06:00,1,Moderate,2,Partly Cloudy,Light winds from the north east,NE,NE,North Easterly,4,2,2023-11-24T21:49:00+00:00,2023-11-25T00:04:31.066Z,2655984,Belfast
Partly cloudy and light winds,2,2,35,7,4,93,2023-11-28,0,Precipitation is not expected,1016,2,35,07:00,1,Moderate,2,Partly Cloudy,Light winds from the north east,NE,NE,North Easterly,4,2,2023-11-24T21:49:00+00:00,2023-11-25T00:04:31.066Z,2655984,Belfast
Partly cloudy and light winds,2,1,35,6,4,93,2023-11-28,0,Precipitation is not expected,1017,2,35,08:00,1,Moderate,2,Partly Cloudy,Light winds from the north east,NE,NE,North Easterly,3,2,2023-11-24T21:49:00+00:00,2023-11-25T00:04:31.066Z,2655984,Belfast
Sunny intervals and light winds,3,2,35,7,4,93,2023-11-28,0,Precipitation is not expected,1017,2,35,09:00,1,Moderate,3,Sunny Intervals,Light winds from the south west,SW,SW,South Westerly,2,1,2023-11-24T21:49:00+00:00,2023-11-25T00:04:31.066Z,2655984,Belfast
Sunny intervals and light winds,3,3,37,6,4,92,2023-11-28,0,Precipitation is not expected,1017,3,37,10:00,1,Moderate,3,Sunny Intervals,Light winds from the south west,SW,SW,South Westerly,3,2,2023-11-24T21:49:00+00:00,2023-11-25T00:04:31.066Z,2655984,Belfast
Sunny intervals and light winds,3,4,39,7,4,88,2023-11-28,0,Precipitation is not expected,1017,4,39,11:00,1,Moderate,3,Sunny Intervals,Light winds from the south west,SW,SW,South Westerly,3,2,2023-11-24T21:49:00+00:00,2023-11-25T00:04:31.066Z,2655984,Belfast
Sunny intervals and light winds,3,5,41,9,5,85,2023-11-28,0,Precipitation is not expected,1016,5,41,12:00,1,Moderate,3,Sunny Intervals,Light winds from the south south west,SSW,SSW,South South Westerly,3,2,2023-11-24T21:49:00+00:00,2023-11-25T00:04:31.066Z,2655984,Belfast
Sunny intervals and light winds,3,5,41,9,6,85,2023-11-28,0,Precipitation is not expected,1016,5,41,13:00,1,Moderate,3,Sunny Intervals,Light winds from the west south west,WSW,WSW,West South Westerly,3,2,2023-11-24T21:49:00+00:00,2023-11-25T00:04:31.066Z,2655984,Belfast
Sunny intervals and light winds,3,5,41,9,6,85,2023-11-28,0,Precipitation is not expected,1016,5,41,14:00,1,Moderate,3,Sunny Intervals,Light winds from the west,W,W,Westerly,4,2,2023-11-24T21:49:00+00:00,2023-11-25T00:04:31.066Z,2655984,Belfast
Sunny intervals and light winds,3,5,41,9,6,86,2023-11-28,0,Precipitation is not expected,1016,5,41,15:00,1,Moderate,3,Sunny Intervals,Light winds from the west south west,WSW,WSW,West South Westerly,4,2,2023-11-24T21:49:00+00:00,2023-11-25T00:04:31.066Z,2655984,Belfast
Sunny intervals and light winds,3,4,39,9,5,88,2023-11-28,0,Precipitation is not expected,1016,4,40,16:00,1,Moderate,3,Sunny Intervals,Light winds from the west south west,WSW,WSW,West South Westerly,4,2,2023-11-24T21:49:00+00:00,2023-11-25T00:04:31.066Z,2655984,Belfast
Partly cloudy and light winds,2,3,38,8,5,91,2023-11-28,0,Precipitation is not expected,1016,3,38,17:00,1,Moderate,2,Partly Cloudy,Light winds from the west,W,W,Westerly,4,2,2023-11-24T21:49:00+00:00,2023-11-25T00:04:31.066Z,2655984,Belfast
Partly cloudy and light winds,2,2,36,8,5,92,2023-11-28,0,Precipitation is not expected,1016,3,37,18:00,1,Moderate,2,Partly Cloudy,Light winds from the west south west,WSW,WSW,West South Westerly,4,2,2023-11-24T21:49:00+00:00,2023-11-25T00:04:31.066Z,2655984,Belfast
Partly cloudy and light winds,2,2,35,8,5,94,2023-11-28,0,Precipitation is not expected,1016,2,36,19:00,1,Moderate,2,Partly Cloudy,Light winds from the west south west,WSW,WSW,West South Westerly,4,2,2023-11-24T21:49:00+00:00,2023-11-25T00:04:31.066Z,2655984,Belfast
Partly cloudy and light winds,2,2,35,8,5,94,2023-11-28,0,Precipitation is not expected,1015,2,35,20:00,1,Moderate,2,Partly Cloudy,Light winds from the west south west,WSW,WSW,West South Westerly,4,3,2023-11-24T21:49:00+00:00,2023-11-25T00:04:31.066Z,2655984,Belfast
Partly cloudy and light winds,2,1,34,8,5,95,2023-11-28,0,Precipitation is not expected,1015,1,35,21:00,1,Moderate,2,Partly Cloudy,Light winds from the west south west,WSW,WSW,West South Westerly,4,3,2023-11-24T21:49:00+00:00,2023-11-25T00:04:31.066Z,2655984,Belfast
Partly cloudy and light winds,2,1,34,8,5,96,2023-11-28,0,Precipitation is not expected,1015,1,34,22:00,1,Moderate,2,Partly Cloudy,Light winds from the west south west,WSW,WSW,West South Westerly,4,3,2023-11-24T21:49:00+00:00,2023-11-25T00:04:31.066Z,2655984,Belfast
Partly cloudy and light winds,2,1,33,8,5,96,2023-11-28,0,Precipitation is not expected,1014,1,34,23:00,1,Moderate,2,Partly Cloudy,Light winds from the west south west,WSW,WSW,West South Westerly,4,2,2023-11-24T21:49:00+00:00,2023-11-25T00:04:31.066Z,2655984,Belfast
Misty and light winds,34,1,33,8,5,97,2023-11-29,0,Precipitation is not expected,1014,1,33,00:00,1,Moderate,5,Mist,Light winds from the west south west,WSW,WSW,West South Westerly,4,3,2023-11-24T21:49:00+00:00,2023-11-25T00:04:31.066Z,2655984,Belfast
Misty and light winds,34,0,33,7,5,97,2023-11-29,0,Precipitation is not expected,1013,0,33,01:00,1,Moderate,5,Mist,Light winds from the west,W,W,Westerly,4,3,2023-11-24T21:49:00+00:00,2023-11-25T00:04:31.066Z,2655984,Belfast
Misty and light winds,34,1,33,7,5,96,2023-11-29,0,Precipitation is not expected,1013,1,33,02:00,1,Moderate,5,Mist,Light winds from the west,W,W,Westerly,4,2,2023-11-24T21:49:00+00:00,2023-11-25T00:04:31.066Z,2655984,Belfast
Misty and light winds,34,1,33,9,5,96,2023-11-29,0,Precipitation is not expected,1012,1,33,03:00,1,Moderate,5,Mist,Light winds from the west,W,W,Westerly,5,3,2023-11-24T21:49:00+00:00,2023-11-25T00:04:31.066Z,2655984,Belfast
Misty and light winds,34,1,33,10,6,96,2023-11-29,0,Precipitation is not expected,1012,1,33,04:00,1,Moderate,5,Mist,Light winds from the west south west,WSW,WSW,West South Westerly,5,3,2023-11-24T21:49:00+00:00,2023-11-25T00:04:31.066Z,2655984,Belfast
Misty and light winds,34,1,33,11,7,97,2023-11-29,0,Precipitation is not expected,1011,1,33,05:00,1,Poor,5,Mist,Light winds from the west south west,WSW,WSW,West South Westerly,6,4,2023-11-24T21:49:00+00:00,2023-11-25T00:04:31.066Z,2655984,Belfast
Misty and light winds,34,1,33,11,7,97,2023-11-29,16,Low chance of precipitation,1011,1,33,06:00,1,Poor,5,Mist,Light winds from the west,W,W,Westerly,6,4,2023-11-24T21:49:00+00:00,2023-11-25T00:04:31.066Z,2655984,Belfast
Sleet and light winds,41,1,34,12,7,97,2023-11-29,33,Chance of precipitation,1010,1,34,07:00,1,Moderate,18,Sleet,Light winds from the west south west,WSW,WSW,West South Westerly,6,4,2023-11-24T21:49:00+00:00,2023-11-25T00:04:31.066Z,2655984,Belfast
Sleet and light winds,41,1,35,11,7,94,2023-11-29,33,Chance of precipitation,1010,1,35,08:00,1,Moderate,18,Sleet,Light winds from the south west,SW,SW,South Westerly,5,3,2023-11-24T21:49:00+00:00,2023-11-25T00:04:31.066Z,2655984,Belfast
Light rain and light winds,12,2,35,12,7,94,2023-11-29,35,Chance of precipitation,1009,2,36,09:00,1,Moderate,12,Light Rain,Light winds from the south west,SW,SW,South Westerly,4,3,2023-11-24T21:49:00+00:00,2023-11-25T00:04:31.066Z,2655984,Belfast
Light rain and light winds,12,3,37,13,8,95,2023-11-29,39,Chance of precipitation,1009,3,37,10:00,1,Moderate,12,Light Rain,Light winds from the south,S,S,Southerly,4,3,2023-11-24T21:49:00+00:00,2023-11-25T00:04:31.066Z,2655984,Belfast
Light rain and light winds,12,4,39,14,9,90,2023-11-29,40,Chance of precipitation,1009,4,39,11:00,1,Moderate,12,Light Rain,Light winds from the south west,SW,SW,South Westerly,5,3,2023-11-24T21:49:00+00:00,2023-11-25T00:04:31.066Z,2655984,Belfast
Light rain and light winds,12,5,40,16,10,88,2023-11-29,41,Chance of precipitation,1008,5,41,12:00,1,Moderate,12,Light Rain,Light winds from the south south west,SSW,SSW,South South Westerly,6,4,2023-11-24T21:49:00+00:00,2023-11-25T00:04:31.066Z,2655984,Belfast
Light rain and light winds,12,5,40,17,10,88,2023-11-29,47,Chance of precipitation,1008,5,41,13:00,1,Moderate,12,Light Rain,Light winds from the south west,SW,SW,South Westerly,6,4,2023-11-24T21:49:00+00:00,2023-11-25T00:04:31.066Z,2655984,Belfast
Light rain and light winds,12,5,41,17,10,87,2023-11-29,47,Chance of precipitation,1008,5,41,14:00,1,Moderate,12,Light Rain,Light winds from the west south west,WSW,WSW,West South Westerly,7,4,2023-11-24T21:49:00+00:00,2023-11-25T00:04:31.066Z,2655984,Belfast
Light rain and light winds,12,5,41,17,10,85,2023-11-29,47,Chance of precipitation,1008,5,41,15:00,1,Good,12,Light Rain,Light winds from the west south west,WSW,WSW,West South Westerly,7,4,2023-11-24T21:49:00+00:00,2023-11-25T00:04:31.066Z,2655984,Belfast
Light rain and light winds,12,5,40,16,10,86,2023-11-29,12,Low chance of precipitation,1008,5,41,16:00,1,Good,12,Light Rain,Light winds from the west,W,W,Westerly,7,4,2023-11-24T21:49:00+00:00,2023-11-25T00:04:31.066Z,2655984,Belfast
Light rain and light winds,39,4,39,17,11,87,2023-11-29,12,Low chance of precipitation,1007,4,40,17:00,1,Good,12,Light Rain,Light winds from the west,W,W,Westerly,7,4,2023-11-24T21:49:00+00:00,2023-11-25T00:04:31.066Z,2655984,Belfast
Light rain and light winds,39,4,39,17,10,88,2023-11-29,12,Low chance of precipitation,1007,4,39,18:00,1,Good,12,Light Rain,Light winds from the west,W,W,Westerly,7,5,2023-11-24T21:49:00+00:00,2023-11-25T00:04:31.066Z,2655984,Belfast
Partly cloudy and light winds,2,3,38,17,10,90,2023-11-29,0,Precipitation is not expected,1007,4,39,19:00,1,Good,2,Partly Cloudy,Light winds from the west,W,W,Westerly,7,5,2023-11-24T21:49:00+00:00,2023-11-25T00:04:31.066Z,2655984,Belfast
Partly cloudy and light winds,2,1,35,16,10,90,2023-11-29,0,Precipitation is not expected,1007,3,38,20:00,1,Good,2,Partly Cloudy,Light winds from the west,W,W,Westerly,8,5,2023-11-24T21:49:00+00:00,2023-11-25T00:04:31.066Z,2655984,Belfast
Partly cloudy and light winds,2,1,34,16,10,90,2023-11-29,0,Precipitation is not expected,1007,3,38,21:00,1,Good,2,Partly Cloudy,Light winds from the west,W,W,Westerly,8,5,2023-11-24T21:49:00+00:00,2023-11-25T00:04:31.066Z,2655984,Belfast
Light rain and light winds,39,3,37,16,10,92,2023-11-29,20,Low chance of precipitation,1006,3,37,22:00,1,Good,12,Light Rain,Light winds from the west,W,W,Westerly,7,5,2023-11-24T21:49:00+00:00,2023-11-25T00:04:31.066Z,2655984,Belfast
Light rain and light winds,39,3,37,16,10,92,2023-11-29,20,Low chance of precipitation,1006,3,37,23:00,1,Good,12,Light Rain,Light winds from the north west,NW,NW,North Westerly,7,5,2023-11-24T21:49:00+00:00,2023-11-25T00:04:31.066Z,2655984,Belfast
Light rain and light winds,39,1,33,15,9,92,2023-11-30,20,Low chance of precipitation,1006,3,37,00:00,1,Good,12,Light Rain,Light winds from the north,N,N,Northerly,8,5,2023-11-24T21:49:00+00:00,2023-11-25T00:04:31.066Z,2655984,Belfast
Light rain and light winds,39,0,33,14,9,92,2023-11-30,40,Chance of precipitation,1005,3,37,01:00,1,Good,12,Light Rain,Light winds from the north,N,N,Northerly,8,5,2023-11-24T21:49:00+00:00,2023-11-25T00:04:31.066Z,2655984,Belfast
Light rain and light winds,39,0,33,13,8,91,2023-11-30,40,Chance of precipitation,1005,3,37,02:00,1,Good,12,Light Rain,Light winds from the north,N,N,Northerly,8,5,2023-11-24T21:49:00+00:00,2023-11-25T00:04:31.066Z,2655984,Belfast
Light rain and light winds,39,0,32,13,8,92,2023-11-30,40,Chance of precipitation,1004,3,37,03:00,1,Moderate,12,Light Rain,Light winds from the north,N,N,Northerly,9,6,2023-11-24T21:49:00+00:00,2023-11-25T00:04:31.066Z,2655984,Belfast
Light rain and light winds,39,0,32,14,9,92,2023-11-30,42,Chance of precipitation,1004,3,37,04:00,1,Moderate,12,Light Rain,Light winds from the north north east,NNE,NNE,North North Easterly,10,6,2023-11-24T21:49:00+00:00,2023-11-25T00:04:31.066Z,2655984,Belfast
Light rain and light winds,39,0,32,14,9,92,2023-11-30,42,Chance of precipitation,1004,3,37,05:00,1,Moderate,12,Light Rain,Light winds from the north north east,NNE,NNE,North North Easterly,10,6,2023-11-24T21:49:00+00:00,2023-11-25T00:04:31.066Z,2655984,Belfast
Light rain and light winds,39,0,31,15,9,93,2023-11-30,42,Chance of precipitation,1003,3,37,06:00,1,Good,12,Light Rain,Light winds from the north north east,NNE,NNE,North North Easterly,11,7,2023-11-24T21:49:00+00:00,2023-11-25T00:04:31.066Z,2655984,Belfast
Light rain and light winds,39,0,31,15,9,92,2023-11-30,53,Chance of precipitation,1003,3,37,07:00,1,Good,12,Light Rain,Light winds from the north,N,N,Northerly,10,6,2023-11-24T21:49:00+00:00,2023-11-25T00:04:31.066Z,2655984,Belfast
Light rain and light winds,39,0,31,16,10,92,2023-11-30,53,Chance of precipitation,1003,2,36,08:00,1,Good,12,Light Rain,Light winds from the north,N,N,Northerly,10,6,2023-11-24T21:49:00+00:00,2023-11-25T00:04:31.066Z,2655984,Belfast
Light rain and light winds,12,0,32,17,11,92,2023-11-30,53,Chance of precipitation,1003,3,37,09:00,1,Good,12,Light Rain,Light winds from the north,N,N,Northerly,9,6,2023-11-24T21:49:00+00:00,2023-11-25T00:04:31.066Z,2655984,Belfast
Light rain showers and light winds,10,1,34,19,12,90,2023-11-30,34,Chance of precipitation,1003,3,38,10:00,1,Good,10,Light Rain Showers,Light winds from the north,N,N,Northerly,10,6,2023-11-24T21:49:00+00:00,2023-11-25T00:04:31.066Z,2655984,Belfast
Light rain showers and light winds,10,1,35,21,13,87,2023-11-30,34,Chance of precipitation,1003,4,39,11:00,1,Good,10,Light Rain Showers,Light winds from the north,N,N,Northerly,10,6,2023-11-24T21:49:00+00:00,2023-11-25T00:04:31.066Z,2655984,Belfast
Light rain showers and light winds,10,2,36,18,11,84,2023-11-30,34,Chance of precipitation,1003,5,41,12:00,1,Good,10,Light Rain Showers,Light winds from the north,N,N,Northerly,12,7,2023-11-24T21:49:00+00:00,2023-11-25T00:04:31.066Z,2655984,Belfast
Sunny intervals and light winds,3,2,36,17,11,84,2023-11-30,14,Low chance of precipitation,1002,5,41,13:00,1,Good,3,Sunny Intervals,Light winds from the north,N,N,Northerly,12,7,2023-11-24T21:49:00+00:00,2023-11-25T00:04:31.066Z,2655984,Belfast
Sunny intervals and light winds,3,3,37,17,10,83,2023-11-30,14,Low chance of precipitation,1002,5,41,14:00,1,Good,3,Sunny Intervals,Light winds from the north,N,N,Northerly,11,7,2023-11-24T21:49:00+00:00,2023-11-25T00:04:31.066Z,2655984,Belfast
Sunny intervals and light winds,3,2,36,16,10,82,2023-11-30,14,Low chance of precipitation,1002,5,41,15:00,1,Good,3,Sunny Intervals,Light winds from the north north east,NNE,NNE,North North Easterly,11,7,2023-11-24T21:49:00+00:00,2023-11-25T00:04:31.066Z,2655984,Belfast
Sunny intervals and light winds,3,2,35,14,9,83,2023-11-30,14,Low chance of precipitation,1002,4,40,16:00,1,Good,3,Sunny Intervals,Light winds from the north north east,NNE,NNE,North North Easterly,11,7,2023-11-24T21:49:00+00:00,2023-11-25T00:04:31.066Z,2655984,Belfast
Partly cloudy and light winds,2,1,34,14,9,85,2023-11-30,18,Low chance of precipitation,1002,4,39,17:00,1,Good,2,Partly Cloudy,Light winds from the north north east,NNE,NNE,North North Easterly,11,7,2023-11-24T21:49:00+00:00,2023-11-25T00:04:31.066Z,2655984,Belfast
Partly cloudy and a gentle breeze,2,0,33,14,9,86,2023-11-30,16,Low chance of precipitation,1002,3,38,18:00,1,Good,2,Partly Cloudy,A gentle breeze from the north north east,NNE,NNE,North North Easterly,13,8,2023-11-24T21:49:00+00:00,2023-11-25T00:04:31.066Z,2655984,Belfast
Light rain showers and a gentle breeze,9,0,32,15,9,88,2023-11-30,39,Chance of precipitation,1002,3,37,19:00,1,Good,9,Light Rain Showers,A gentle breeze from the north north east,NNE,NNE,North North Easterly,12,8,2023-11-24T21:49:00+00:00,2023-11-25T00:04:31.066Z,2655984,Belfast
Light rain showers and a gentle breeze,9,0,32,15,9,88,2023-11-30,39,Chance of precipitation,1003,3,38,20:00,1,Good,9,Light Rain Showers,A gentle breeze from the north north east,NNE,NNE,North North Easterly,13,8,2023-11-24T21:49:00+00:00,2023-11-25T00:04:31.066Z,2655984,Belfast
Light rain showers and a gentle breeze,9,0,32,16,10,88,2023-11-30,39,Chance of precipitation,1003,3,37,21:00,1,Good,9,Light Rain Showers,A gentle breeze from the north north east,NNE,NNE,North North Easterly,12,8,2023-11-24T21:49:00+00:00,2023-11-25T00:04:31.066Z,2655984,Belfast
Drizzle and a gentle breeze,38,-1,31,17,11,90,2023-11-30,49,Chance of precipitation,1003,3,37,22:00,1,Good,11,Drizzle,A gentle breeze from the north north east,NNE,NNE,North North Easterly,12,8,2023-11-24T21:49:00+00:00,2023-11-25T00:04:31.066Z,2655984,Belfast
Drizzle and a gentle breeze,38,-1,31,18,11,90,2023-11-30,49,Chance of precipitation,1003,3,37,23:00,1,Good,11,Drizzle,A gentle breeze from the north north east,NNE,NNE,North North Easterly,12,8,2023-11-24T21:49:00+00:00,2023-11-25T00:04:31.066Z,2655984,Belfast
Drizzle and a gentle breeze,38,-1,31,14,9,90,2023-12-01,49,Chance of precipitation,1003,2,36,00:00,1,Good,11,Drizzle,A gentle breeze from the north north east,NNE,NNE,North North Easterly,12,8,2023-11-24T21:49:00+00:00,2023-11-25T00:04:31.066Z,2655984,Belfast
Light rain showers and light winds,9,-1,31,14,9,90,2023-12-01,51,Chance of precipitation,1003,2,36,01:00,1,Moderate,9,Light Rain Showers,Light winds from the north north east,NNE,NNE,North North Easterly,12,7,2023-11-24T21:49:00+00:00,2023-11-25T00:04:31.066Z,2655984,Belfast
Light rain showers and light winds,9,-1,31,14,9,89,2023-12-01,51,Chance of precipitation,1003,2,36,02:00,1,Moderate,9,Light Rain Showers,Light winds from the north north east,NNE,NNE,North North Easterly,11,7,2023-11-24T21:49:00+00:00,2023-11-25T00:04:31.066Z,2655984,Belfast
Light rain showers and light winds,9,-1,31,16,10,90,2023-12-01,51,Chance of precipitation,1003,2,36,03:00,1,Moderate,9,Light Rain Showers,Light winds from the north north east,NNE,NNE,North North Easterly,12,7,2023-11-24T21:49:00+00:00,2023-11-25T00:04:31.066Z,2655984,Belfast
Light rain showers and light winds,9,0,31,18,11,90,2023-12-01,46,Chance of precipitation,1003,3,37,04:00,1,Good,9,Light Rain Showers,Light winds from the north north east,NNE,NNE,North North Easterly,12,7,2023-11-24T21:49:00+00:00,2023-11-25T00:04:31.066Z,2655984,Belfast
Light rain showers and light winds,9,-1,31,20,12,91,2023-12-01,46,Chance of precipitation,1003,3,37,05:00,1,Good,9,Light Rain Showers,Light winds from the north east,NE,NE,North Easterly,12,7,2023-11-24T21:49:00+00:00,2023-11-25T00:04:31.066Z,2655984,Belfast
Light rain showers and light winds,9,0,31,22,14,91,2023-12-01,46,Chance of precipitation,1003,3,37,06:00,1,Good,9,Light Rain Showers,Light winds from the north north east,NNE,NNE,North North Easterly,11,7,2023-11-25T00:04:31+00:00,2023-11-25T00:04:31.066Z,2655984,Belfast
Light cloud and light winds,36,0,32,24,15,91,2023-12-01,30,Low chance of precipitation,1003,3,37,07:00,1,Good,7,Light Cloud,Light winds from the north north east,NNE,NNE,North North Easterly,10,6,2023-11-25T00:04:31+00:00,2023-11-25T00:04:31.066Z,2655984,Belfast
Light cloud and light winds,36,0,32,24,15,91,2023-12-01,30,Low chance of precipitation,1004,3,37,08:00,1,Good,7,Light Cloud,Light winds from the north north east,NNE,NNE,North North Easterly,10,6,2023-11-25T00:04:31+00:00,2023-11-25T00:04:31.066Z,2655984,Belfast
Light cloud and light winds,7,1,33,27,17,90,2023-12-01,27,Low chance of precipitation,1004,3,38,09:00,1,Good,7,Light Cloud,Light winds from the north north east,NNE,NNE,North North Easterly,9,6,2023-11-25T00:04:31+00:00,2023-11-25T00:04:31.066Z,2655984,Belfast
Drizzle and light winds,11,1,35,29,18,88,2023-12-01,38,Chance of precipitation,1004,4,39,10:00,1,Good,11,Drizzle,Light winds from the north north east,NNE,NNE,North North Easterly,10,6,2023-11-25T00:04:31+00:00,2023-11-25T00:04:31.066Z,2655984,Belfast
Drizzle and light winds,11,2,36,31,19,86,2023-12-01,38,Chance of precipitation,1005,5,40,11:00,1,Good,11,Drizzle,Light winds from the north north east,NNE,NNE,North North Easterly,11,7,2023-11-25T00:04:31+00:00,2023-11-25T00:04:31.066Z,2655984,Belfast
Light rain and a gentle breeze,12,3,37,30,19,83,2023-12-01,38,Chance of precipitation,1005,5,41,12:00,1,Good,12,Light Rain,A gentle breeze from the north north east,NNE,NNE,North North Easterly,12,8,2023-11-25T00:04:31+00:00,2023-11-25T00:04:31.066Z,2655984,Belfast
Sunny intervals and a gentle breeze,3,3,37,30,19,82,2023-12-01,26,Low chance of precipitation,1005,5,41,13:00,1,Good,3,Sunny Intervals,A gentle breeze from the north,N,N,Northerly,13,8,2023-11-25T00:04:31+00:00,2023-11-25T00:04:31.066Z,2655984,Belfast
Sunny intervals and a gentle breeze,3,3,37,29,18,81,2023-12-01,26,Low chance of precipitation,1005,5,41,14:00,1,Good,3,Sunny Intervals,A gentle breeze from the north,N,N,Northerly,13,8,2023-11-25T00:04:31+00:00,2023-11-25T00:04:31.066Z,2655984,Belfast
Sunny intervals and a gentle breeze,3,2,36,28,17,79,2023-12-01,26,Low chance of precipitation,1005,5,41,15:00,1,Good,3,Sunny Intervals,A gentle breeze from the north,N,N,Northerly,13,8,2023-11-25T00:04:31+00:00,2023-11-25T00:04:31.066Z,2655984,Belfast
Sunny intervals and light winds,3,2,35,27,17,81,2023-12-01,16,Low chance of precipitation,1006,5,40,16:00,1,Good,3,Sunny Intervals,Light winds from the north,N,N,Northerly,12,7,2023-11-25T00:04:31+00:00,2023-11-25T00:04:31.066Z,2655984,Belfast
Partly cloudy and light winds,2,1,34,25,16,83,2023-12-01,17,Low chance of precipitation,1006,4,39,17:00,1,Good,2,Partly Cloudy,Light winds from the north,N,N,Northerly,11,7,2023-11-25T00:04:31+00:00,2023-11-25T00:04:31.066Z,2655984,Belfast
Partly cloudy and light winds,2,1,33,22,14,83,2023-12-01,17,Low chance of precipitation,1006,3,38,18:00,1,Good,2,Partly Cloudy,Light winds from the north,N,N,Northerly,12,7,2023-11-25T00:04:31+00:00,2023-11-25T00:04:31.066Z,2655984,Belfast
Partly cloudy and light winds,2,0,32,19,12,85,2023-12-01,20,Low chance of precipitation,1007,3,37,19:00,1,Good,2,Partly Cloudy,Not available,-99,-99,Direction not available,12,7,2023-11-25T00:04:31+00:00,2023-11-25T00:04:31.066Z,2655984,Belfast
Partly cloudy and light winds,2,0,32,16,10,85,2023-12-01,20,Low chance of precipitation,1007,3,37,20:00,1,Good,2,Partly Cloudy,Light winds from the north,N,N,Northerly,12,7,2023-11-25T00:04:31+00:00,2023-11-25T00:04:31.066Z,2655984,Belfast
Partly cloudy and light winds,2,0,31,17,11,86,2023-12-01,20,Low chance of precipitation,1007,3,37,21:00,1,Good,2,Partly Cloudy,Light winds from the north,N,N,Northerly,12,7,2023-11-25T00:04:31+00:00,2023-11-25T00:04:31.066Z,2655984,Belfast
Partly cloudy and light winds,2,-1,31,18,11,88,2023-12-01,21,Low chance of precipitation,1007,2,36,22:00,1,Good,2,Partly Cloudy,Light winds from the north,N,N,Northerly,11,7,2023-11-25T00:04:31+00:00,2023-11-25T00:04:31.066Z,2655984,Belfast
Partly cloudy and light winds,2,-1,31,18,11,89,2023-12-01,23,Low chance of precipitation,1007,2,36,23:00,1,Moderate,2,Partly Cloudy,Light winds from the north,N,N,Northerly,11,7,2023-11-25T00:04:31+00:00,2023-11-25T00:04:31.066Z,2655984,Belfast
Partly cloudy and light winds,2,-1,30,18,11,89,2023-12-02,24,Low chance of precipitation,1008,2,36,00:00,1,Moderate,2,Partly Cloudy,Light winds from the north,N,N,Northerly,11,7,2023-11-25T00:04:31+00:00,2023-11-25T00:04:31.066Z,2655984,Belfast
Partly cloudy and light winds,2,-1,30,17,11,89,2023-12-02,28,Low chance of precipitation,1008,2,35,01:00,1,Moderate,2,Partly Cloudy,Light winds from the north,N,N,Northerly,10,6,2023-11-25T00:04:31+00:00,2023-11-25T00:04:31.066Z,2655984,Belfast
Partly cloudy and light winds,2,-1,31,17,11,88,2023-12-02,28,Low chance of precipitation,1008,2,36,02:00,1,Moderate,2,Partly Cloudy,Light winds from the north,N,N,Northerly,10,6,2023-11-25T00:04:31+00:00,2023-11-25T00:04:31.066Z,2655984,Belfast
Partly cloudy and light winds,2,-1,31,17,11,90,2023-12-02,28,Low chance of precipitation,1008,2,36,03:00,1,Moderate,2,Partly Cloudy,Light winds from the north north west,NNW,NNW,North North Westerly,11,7,2023-11-25T00:04:31+00:00,2023-11-25T00:04:31.066Z,2655984,Belfast
Light cloud and light winds,36,-1,31,18,11,89,2023-12-02,33,Chance of precipitation,1008,2,36,04:00,1,Moderate,7,Light Cloud,Light winds from the north north west,NNW,NNW,North North Westerly,12,7,2023-11-25T00:04:31+00:00,2023-11-25T00:04:31.066Z,2655984,Belfast
Partly cloudy and light winds,2,-1,30,18,11,90,2023-12-02,35,Chance of precipitation,1008,2,36,05:00,1,Moderate,2,Partly Cloudy,Light winds from the north north west,NNW,NNW,North North Westerly,12,7,2023-11-25T00:04:31+00:00,2023-11-25T00:04:31.066Z,2655984,Belfast
Light cloud and light winds,36,-1,30,18,11,91,2023-12-02,36,Chance of precipitation,1008,2,36,06:00,1,Moderate,7,Light Cloud,Light winds from the north north west,NNW,NNW,North North Westerly,12,7,2023-11-25T00:04:31+00:00,2023-11-25T00:04:31.066Z,2655984,Belfast
Partly cloudy and light winds,2,-1,30,17,11,91,2023-12-02,28,Low chance of precipitation,1008,2,36,07:00,1,Moderate,2,Partly Cloudy,Light winds from the north west,NW,NW,North Westerly,11,7,2023-11-25T00:04:31+00:00,2023-11-25T00:04:31.066Z,2655984,Belfast
Drizzle and light winds,38,-1,31,17,11,91,2023-12-02,32,Chance of precipitation,1009,2,36,08:00,1,Moderate,11,Drizzle,Light winds from the north west,NW,NW,North Westerly,10,6,2023-11-25T00:04:31+00:00,2023-11-25T00:04:31.066Z,2655984,Belfast
Sunny intervals and light winds,3,0,32,19,12,92,2023-12-02,22,Low chance of precipitation,1009,3,37,09:00,1,Moderate,3,Sunny Intervals,Light winds from the north west,NW,NW,North Westerly,10,6,2023-11-25T00:04:31+00:00,2023-11-25T00:04:31.066Z,2655984,Belfast
Light rain and light winds,12,1,33,22,14,90,2023-12-02,48,Chance of precipitation,1009,3,38,10:00,1,Good,12,Light Rain,Light winds from the north west,NW,NW,North Westerly,10,6,2023-11-25T00:04:31+00:00,2023-11-25T00:04:31.066Z,2655984,Belfast
Sunny intervals and light winds,3,1,35,25,15,87,2023-12-02,48,Chance of precipitation,1009,4,39,11:00,1,Good,3,Sunny Intervals,Light winds from the north west,NW,NW,North Westerly,11,7,2023-11-25T00:04:31+00:00,2023-11-25T00:04:31.066Z,2655984,Belfast
Sunny and light winds,1,2,36,23,15,85,2023-12-02,48,Chance of precipitation,1009,5,41,12:00,1,Good,1,Sunny,Light winds from the west north west,WNW,WNW,West North Westerly,12,7,2023-11-25T00:04:31+00:00,2023-11-25T00:04:31.066Z,2655984,Belfast
Sunny intervals and a gentle breeze,3,2,36,22,14,84,2023-12-02,10,Low chance of precipitation,1009,5,41,13:00,1,Good,3,Sunny Intervals,A gentle breeze from the north west,NW,NW,North Westerly,13,8,2023-11-25T00:04:31+00:00,2023-11-25T00:04:31.066Z,2655984,Belfast
Sunny and light winds,1,3,37,20,13,83,2023-12-02,5,Low chance of precipitation,1009,5,41,14:00,1,Good,1,Sunny,Light winds from the north west,NW,NW,North Westerly,12,7,2023-11-25T00:04:31+00:00,2023-11-25T00:04:31.066Z,2655984,Belfast
Sunny and light winds,1,2,36,19,12,82,2023-12-02,5,Low chance of precipitation,1009,5,41,15:00,1,Good,1,Sunny,Light winds from the west north west,WNW,WNW,West North Westerly,12,7,2023-11-25T00:04:31+00:00,2023-11-25T00:04:31.066Z,2655984,Belfast
Sunny intervals and light winds,3,2,36,18,11,83,2023-12-02,10,Low chance of precipitation,1009,4,40,16:00,1,Good,3,Sunny Intervals,Light winds from the north west,NW,NW,North Westerly,10,6,2023-11-25T00:04:31+00:00,2023-11-25T00:04:31.066Z,2655984,Belfast
A clear sky and light winds,0,1,34,17,11,86,2023-12-02,11,Low chance of precipitation,1009,4,39,17:00,1,Good,0,Clear Sky,Light winds from the west north west,WNW,WNW,West North Westerly,9,6,2023-11-25T00:04:31+00:00,2023-11-25T00:04:31.066Z,2655984,Belfast
A clear sky and light winds,0,1,33,17,11,87,2023-12-02,10,Low chance of precipitation,1010,3,38,18:00,1,Moderate,0,Clear Sky,Light winds from the west north west,WNW,WNW,West North Westerly,10,6,2023-11-25T00:04:31+00:00,2023-11-25T00:04:31.066Z,2655984,Belfast
Partly cloudy and light winds,2,0,33,17,11,88,2023-12-02,24,Low chance of precipitation,1010,3,37,19:00,1,Moderate,2,Partly Cloudy,Light winds from the north west,NW,NW,North Westerly,9,6,2023-11-25T00:04:31+00:00,2023-11-25T00:04:31.066Z,2655984,Belfast
A clear sky and light winds,0,0,32,17,11,88,2023-12-02,33,Chance of precipitation,1010,3,37,20:00,1,Moderate,0,Clear Sky,Light winds from the west north west,WNW,WNW,West North Westerly,9,6,2023-11-25T00:04:31+00:00,2023-11-25T00:04:31.066Z,2655984,Belfast
A clear sky and light winds,0,0,32,17,11,88,2023-12-02,24,Low chance of precipitation,1010,3,37,21:00,1,Moderate,0,Clear Sky,Light winds from the west north west,WNW,WNW,West North Westerly,9,6,2023-11-25T00:04:31+00:00,2023-11-25T00:04:31.066Z,2655984,Belfast
A clear sky and light winds,0,0,32,17,10,90,2023-12-02,0,Precipitation is not expected,1010,2,36,22:00,1,Moderate,0,Clear Sky,Light winds from the west north west,WNW,WNW,West North Westerly,9,5,2023-11-25T00:04:31+00:00,2023-11-25T00:04:31.066Z,2655984,Belfast
Partly cloudy and light winds,2,0,32,17,10,90,2023-12-02,0,Precipitation is not expected,1010,2,36,23:00,1,Moderate,2,Partly Cloudy,Light winds from the north west,NW,NW,North Westerly,8,5,2023-11-25T00:04:31+00:00,2023-11-25T00:04:31.066Z,2655984,Belfast
A clear sky and light winds,0,0,31,16,10,90,2023-12-03,25,Low chance of precipitation,1010,2,36,00:00,1,Moderate,0,Clear Sky,Light winds from the north west,NW,NW,North Westerly,8,5,2023-11-25T00:04:31+00:00,2023-11-25T00:04:31.066Z,2655984,Belfast
Partly cloudy and light winds,2,-1,31,16,10,90,2023-12-03,13,Low chance of precipitation,1010,2,35,01:00,1,Moderate,2,Partly Cloudy,Light winds from the north north west,NNW,NNW,North North Westerly,8,5,2023-11-25T00:04:31+00:00,2023-11-25T00:04:31.066Z,2655984,Belfast
A clear sky and light winds,0,-1,31,15,9,90,2023-12-03,16,Low chance of precipitation,1011,2,35,02:00,1,Moderate,0,Clear Sky,Light winds from the north west,NW,NW,North Westerly,8,5,2023-11-25T00:04:31+00:00,2023-11-25T00:04:31.066Z,2655984,Belfast
A clear sky and light winds,0,-1,31,15,9,91,2023-12-03,12,Low chance of precipitation,1011,2,35,03:00,1,Moderate,0,Clear Sky,Light winds from the north west,NW,NW,North Westerly,8,5,2023-11-25T00:04:31+00:00,2023-11-25T00:04:31.066Z,2655984,Belfast
A clear sky and light winds,0,-1,31,14,9,90,2023-12-03,6,Low chance of precipitation,1011,2,35,04:00,1,Moderate,0,Clear Sky,Light winds from the north,N,N,Northerly,8,5,2023-11-25T00:04:31+00:00,2023-11-25T00:04:31.066Z,2655984,Belfast
A clear sky and light winds,0,-1,30,14,9,92,2023-12-03,11,Low chance of precipitation,1011,2,35,05:00,1,Moderate,0,Clear Sky,Light winds from the north,N,N,Northerly,9,5,2023-11-25T00:04:31+00:00,2023-11-25T00:04:31.066Z,2655984,Belfast
Partly cloudy and light winds,2,-1,31,14,9,93,2023-12-03,11,Low chance of precipitation,1011,2,35,06:00,1,Moderate,2,Partly Cloudy,Light winds from the north north west,NNW,NNW,North North Westerly,8,5,2023-11-25T00:04:31+00:00,2023-11-25T00:04:31.066Z,2655984,Belfast
Partly cloudy and light winds,2,-1,31,13,8,92,2023-12-03,33,Chance of precipitation,1011,2,35,07:00,1,Moderate,2,Partly Cloudy,Light winds from the north west,NW,NW,North Westerly,8,5,2023-11-25T00:04:31+00:00,2023-11-25T00:04:31.066Z,2655984,Belfast
Partly cloudy and light winds,2,2,35,13,8,93,2023-12-03,34,Chance of precipitation,1011,2,35,08:00,1,Moderate,2,Partly Cloudy,Light winds from the north west,NW,NW,North Westerly,7,4,2023-11-25T00:04:31+00:00,2023-11-25T00:04:31.066Z,2655984,Belfast
Sunny intervals and light winds,3,2,35,14,9,93,2023-12-03,34,Chance of precipitation,1011,2,36,09:00,1,Moderate,3,Sunny Intervals,Light winds from the west north west,WNW,WNW,West North Westerly,7,4,2023-11-25T00:04:31+00:00,2023-11-25T00:04:31.066Z,2655984,Belfast
Sunny intervals and light winds,3,3,37,15,9,91,2023-12-03,38,Chance of precipitation,1011,3,38,10:00,1,Good,3,Sunny Intervals,Light winds from the west north west,WNW,WNW,West North Westerly,7,5,2023-11-25T00:04:31+00:00,2023-11-25T00:04:31.066Z,2655984,Belfast
Sunny intervals and light winds,3,2,36,16,10,88,2023-12-03,38,Chance of precipitation,1011,4,39,11:00,1,Good,3,Sunny Intervals,Light winds from the west north west,WNW,WNW,West North Westerly,8,5,2023-11-25T00:04:31+00:00,2023-11-25T00:04:31.066Z,2655984,Belfast
Sunny intervals and light winds,3,3,37,15,9,86,2023-12-03,38,Chance of precipitation,1011,5,41,12:00,1,Good,3,Sunny Intervals,Light winds from the west north west,WNW,WNW,West North Westerly,8,5,2023-11-25T00:04:31+00:00,2023-11-25T00:04:31.066Z,2655984,Belfast
Sunny intervals and light winds,3,3,37,13,8,85,2023-12-03,29,Low chance of precipitation,1011,5,41,13:00,1,Good,3,Sunny Intervals,Light winds from the north west,NW,NW,North Westerly,8,5,2023-11-25T00:04:31+00:00,2023-11-25T00:04:31.066Z,2655984,Belfast
Sunny and light winds,1,3,38,12,7,84,2023-12-03,29,Low chance of precipitation,1011,5,41,14:00,1,Moderate,1,Sunny,Light winds from the north west,NW,NW,North Westerly,8,5,2023-11-25T00:04:31+00:00,2023-11-25T00:04:31.066Z,2655984,Belfast
Sunny and light winds,1,3,38,10,6,83,2023-12-03,27,Low chance of precipitation,1011,5,41,15:00,1,Moderate,1,Sunny,Light winds from the north west,NW,NW,North Westerly,8,5,2023-11-25T00:04:31+00:00,2023-11-25T00:04:31.066Z,2655984,Belfast
Sunny and light winds,1,3,37,9,6,85,2023-12-03,0,Precipitation is not expected,1011,4,40,16:00,1,Moderate,1,Sunny,Light winds from the north west,NW,NW,North Westerly,8,5,2023-11-25T00:04:31+00:00,2023-11-25T00:04:31.066Z,2655984,Belfast
A clear sky and light winds,0,4,39,9,6,86,2023-12-03,0,Precipitation is not expected,1011,4,39,17:00,1,Moderate,0,Clear Sky,Light winds from the north west,NW,NW,North Westerly,7,5,2023-11-25T00:04:31+00:00,2023-11-25T00:04:31.066Z,2655984,Belfast
A clear sky and light winds,0,1,34,9,6,87,2023-12-03,0,Precipitation is not expected,1011,3,38,18:00,1,Moderate,0,Clear Sky,Light winds from the north west,NW,NW,North Westerly,8,5,2023-11-25T00:04:31+00:00,2023-11-25T00:04:31.066Z,2655984,Belfast
A clear sky and light winds,0,1,33,9,6,89,2023-12-03,19,Low chance of precipitation,1011,3,37,19:00,1,Moderate,0,Clear Sky,Light winds from the north north west,NNW,NNW,North North Westerly,8,5,2023-11-25T00:04:31+00:00,2023-11-25T00:04:31.066Z,2655984,Belfast
A clear sky and light winds,0,1,33,9,5,88,2023-12-03,17,Low chance of precipitation,1011,3,37,20:00,1,Moderate,0,Clear Sky,Light winds from the north north west,NNW,NNW,North North Westerly,8,5,2023-11-25T00:04:31+00:00,2023-11-25T00:04:31.066Z,2655984,Belfast
A clear sky and light winds,0,1,33,8,5,89,2023-12-03,0,Precipitation is not expected,1012,3,37,21:00,1,Moderate,0,Clear Sky,Light winds from the north,N,N,Northerly,8,5,2023-11-25T00:04:31+00:00,2023-11-25T00:04:31.066Z,2655984,Belfast
A clear sky and light winds,0,2,36,8,5,90,2023-12-03,0,Precipitation is not expected,1011,2,36,22:00,1,Moderate,0,Clear Sky,Light winds from the north north east,NNE,NNE,North North Easterly,7,4,2023-11-25T00:04:31+00:00,2023-11-25T00:04:31.066Z,2655984,Belfast
A clear sky and light winds,0,2,36,8,5,90,2023-12-03,0,Precipitation is not expected,1011,2,36,23:00,1,Moderate,0,Clear Sky,Light winds from the north north east,NNE,NNE,North North Easterly,7,4,2023-11-25T00:04:31+00:00,2023-11-25T00:04:31.066Z,2655984,Belfast
A clear sky and light winds,0,2,36,9,5,90,2023-12-04,0,Precipitation is not expected,1011,2,36,00:00,1,Moderate,0,Clear Sky,Light winds from the north east,NE,NE,North Easterly,7,4,2023-11-25T00:04:31+00:00,2023-11-25T00:04:31.066Z,2655984,Belfast
A clear sky and light winds,0,2,36,9,6,90,2023-12-04,0,Precipitation is not expected,1011,2,36,01:00,1,Moderate,0,Clear Sky,Light winds from the north east,NE,NE,North Easterly,7,4,2023-11-25T00:04:31+00:00,2023-11-25T00:04:31.066Z,2655984,Belfast
A clear sky and light winds,0,2,36,9,6,89,2023-12-04,0,Precipitation is not expected,1011,3,37,02:00,1,Moderate,0,Clear Sky,Light winds from the north east,NE,NE,North Easterly,7,4,2023-11-25T00:04:31+00:00,2023-11-25T00:04:31.066Z,2655984,Belfast
A clear sky and light winds,0,1,33,9,6,91,2023-12-04,0,Precipitation is not expected,1011,3,37,03:00,1,Moderate,0,Clear Sky,Light winds from the east north east,ENE,ENE,East North Easterly,8,5,2023-11-25T00:04:31+00:00,2023-11-25T00:04:31.066Z,2655984,Belfast
A clear sky and light winds,0,1,33,10,6,90,2023-12-04,0,Precipitation is not expected,1011,3,37,04:00,1,Moderate,0,Clear Sky,Light winds from the east north east,ENE,ENE,East North Easterly,8,5,2023-11-25T00:04:31+00:00,2023-11-25T00:04:31.066Z,2655984,Belfast
A clear sky and light winds,0,0,33,9,6,91,2023-12-04,0,Precipitation is not expected,1011,3,37,05:00,1,Moderate,0,Clear Sky,Light winds from the east north east,ENE,ENE,East North Easterly,9,5,2023-11-25T00:04:31+00:00,2023-11-25T00:04:31.066Z,2655984,Belfast
A clear sky and light winds,0,1,33,10,6,92,2023-12-04,0,Precipitation is not expected,1011,3,37,06:00,1,Moderate,0,Clear Sky,Light winds from the east north east,ENE,ENE,East North Easterly,8,5,2023-11-25T00:04:31+00:00,2023-11-25T00:04:31.066Z,2655984,Belfast
A clear sky and light winds,0,0,33,9,6,92,2023-12-04,0,Precipitation is not expected,1011,3,37,07:00,1,Moderate,0,Clear Sky,Light winds from the north east,NE,NE,North Easterly,9,5,2023-11-25T00:04:31+00:00,2023-11-25T00:04:31.066Z,2655984,Belfast
A clear sky and light winds,0,1,33,9,6,92,2023-12-04,0,Precipitation is not expected,1011,3,37,08:00,1,Moderate,0,Clear Sky,Light winds from the north east,NE,NE,North Easterly,8,5,2023-11-25T00:04:31+00:00,2023-11-25T00:04:31.066Z,2655984,Belfast
Sunny and light winds,1,1,34,10,6,92,2023-12-04,0,Precipitation is not expected,1011,3,38,09:00,1,Moderate,1,Sunny,Light winds from the north east,NE,NE,North Easterly,8,5,2023-11-25T00:04:31+00:00,2023-11-25T00:04:31.066Z,2655984,Belfast
Sunny and light winds,1,2,35,12,8,90,2023-12-04,0,Precipitation is not expected,1011,4,39,10:00,1,Moderate,1,Sunny,Light winds from the north east,NE,NE,North Easterly,9,5,2023-11-25T00:04:31+00:00,2023-11-25T00:04:31.066Z,2655984,Belfast
Sunny and light winds,1,3,37,14,9,88,2023-12-04,0,Precipitation is not expected,1011,5,41,11:00,1,Good,1,Sunny,Light winds from the north east,NE,NE,North Easterly,9,6,2023-11-25T00:04:31+00:00,2023-11-25T00:04:31.066Z,2655984,Belfast
Sunny and light winds,1,3,38,14,9,85,2023-12-04,0,Precipitation is not expected,1011,5,42,12:00,1,Good,1,Sunny,Light winds from the north east,NE,NE,North Easterly,9,6,2023-11-25T00:04:31+00:00,2023-11-25T00:04:31.066Z,2655984,Belfast
Sunny and light winds,1,4,39,13,8,84,2023-12-04,0,Precipitation is not expected,1011,6,42,13:00,1,Good,1,Sunny,Light winds from the north north east,NNE,NNE,North North Easterly,9,6,2023-11-25T00:04:31+00:00,2023-11-25T00:04:31.066Z,2655984,Belfast
Sunny and light winds,1,4,39,13,8,84,2023-12-04,0,Precipitation is not expected,1011,6,42,14:00,1,Good,1,Sunny,Light winds from the north north east,NNE,NNE,North North Easterly,9,6,2023-11-25T00:04:31+00:00,2023-11-25T00:04:31.066Z,2655984,Belfast
Sunny intervals and light winds,3,3,38,12,7,84,2023-12-04,0,Precipitation is not expected,1011,5,42,15:00,1,Good,3,Sunny Intervals,Light winds from the north north west,NNW,NNW,North North Westerly,9,6,2023-11-25T00:04:31+00:00,2023-11-25T00:04:31.066Z,2655984,Belfast
Sunny and light winds,1,3,38,10,6,85,2023-12-04,0,Precipitation is not expected,1011,5,41,16:00,1,Good,1,Sunny,Light winds from the north north east,NNE,NNE,North North Easterly,8,5,2023-11-25T00:04:31+00:00,2023-11-25T00:04:31.066Z,2655984,Belfast
A clear sky and light winds,0,3,37,9,6,88,2023-12-04,0,Precipitation is not expected,1011,4,40,17:00,1,Moderate,0,Clear Sky,Light winds from the north north east,NNE,NNE,North North Easterly,8,5,2023-11-25T00:04:31+00:00,2023-11-25T00:04:31.066Z,2655984,Belfast
A clear sky and light winds,0,2,36,9,6,88,2023-12-04,0,Precipitation is not expected,1011,4,39,18:00,1,Moderate,0,Clear Sky,Light winds from the north north east,NNE,NNE,North North Easterly,8,5,2023-11-25T00:04:31+00:00,2023-11-25T00:04:31.066Z,2655984,Belfast
A clear sky and light winds,0,2,35,9,6,90,2023-12-04,0,Precipitation is not expected,1011,4,39,19:00,1,Moderate,0,Clear Sky,Light winds from the north east,NE,NE,North Easterly,8,5,2023-11-25T00:04:31+00:00,2023-11-25T00:04:31.066Z,2655984,Belfast
A clear sky and light winds,0,1,35,9,6,89,2023-12-04,0,Precipitation is not expected,1011,3,38,20:00,1,Moderate,0,Clear Sky,Light winds from the north north east,NNE,NNE,North North Easterly,8,5,2023-11-25T00:04:31+00:00,2023-11-25T00:04:31.066Z,2655984,Belfast
A clear sky and light winds,0,1,34,9,6,90,2023-12-04,0,Precipitation is not expected,1012,3,38,21:00,1,Moderate,0,Clear Sky,Light winds from the north east,NE,NE,North Easterly,8,5,2023-11-25T00:04:31+00:00,2023-11-25T00:04:31.066Z,2655984,Belfast
A clear sky and light winds,0,3,37,9,6,90,2023-12-04,0,Precipitation is not expected,1012,3,37,22:00,1,Moderate,0,Clear Sky,Light winds from the north east,NE,NE,North Easterly,7,5,2023-11-25T00:04:31+00:00,2023-11-25T00:04:31.066Z,2655984,Belfast
A clear sky and light winds,0,3,37,9,6,91,2023-12-04,0,Precipitation is not expected,1012,3,37,23:00,1,Moderate,0,Clear Sky,Light winds from the north north east,NNE,NNE,North North Easterly,7,5,2023-11-25T00:04:31+00:00,2023-11-25T00:04:31.066Z,2655984,Belfast
A clear sky and light winds,0,3,37,9,6,91,2023-12-05,0,Precipitation is not expected,1013,3,37,00:00,1,Good,0,Clear Sky,Light winds from the east north east,ENE,ENE,East North Easterly,7,5,2023-11-25T00:04:31+00:00,2023-11-25T00:04:31.066Z,2655984,Belfast
Partly cloudy and light winds,2,2,36,9,6,92,2023-12-05,0,Precipitation is not expected,1013,3,37,01:00,1,Good,2,Partly Cloudy,Light winds from the east north east,ENE,ENE,East North Easterly,7,4,2023-11-25T00:04:31+00:00,2023-11-25T00:04:31.066Z,2655984,Belfast
Partly cloudy and light winds,2,3,37,9,6,91,2023-12-05,0,Precipitation is not expected,1013,3,37,02:00,1,Good,2,Partly Cloudy,Light winds from the north north east,NNE,NNE,North North Easterly,7,4,2023-11-25T00:04:31+00:00,2023-11-25T00:04:31.066Z,2655984,Belfast
Partly cloudy and light winds,2,3,37,10,6,92,2023-12-05,0,Precipitation is not expected,1013,3,37,03:00,1,Good,2,Partly Cloudy,Light winds from the east north east,ENE,ENE,East North Easterly,7,5,2023-11-25T00:04:31+00:00,2023-11-25T00:04:31.066Z,2655984,Belfast
Partly cloudy and light winds,2,1,34,10,6,92,2023-12-05,0,Precipitation is not expected,1013,3,37,04:00,1,Good,2,Partly Cloudy,Light winds from the east north east,ENE,ENE,East North Easterly,8,5,2023-11-25T00:04:31+00:00,2023-11-25T00:04:31.066Z,2655984,Belfast
Partly cloudy and light winds,2,1,33,10,6,93,2023-12-05,0,Precipitation is not expected,1013,3,37,05:00,1,Good,2,Partly Cloudy,Light winds from the east north east,ENE,ENE,East North Easterly,8,5,2023-11-25T00:04:31+00:00,2023-11-25T00:04:31.066Z,2655984,Belfast
Partly cloudy and light winds,2,1,33,10,6,93,2023-12-05,0,Precipitation is not expected,1013,3,37,06:00,1,Good,2,Partly Cloudy,Light winds from the east north east,ENE,ENE,East North Easterly,8,5,2023-11-25T00:04:31+00:00,2023-11-25T00:04:31.066Z,2655984,Belfast
Partly cloudy and light winds,2,3,37,11,7,93,2023-12-05,0,Precipitation is not expected,1014,3,37,07:00,1,Good,2,Partly Cloudy,Light winds from the east north east,ENE,ENE,East North Easterly,7,5,2023-11-25T00:04:31+00:00,2023-11-25T00:04:31.066Z,2655984,Belfast
Partly cloudy and light winds,2,3,37,11,7,93,2023-12-05,0,Precipitation is not expected,1014,3,37,08:00,1,Good,2,Partly Cloudy,Light winds from the east north east,ENE,ENE,East North Easterly,7,4,2023-11-25T00:04:31+00:00,2023-11-25T00:04:31.066Z,2655984,Belfast
Light cloud and light winds,7,3,38,12,7,92,2023-12-05,0,Precipitation is not expected,1014,3,38,09:00,1,Good,7,Light Cloud,Light winds from the east,E,E,Easterly,7,4,2023-11-25T00:04:31+00:00,2023-11-25T00:04:31.066Z,2655984,Belfast
Drizzle and light winds,11,4,39,13,8,91,2023-12-05,47,Chance of precipitation,1015,4,39,10:00,1,Good,11,Drizzle,Light winds from the east,E,E,Easterly,7,4,2023-11-25T00:04:31+00:00,2023-11-25T00:04:31.066Z,2655984,Belfast
Drizzle and light winds,11,5,40,13,8,88,2023-12-05,47,Chance of precipitation,1015,5,41,11:00,1,Good,11,Drizzle,Light winds from the east,E,E,Easterly,6,4,2023-11-25T00:04:31+00:00,2023-11-25T00:04:31.066Z,2655984,Belfast
Drizzle and light winds,11,5,41,16,10,86,2023-12-05,47,Chance of precipitation,1015,5,42,12:00,1,Moderate,11,Drizzle,Light winds from the east,E,E,Easterly,6,4,2023-11-25T00:04:31+00:00,2023-11-25T00:04:31.066Z,2655984,Belfast
Light rain and light winds,12,5,41,16,10,85,2023-12-05,69,Chance of precipitation,1015,5,42,13:00,1,Moderate,12,Light Rain,Light winds from the east north east,ENE,ENE,East North Easterly,6,4,2023-11-25T00:04:31+00:00,2023-11-25T00:04:31.066Z,2655984,Belfast
Light rain and light winds,12,5,42,17,11,84,2023-12-05,69,Chance of precipitation,1015,6,42,14:00,1,Moderate,12,Light Rain,Light winds from the east north east,ENE,ENE,East North Easterly,7,4,2023-11-25T00:04:31+00:00,2023-11-25T00:04:31.066Z,2655984,Belfast
Light rain and light winds,12,5,42,16,10,83,2023-12-05,69,Chance of precipitation,1015,6,42,15:00,1,Good,12,Light Rain,Light winds from the north east,NE,NE,North Easterly,7,4,2023-11-25T00:04:31+00:00,2023-11-25T00:04:31.066Z,2655984,Belfast
Light rain and light winds,39,5,41,14,9,85,2023-12-05,50,Chance of precipitation,1015,5,41,16:00,1,Good,12,Light Rain,Light winds from the east north east,ENE,ENE,East North Easterly,6,4,2023-11-25T00:04:31+00:00,2023-11-25T00:04:31.066Z,2655984,Belfast
Light rain and light winds,39,5,40,13,8,87,2023-12-05,50,Chance of precipitation,1016,5,41,17:00,1,Good,12,Light Rain,Light winds from the east,E,E,Easterly,6,4,2023-11-25T00:04:31+00:00,2023-11-25T00:04:31.066Z,2655984,Belfast
Light rain and light winds,39,4,39,12,7,87,2023-12-05,50,Chance of precipitation,1016,4,40,18:00,1,Good,12,Light Rain,Light winds from the east,E,E,Easterly,5,3,2023-11-25T00:04:31+00:00,2023-11-25T00:04:31.066Z,2655984,Belfast
Light rain and light winds,39,4,39,10,6,89,2023-12-05,35,Chance of precipitation,1016,4,39,19:00,1,Good,12,Light Rain,Light winds from the east south east,ESE,ESE,East South Easterly,4,3,2023-11-25T00:04:31+00:00,2023-11-25T00:04:31.066Z,2655984,Belfast
Light rain and light winds,39,4,39,9,5,89,2023-12-05,35,Chance of precipitation,1016,4,39,20:00,1,Good,12,Light Rain,Light winds from the east,E,E,Easterly,4,2,2023-11-25T00:04:31+00:00,2023-11-25T00:04:31.066Z,2655984,Belfast
Light rain and light winds,39,3,38,8,5,90,2023-12-05,35,Chance of precipitation,1016,4,39,21:00,1,Moderate,12,Light Rain,Light winds from the east north east,ENE,ENE,East North Easterly,4,2,2023-11-25T00:04:31+00:00,2023-11-25T00:04:31.066Z,2655984,Belfast
Drizzle and light winds,38,3,38,8,5,91,2023-12-05,41,Chance of precipitation,1016,3,38,22:00,1,Moderate,11,Drizzle,Light winds from the east,E,E,Easterly,3,2,2023-11-25T00:04:31+00:00,2023-11-25T00:04:31.066Z,2655984,Belfast
Light rain and light winds,39,3,38,8,5,90,2023-12-05,37,Chance of precipitation,1016,3,38,23:00,1,Good,12,Light Rain,Light winds from the east,E,E,Easterly,3,2,2023-11-25T00:04:31+00:00,2023-11-25T00:04:31.066Z,2655984,Belfast
Light rain and light winds,39,3,38,9,5,91,2023-12-06,37,Chance of precipitation,1017,3,38,00:00,1,Good,12,Light Rain,Light winds from the east,E,E,Easterly,3,2,2023-11-25T00:04:31+00:00,2023-11-25T00:04:31.066Z,2655984,Belfast
Light rain and light winds,39,3,38,9,6,90,2023-12-06,40,Chance of precipitation,1017,3,38,01:00,1,Good,12,Light Rain,Light winds from the east,E,E,Easterly,3,2,2023-11-25T00:04:31+00:00,2023-11-25T00:04:31.066Z,2655984,Belfast
Light rain and light winds,39,3,38,10,6,90,2023-12-06,40,Chance of precipitation,1017,4,39,02:00,1,Good,12,Light Rain,Light winds from the east,E,E,Easterly,4,2,2023-11-25T00:04:31+00:00,2023-11-25T00:04:31.066Z,2655984,Belfast
Light rain showers and light winds,9,3,38,10,6,91,2023-12-06,40,Chance of precipitation,1017,4,39,03:00,1,Good,9,Light Rain Showers,Light winds from the east,E,E,Easterly,4,2,2023-11-25T00:04:31+00:00,2023-11-25T00:04:31.066Z,2655984,Belfast
Light rain and light winds,39,4,39,12,7,91,2023-12-06,37,Chance of precipitation,1016,4,39,04:00,1,Good,12,Light Rain,Light winds from the east,E,E,Easterly,4,2,2023-11-25T00:04:31+00:00,2023-11-25T00:04:31.066Z,2655984,Belfast
Light rain and light winds,39,4,39,12,8,92,2023-12-06,37,Chance of precipitation,1016,4,39,05:00,1,Good,12,Light Rain,Light winds from the east,E,E,Easterly,5,3,2023-11-25T00:04:31+00:00,2023-11-25T00:04:31.066Z,2655984,Belfast
Light rain and light winds,39,4,39,13,8,92,2023-12-06,37,Chance of precipitation,1016,4,39,06:00,1,Good,12,Light Rain,Light winds from the east,E,E,Easterly,5,3,2023-11-25T00:04:31+00:00,2023-11-25T00:04:31.066Z,2655984,Belfast
Drizzle and light winds,38,4,39,14,9,92,2023-12-06,38,Chance of precipitation,1016,4,39,07:00,1,Good,11,Drizzle,Light winds from the east,E,E,Easterly,5,3,2023-11-25T00:04:31+00:00,2023-11-25T00:04:31.066Z,2655984,Belfast
Drizzle and light winds,38,4,39,15,9,92,2023-12-06,38,Chance of precipitation,1016,4,39,08:00,1,Good,11,Drizzle,Light winds from the east,E,E,Easterly,6,4,2023-11-25T00:04:31+00:00,2023-11-25T00:04:31.066Z,2655984,Belfast
Drizzle and light winds,11,4,39,18,11,92,2023-12-06,32,Chance of precipitation,1016,4,39,09:00,1,Moderate,11,Drizzle,Light winds from the east,E,E,Easterly,6,4,2023-11-25T00:04:31+00:00,2023-11-25T00:04:31.066Z,2655984,Belfast
Light rain and light winds,12,5,40,21,13,90,2023-12-06,49,Chance of precipitation,1016,5,41,10:00,1,Moderate,12,Light Rain,Light winds from the east south east,ESE,ESE,East South Easterly,7,5,2023-11-25T00:04:31+00:00,2023-11-25T00:04:31.066Z,2655984,Belfast
Light rain and light winds,12,4,39,23,14,88,2023-12-06,49,Chance of precipitation,1016,5,42,11:00,1,Moderate,12,Light Rain,Light winds from the east south east,ESE,ESE,East South Easterly,8,5,2023-11-25T00:04:31+00:00,2023-11-25T00:04:31.066Z,2655984,Belfast
Light rain and light winds,12,4,40,23,14,85,2023-12-06,49,Chance of precipitation,1016,6,43,12:00,1,Good,12,Light Rain,Light winds from the south east,SE,SE,South Easterly,9,6,2023-11-25T00:04:31+00:00,2023-11-25T00:04:31.066Z,2655984,Belfast
Drizzle and light winds,11,5,40,22,14,83,2023-12-06,50,Chance of precipitation,1015,6,43,13:00,1,Good,11,Drizzle,Light winds from the east,E,E,Easterly,9,6,2023-11-25T00:04:31+00:00,2023-11-25T00:04:31.066Z,2655984,Belfast
Light rain and light winds,12,5,41,19,12,82,2023-12-06,50,Chance of precipitation,1015,7,44,14:00,1,Good,12,Light Rain,Light winds from the north east,NE,NE,North Easterly,9,5,2023-11-25T00:04:31+00:00,2023-11-25T00:04:31.066Z,2655984,Belfast
Sunny and light winds,1,5,41,17,11,81,2023-12-06,50,Chance of precipitation,1014,7,44,15:00,1,Good,1,Sunny,Light winds from the north north east,NNE,NNE,North North Easterly,8,5,2023-11-25T00:04:31+00:00,2023-11-25T00:04:31.066Z,2655984,Belfast
A clear sky and light winds,0,6,43,17,10,82,2023-12-06,17,Low chance of precipitation,1014,6,43,16:00,1,Good,0,Clear Sky,Light winds from the north east,NE,NE,North Easterly,7,4,2023-11-25T00:04:31+00:00,2023-11-25T00:04:31.066Z,2655984,Belfast
A clear sky and light winds,0,5,41,15,9,84,2023-12-06,17,Low chance of precipitation,1014,5,42,17:00,1,Good,0,Clear Sky,Light winds from the north east,NE,NE,North Easterly,7,4,2023-11-25T00:04:31+00:00,2023-11-25T00:04:31.066Z,2655984,Belfast
A clear sky and light winds,0,5,41,14,9,86,2023-12-06,17,Low chance of precipitation,1013,5,41,18:00,1,Good,0,Clear Sky,Light winds from the north east,NE,NE,North Easterly,6,4,2023-11-25T00:04:31+00:00,2023-11-25T00:04:31.066Z,2655984,Belfast
A clear sky and light winds,0,4,40,13,8,87,2023-12-06,17,Low chance of precipitation,1013,5,40,19:00,1,Good,0,Clear Sky,Light winds from the east,E,E,Easterly,5,3,2023-11-25T00:04:31+00:00,2023-11-25T00:04:31.066Z,2655984,Belfast
A clear sky and light winds,0,4,40,12,7,87,2023-12-06,17,Low chance of precipitation,1012,5,40,20:00,1,Good,0,Clear Sky,Light winds from the east north east,ENE,ENE,East North Easterly,5,3,2023-11-25T00:04:31+00:00,2023-11-25T00:04:31.066Z,2655984,Belfast
Partly cloudy and light winds,2,4,39,10,6,88,2023-12-06,17,Low chance of precipitation,1012,4,40,21:00,1,Good,2,Partly Cloudy,Light winds from the east,E,E,Easterly,5,3,2023-11-25T00:04:31+00:00,2023-11-25T00:04:31.066Z,2655984,Belfast
A clear sky and light winds,0,4,39,9,6,89,2023-12-06,17,Low chance of precipitation,1011,4,39,22:00,1,Good,0,Clear Sky,Light winds from the east,E,E,Easterly,4,3,2023-11-25T00:04:31+00:00,2023-11-25T00:04:31.066Z,2655984,Belfast
A clear sky and light winds,0,4,39,9,6,89,2023-12-06,17,Low chance of precipitation,1011,4,39,23:00,1,Good,0,Clear Sky,Light winds from the east,E,E,Easterly,4,2,2023-11-25T00:04:31+00:00,2023-11-25T00:04:31.066Z,2655984,Belfast
Partly cloudy and light winds,2,4,39,9,6,90,2023-12-07,17,Low chance of precipitation,1010,4,39,00:00,1,Good,2,Partly Cloudy,Light winds from the east,E,E,Easterly,4,2,2023-11-25T00:04:31+00:00,2023-11-25T00:04:31.066Z,2655984,Belfast
Light rain showers and light winds,9,4,39,9,6,90,2023-12-07,50,Chance of precipitation,1010,4,39,01:00,1,Good,9,Light Rain Showers,Light winds from the east,E,E,Easterly,4,2,2023-11-25T00:04:31+00:00,2023-11-25T00:04:31.066Z,2655984,Belfast
Light rain showers and light winds,9,4,39,9,6,89,2023-12-07,50,Chance of precipitation,1009,4,39,02:00,1,Good,9,Light Rain Showers,Light winds from the east,E,E,Easterly,4,2,2023-11-25T00:04:31+00:00,2023-11-25T00:04:31.066Z,2655984,Belfast
Light rain showers and light winds,9,4,39,8,5,90,2023-12-07,50,Chance of precipitation,1009,4,40,03:00,1,Moderate,9,Light Rain Showers,Light winds from the east,E,E,Easterly,4,2,2023-11-25T00:04:31+00:00,2023-11-25T00:04:31.066Z,2655984,Belfast
Light rain showers and light winds,9,4,40,7,4,90,2023-12-07,51,Chance of precipitation,1009,5,40,04:00,1,Moderate,9,Light Rain Showers,Light winds from the east,E,E,Easterly,3,2,2023-11-25T00:04:31+00:00,2023-11-25T00:04:31.066Z,2655984,Belfast
Light rain showers and light winds,9,4,40,4,2,91,2023-12-07,51,Chance of precipitation,1008,4,40,05:00,1,Moderate,9,Light Rain Showers,Light winds from the east,E,E,Easterly,3,2,2023-11-25T00:04:31+00:00,2023-11-25T00:04:31.066Z,2655984,Belfast
Light rain showers and light winds,9,4,40,7,4,92,2023-12-07,51,Chance of precipitation,1008,5,40,06:00,1,Moderate,9,Light Rain Showers,Light winds from the east,E,E,Easterly,3,2,2023-11-25T00:04:31+00:00,2023-11-25T00:04:31.066Z,2655984,Belfast
Light rain showers and light winds,9,4,39,9,6,92,2023-12-07,52,Chance of precipitation,1008,4,40,07:00,1,Moderate,9,Light Rain Showers,Light winds from the east,E,E,Easterly,3,2,2023-11-25T00:04:31+00:00,2023-11-25T00:04:31.066Z,2655984,Belfast
Light rain showers and light winds,9,4,39,11,7,92,2023-12-07,52,Chance of precipitation,1008,4,40,08:00,1,Moderate,9,Light Rain Showers,Light winds from the east,E,E,Easterly,4,2,2023-11-25T00:04:31+00:00,2023-11-25T00:04:31.066Z,2655984,Belfast
Light rain showers and light winds,10,4,40,11,7,92,2023-12-07,52,Chance of precipitation,1008,5,40,09:00,1,Moderate,10,Light Rain Showers,Light winds from the east,E,E,Easterly,4,3,2023-11-25T00:04:31+00:00,2023-11-25T00:04:31.066Z,2655984,Belfast
Light rain and light winds,12,5,41,12,7,91,2023-12-07,52,Chance of precipitation,1008,5,41,10:00,1,Moderate,12,Light Rain,Light winds from the east,E,E,Easterly,5,3,2023-11-25T00:04:31+00:00,2023-11-25T00:04:31.066Z,2655984,Belfast
Light rain and light winds,12,6,42,12,8,89,2023-12-07,52,Chance of precipitation,1008,6,42,11:00,1,Moderate,12,Light Rain,Light winds from the east south east,ESE,ESE,East South Easterly,5,3,2023-11-25T00:04:31+00:00,2023-11-25T00:04:31.066Z,2655984,Belfast
Light rain and light winds,12,6,43,12,7,87,2023-12-07,52,Chance of precipitation,1008,7,44,12:00,1,Moderate,12,Light Rain,Light winds from the east south east,ESE,ESE,East South Easterly,5,3,2023-11-25T00:04:31+00:00,2023-11-25T00:04:31.066Z,2655984,Belfast
Light rain showers and light winds,10,7,44,10,6,85,2023-12-07,45,Chance of precipitation,1008,7,44,13:00,1,Moderate,10,Light Rain Showers,Light winds from the east,E,E,Easterly,5,3,2023-11-25T00:04:31+00:00,2023-11-25T00:04:31.066Z,2655984,Belfast
Light rain showers and light winds,10,7,44,9,5,85,2023-12-07,45,Chance of precipitation,1008,7,44,14:00,1,Moderate,10,Light Rain Showers,Light winds from the east,E,E,Easterly,5,3,2023-11-25T00:04:31+00:00,2023-11-25T00:04:31.066Z,2655984,Belfast
Light rain showers and light winds,10,6,43,10,6,84,2023-12-07,45,Chance of precipitation,1008,7,44,15:00,1,Good,10,Light Rain Showers,Light winds from the east,E,E,Easterly,5,3,2023-11-25T00:04:31+00:00,2023-11-25T00:04:31.066Z,2655984,Belfast
Light rain showers and light winds,9,6,43,11,7,85,2023-12-07,21,Low chance of precipitation,1007,6,43,16:00,1,Good,9,Light Rain Showers,Light winds from the east,E,E,Easterly,5,3,2023-11-25T00:04:31+00:00,2023-11-25T00:04:31.066Z,2655984,Belfast
Light rain showers and light winds,9,6,42,13,8,87,2023-12-07,21,Low chance of precipitation,1007,6,42,17:00,1,Good,9,Light Rain Showers,Light winds from the east,E,E,Easterly,5,3,2023-11-25T00:04:31+00:00,2023-11-25T00:04:31.066Z,2655984,Belfast
Light rain showers and light winds,9,5,42,13,8,87,2023-12-07,21,Low chance of precipitation,1006,6,42,18:00,1,Good,9,Light Rain Showers,Light winds from the east south east,ESE,ESE,East South Easterly,5,3,2023-11-25T00:04:31+00:00,2023-11-25T00:04:31.066Z,2655984,Belfast
Light cloud and light winds,36,5,41,14,9,89,2023-12-07,0,Precipitation is not expected,1006,5,41,19:00,1,Good,7,Light Cloud,Light winds from the east south east,ESE,ESE,East South Easterly,6,4,2023-11-25T00:04:31+00:00,2023-11-25T00:04:31.066Z,2655984,Belfast
Light cloud and light winds,36,5,41,15,9,89,2023-12-07,0,Precipitation is not expected,1005,5,41,20:00,1,Good,7,Light Cloud,Light winds from the east south east,ESE,ESE,East South Easterly,7,4,2023-11-25T00:04:31+00:00,2023-11-25T00:04:31.066Z,2655984,Belfast
Light cloud and light winds,36,5,41,13,8,89,2023-12-07,0,Precipitation is not expected,1005,5,41,21:00,1,Good,7,Light Cloud,Light winds from the south east,SE,SE,South Easterly,7,4,2023-11-25T00:04:31+00:00,2023-11-25T00:04:31.066Z,2655984,Belfast
Light rain showers and light winds,9,5,41,11,7,90,2023-12-07,0,Precipitation is not expected,1004,5,41,22:00,1,Good,9,Light Rain Showers,Light winds from the south east,SE,SE,South Easterly,7,4,2023-11-25T00:04:31+00:00,2023-11-25T00:04:31.066Z,2655984,Belfast
Light rain showers and light winds,9,5,41,9,5,90,2023-12-07,0,Precipitation is not expected,1003,5,41,23:00,1,Good,9,Light Rain Showers,Light winds from the east south east,ESE,ESE,East South Easterly,7,4,2023-11-25T00:04:31+00:00,2023-11-25T00:04:31.066Z,2655984,Belfast
Light rain showers and light winds,9,4,40,9,5,90,2023-12-08,0,Precipitation is not expected,1003,5,40,00:00,1,Good,9,Light Rain Showers,Light winds from the east south east,ESE,ESE,East South Easterly,7,5,2023-11-25T00:04:31+00:00,2023-11-25T00:04:31.066Z,2655984,Belfast
Light rain showers and light winds,9,4,40,9,5,90,2023-12-08,20,Low chance of precipitation,1002,5,40,01:00,1,Good,9,Light Rain Showers,Light winds from the east south east,ESE,ESE,East South Easterly,7,5,2023-11-25T00:04:31+00:00,2023-11-25T00:04:31.066Z,2655984,Belfast
Light rain showers and light winds,9,5,41,9,6,89,2023-12-08,20,Low chance of precipitation,1001,5,41,02:00,1,Good,9,Light Rain Showers,Light winds from the south east,SE,SE,South Easterly,7,5,2023-11-25T00:04:31+00:00,2023-11-25T00:04:31.066Z,2655984,Belfast
Heavy rain and light winds,40,3,38,10,6,91,2023-12-08,20,Low chance of precipitation,1000,5,41,03:00,1,Good,15,Heavy Rain,Light winds from the east south east,ESE,ESE,East South Easterly,8,5,2023-11-25T00:04:31+00:00,2023-11-25T00:04:31.066Z,2655984,Belfast
Light rain and light winds,39,4,39,12,8,90,2023-12-08,26,Low chance of precipitation,1000,5,42,04:00,1,Good,12,Light Rain,Light winds from the east south east,ESE,ESE,East South Easterly,8,5,2023-11-25T00:04:31+00:00,2023-11-25T00:04:31.066Z,2655984,Belfast
Light rain and light winds,39,4,39,14,9,90,2023-12-08,26,Low chance of precipitation,1000,5,42,05:00,1,Good,12,Light Rain,Light winds from the east south east,ESE,ESE,East South Easterly,9,6,2023-11-25T00:04:31+00:00,2023-11-25T00:04:31.066Z,2655984,Belfast
