enhancedWeatherDescription,extendedWeatherType,feelsLikeTemperatureC,feelsLikeTemperatureF,gustSpeedKph,gustSpeedMph,humidity,localDate,precipitationProbabilityInPercent,precipitationProbabilityText,pressure,temperatureC,temperatureF,timeslot,timeslotLength,visibility,weatherType,weatherTypeText,windDescription,windDirection,windDirectionAbbreviation,windDirectionFull,windSpeedKph,windSpeedMph,issueDate,lastUpdated,location_id,location_name
A clear sky and light winds,0,2,36,10,6,87,2024-03-03,0,Precipitation is not expected,997,2,36,01:00,1,Good,0,Clear Sky,Light winds from the south west,SW,SW,South Westerly,6,4,2024-03-02T21:42:00+00:00,2024-03-03T00:01:11.575Z,2643743,Greater London
A clear sky and light winds,0,2,36,11,7,86,2024-03-03,0,Precipitation is not expected,997,2,36,02:00,1,Good,0,Clear Sky,Light winds from the south west,SW,SW,South Westerly,5,3,2024-03-02T21:42:00+00:00,2024-03-03T00:01:11.575Z,2643743,Greater London
A clear sky and light winds,0,2,35,10,6,86,2024-03-03,0,Precipitation is not expected,998,2,35,03:00,1,Good,0,Clear Sky,Light winds from the west south west,WSW,WSW,West South Westerly,6,4,2024-03-02T21:42:00+00:00,2024-03-03T00:01:11.575Z,2643743,Greater London
A clear sky and light winds,0,1,35,12,7,89,2024-03-03,0,Precipitation is not expected,998,1,35,04:00,1,Good,0,Clear Sky,Light winds from the west south west,WSW,WSW,West South Westerly,6,4,2024-03-02T21:42:00+00:00,2024-03-03T00:01:11.575Z,2643743,Greater London
Partly cloudy and light winds,2,1,34,10,6,89,2024-03-03,0,Precipitation is not expected,999,1,34,05:00,1,Moderate,2,Partly Cloudy,Light winds from the west south west,WSW,WSW,West South Westerly,6,4,2024-03-02T21:42:00+00:00,2024-03-03T00:01:11.575Z,2643743,Greater London
Misty and light winds,34,1,33,9,5,91,2024-03-03,0,Precipitation is not expected,999,1,34,06:00,1,Poor,5,Mist,Light winds from the west south west,WSW,WSW,West South Westerly,7,4,2024-03-02T21:42:00+00:00,2024-03-03T00:01:11.575Z,2643743,Greater London
Sunny intervals and light winds,3,1,34,11,7,91,2024-03-03,0,Precipitation is not expected,1000,1,34,07:00,1,Moderate,3,Sunny Intervals,Light winds from the west south west,WSW,WSW,West South Westerly,6,4,2024-03-02T21:42:00+00:00,2024-03-03T00:01:11.575Z,2643743,Greater London
Sunny intervals and light winds,3,2,35,12,8,91,2024-03-03,0,Precipitation is not expected,1001,2,35,08:00,1,Moderate,3,Sunny Intervals,Light winds from the west south west,WSW,WSW,West South Westerly,7,4,2024-03-02T21:42:00+00:00,2024-03-03T00:01:11.575Z,2643743,Greater London
Light cloud and light winds,7,3,38,12,8,85,2024-03-03,0,Precipitation is not expected,1002,4,39,09:00,1,Moderate,7,Light Cloud,Light winds from the west south west,WSW,WSW,West South Westerly,7,5,2024-03-02T21:42:00+00:00,2024-03-03T00:01:11.575Z,2643743,Greater London
Light cloud and light winds,7,3,38,13,8,79,2024-03-03,0,Precipitation is not expected,1003,5,41,10:00,1,Good,7,Light Cloud,Light winds from the west,W,W,Westerly,8,5,2024-03-02T21:42:00+00:00,2024-03-03T00:01:11.575Z,2643743,Greater London
Sunny intervals and light winds,3,5,40,13,8,73,2024-03-03,0,Precipitation is not expected,1003,6,43,11:00,1,Good,3,Sunny Intervals,Light winds from the west,W,W,Westerly,8,5,2024-03-02T21:42:00+00:00,2024-03-03T00:01:11.575Z,2643743,Greater London
Light cloud and light winds,7,6,42,14,9,70,2024-03-03,0,Precipitation is not expected,1003,7,45,12:00,1,Good,7,Light Cloud,Light winds from the west,W,W,Westerly,9,6,2024-03-02T21:42:00+00:00,2024-03-03T00:01:11.575Z,2643743,Greater London
Light cloud and light winds,7,6,44,15,9,66,2024-03-03,0,Precipitation is not expected,1004,8,46,13:00,1,Good,7,Light Cloud,Light winds from the west,W,W,Westerly,9,6,2024-03-02T21:42:00+00:00,2024-03-03T00:01:11.575Z,2643743,Greater London
Light cloud and light winds,7,7,45,15,9,61,2024-03-03,0,Precipitation is not expected,1004,9,47,14:00,1,Good,7,Light Cloud,Light winds from the west,W,W,Westerly,9,6,2024-03-02T21:42:00+00:00,2024-03-03T00:01:11.575Z,2643743,Greater London
Light cloud and light winds,7,7,45,14,9,57,2024-03-03,0,Precipitation is not expected,1005,9,48,15:00,1,Good,7,Light Cloud,Light winds from the west,W,W,Westerly,9,6,2024-03-02T21:42:00+00:00,2024-03-03T00:01:11.575Z,2643743,Greater London
Sunny intervals and light winds,3,7,45,12,8,58,2024-03-03,0,Precipitation is not expected,1005,9,48,16:00,1,Good,3,Sunny Intervals,Light winds from the west,W,W,Westerly,8,5,2024-03-02T21:42:00+00:00,2024-03-03T00:01:11.575Z,2643743,Greater London
Sunny intervals and light winds,3,8,46,8,5,61,2024-03-03,0,Precipitation is not expected,1006,9,47,17:00,1,Good,3,Sunny Intervals,Light winds from the west,W,W,Westerly,7,4,2024-03-02T21:42:00+00:00,2024-03-03T00:01:11.575Z,2643743,Greater London
Partly cloudy and light winds,2,7,45,10,6,64,2024-03-03,0,Precipitation is not expected,1006,8,46,18:00,1,Good,2,Partly Cloudy,Light winds from the west,W,W,Westerly,5,3,2024-03-02T21:42:00+00:00,2024-03-03T00:01:11.575Z,2643743,Greater London
Partly cloudy and light winds,2,7,44,7,5,69,2024-03-03,0,Precipitation is not expected,1007,7,44,19:00,1,Good,2,Partly Cloudy,Light winds from the west south west,WSW,WSW,West South Westerly,6,4,2024-03-02T21:42:00+00:00,2024-03-03T00:01:11.575Z,2643743,Greater London
Partly cloudy and light winds,2,6,43,7,4,73,2024-03-03,0,Precipitation is not expected,1008,6,43,20:00,1,Good,2,Partly Cloudy,Light winds from the south west,SW,SW,South Westerly,6,4,2024-03-02T21:42:00+00:00,2024-03-03T00:01:11.575Z,2643743,Greater London
Partly cloudy and light winds,2,5,41,8,5,76,2024-03-03,0,Precipitation is not expected,1008,5,42,21:00,1,Good,2,Partly Cloudy,Light winds from the south west,SW,SW,South Westerly,6,4,2024-03-02T21:42:00+00:00,2024-03-03T00:01:11.575Z,2643743,Greater London
Partly cloudy and light winds,2,4,40,8,5,79,2024-03-03,0,Precipitation is not expected,1008,5,41,22:00,1,Good,2,Partly Cloudy,Light winds from the south south west,SSW,SSW,South South Westerly,7,4,2024-03-02T21:42:00+00:00,2024-03-03T00:01:11.575Z,2643743,Greater London
A clear sky and light winds,0,4,39,8,5,84,2024-03-03,0,Precipitation is not expected,1008,4,39,23:00,1,Good,0,Clear Sky,Light winds from the south south west,SSW,SSW,South South Westerly,7,4,2024-03-02T21:42:00+00:00,2024-03-03T00:01:11.575Z,2643743,Greater London
A clear sky and light winds,0,3,38,8,5,84,2024-03-04,0,Precipitation is not expected,1009,3,38,00:00,1,Good,0,Clear Sky,Light winds from the south south west,SSW,SSW,South South Westerly,7,4,2024-03-02T21:42:00+00:00,2024-03-03T00:01:11.575Z,2643743,Greater London
A clear sky and light winds,0,3,37,7,5,86,2024-03-04,0,Precipitation is not expected,1009,3,37,01:00,1,Good,0,Clear Sky,Light winds from the south south west,SSW,SSW,South South Westerly,7,4,2024-03-02T21:42:00+00:00,2024-03-03T00:01:11.575Z,2643743,Greater London
A clear sky and light winds,0,3,37,8,5,85,2024-03-04,0,Precipitation is not expected,1009,3,37,02:00,1,Good,0,Clear Sky,Light winds from the south,S,S,Southerly,6,4,2024-03-02T21:42:00+00:00,2024-03-03T00:01:11.575Z,2643743,Greater London
A clear sky and light winds,0,2,36,8,5,86,2024-03-04,0,Precipitation is not expected,1009,3,37,03:00,1,Good,0,Clear Sky,Light winds from the south,S,S,Southerly,7,4,2024-03-02T21:42:00+00:00,2024-03-03T00:01:11.575Z,2643743,Greater London
A clear sky and light winds,0,2,36,9,5,87,2024-03-04,0,Precipitation is not expected,1009,3,37,04:00,1,Good,0,Clear Sky,Light winds from the south south east,SSE,SSE,South South Easterly,7,5,2024-03-02T21:42:00+00:00,2024-03-03T00:01:11.575Z,2643743,Greater London
A clear sky and light winds,0,2,36,9,6,88,2024-03-04,0,Precipitation is not expected,1009,2,36,05:00,1,Good,0,Clear Sky,Light winds from the south south east,SSE,SSE,South South Easterly,7,5,2024-03-02T21:42:00+00:00,2024-03-03T00:01:11.575Z,2643743,Greater London
A clear sky and light winds,0,0,32,12,7,89,2024-03-04,0,Precipitation is not expected,1009,2,36,06:00,1,Good,0,Clear Sky,Light winds from the south south east,SSE,SSE,South South Easterly,8,5,2024-03-02T21:42:00+00:00,2024-03-03T00:01:11.575Z,2643743,Greater London
Sunny and light winds,1,1,33,14,9,88,2024-03-04,0,Precipitation is not expected,1009,3,38,07:00,1,Good,1,Sunny,Light winds from the south south east,SSE,SSE,South South Easterly,9,6,2024-03-02T21:42:00+00:00,2024-03-03T00:01:11.575Z,2643743,Greater London
Sunny and light winds,1,2,35,16,10,86,2024-03-04,0,Precipitation is not expected,1009,4,40,08:00,1,Good,1,Sunny,Light winds from the south south east,SSE,SSE,South South Easterly,10,6,2024-03-02T21:42:00+00:00,2024-03-03T00:01:11.575Z,2643743,Greater London
Sunny and light winds,1,4,39,20,13,83,2024-03-04,0,Precipitation is not expected,1009,6,43,09:00,1,Good,1,Sunny,Light winds from the south south east,SSE,SSE,South South Easterly,10,6,2024-03-02T21:42:00+00:00,2024-03-03T00:01:11.575Z,2643743,Greater London
Sunny and a gentle breeze,1,6,42,27,17,77,2024-03-04,0,Precipitation is not expected,1009,8,46,10:00,1,Good,1,Sunny,A gentle breeze from the south south east,SSE,SSE,South South Easterly,13,8,2024-03-02T21:42:00+00:00,2024-03-03T00:01:11.575Z,2643743,Greater London
Sunny intervals and a gentle breeze,3,7,45,32,20,68,2024-03-04,0,Precipitation is not expected,1009,9,49,11:00,1,Good,3,Sunny Intervals,A gentle breeze from the south,S,S,Southerly,17,10,2024-03-02T21:42:00+00:00,2024-03-03T00:01:11.575Z,2643743,Greater London
Sunny intervals and a gentle breeze,3,8,47,36,22,63,2024-03-04,0,Precipitation is not expected,1009,10,51,12:00,1,Good,3,Sunny Intervals,A gentle breeze from the south,S,S,Southerly,20,12,2024-03-02T21:42:00+00:00,2024-03-03T00:01:11.575Z,2643743,Greater London
Sunny intervals and a moderate breeze,3,9,47,36,22,59,2024-03-04,0,Precipitation is not expected,1008,11,51,13:00,1,Good,3,Sunny Intervals,A moderate breeze from the south,S,S,Southerly,20,13,2024-03-02T21:42:00+00:00,2024-03-03T00:01:11.575Z,2643743,Greater London
Sunny intervals and a gentle breeze,3,9,47,37,23,57,2024-03-04,0,Precipitation is not expected,1008,11,51,14:00,1,Good,3,Sunny Intervals,A gentle breeze from the south,S,S,Southerly,20,12,2024-03-02T21:42:00+00:00,2024-03-03T00:01:11.575Z,2643743,Greater London
Sunny intervals and a gentle breeze,3,8,47,37,23,56,2024-03-04,0,Precipitation is not expected,1008,10,51,15:00,1,Good,3,Sunny Intervals,A gentle breeze from the south,S,S,Southerly,20,12,2024-03-02T21:42:00+00:00,2024-03-03T00:01:11.575Z,2643743,Greater London
Light cloud and a gentle breeze,7,8,46,34,21,60,2024-03-04,0,Precipitation is not expected,1007,10,50,16:00,1,Good,7,Light Cloud,A gentle breeze from the south south east,SSE,SSE,South South Easterly,19,12,2024-03-02T21:42:00+00:00,2024-03-03T00:01:11.575Z,2643743,Greater London
Light cloud and a gentle breeze,7,7,44,34,21,63,2024-03-04,0,Precipitation is not expected,1007,9,48,17:00,1,Good,7,Light Cloud,A gentle breeze from the south south east,SSE,SSE,South South Easterly,18,11,2024-03-02T21:42:00+00:00,2024-03-03T00:01:11.575Z,2643743,Greater London
Light cloud and a gentle breeze,36,6,43,37,23,66,2024-03-04,0,Precipitation is not expected,1007,8,47,18:00,1,Good,7,Light Cloud,A gentle breeze from the south south east,SSE,SSE,South South Easterly,16,10,2024-03-02T21:42:00+00:00,2024-03-03T00:01:11.575Z,2643743,Greater London
Light cloud and a gentle breeze,36,6,43,39,24,69,2024-03-04,21,Low chance of precipitation,1007,8,47,19:00,1,Good,7,Light Cloud,A gentle breeze from the south east,SE,SE,South Easterly,17,10,2024-03-02T21:42:00+00:00,2024-03-03T00:01:11.575Z,2643743,Greater London
Light cloud and a gentle breeze,36,6,42,40,25,71,2024-03-04,19,Low chance of precipitation,1007,8,47,20:00,1,Good,7,Light Cloud,A gentle breeze from the south east,SE,SE,South Easterly,17,11,2024-03-02T21:42:00+00:00,2024-03-03T00:01:11.575Z,2643743,Greater London
Drizzle and a gentle breeze,38,5,42,39,24,75,2024-03-04,36,Chance of precipitation,1007,8,46,21:00,1,Good,11,Drizzle,A gentle breeze from the south east,SE,SE,South Easterly,17,10,2024-03-02T21:42:00+00:00,2024-03-03T00:01:11.575Z,2643743,Greater London
Light rain and a gentle breeze,39,5,41,39,24,80,2024-03-04,70,Chance of precipitation,1007,7,45,22:00,1,Good,12,Light Rain,A gentle breeze from the south east,SE,SE,South Easterly,17,10,2024-03-02T21:42:00+00:00,2024-03-03T00:01:11.575Z,2643743,Greater London
Light rain and a gentle breeze,39,5,41,38,24,83,2024-03-04,70,Chance of precipitation,1007,7,45,23:00,1,Moderate,12,Light Rain,A gentle breeze from the south east,SE,SE,South Easterly,17,10,2024-03-02T21:42:00+00:00,2024-03-03T00:01:11.575Z,2643743,Greater London
Light rain and a gentle breeze,39,5,40,34,21,86,2024-03-05,70,Chance of precipitation,1007,7,44,00:00,1,Moderate,12,Light Rain,A gentle breeze from the south east,SE,SE,South Easterly,15,9,2024-03-02T21:42:00+00:00,2024-03-03T00:01:11.575Z,2643743,Greater London
Light rain and a gentle breeze,39,5,40,30,19,87,2024-03-05,70,Chance of precipitation,1007,7,44,01:00,1,Moderate,12,Light Rain,A gentle breeze from the south south east,SSE,SSE,South South Easterly,14,9,2024-03-02T21:42:00+00:00,2024-03-03T00:01:11.575Z,2643743,Greater London
Light rain and a gentle breeze,39,5,40,26,16,88,2024-03-05,70,Chance of precipitation,1007,7,44,02:00,1,Moderate,12,Light Rain,A gentle breeze from the south south east,SSE,SSE,South South Easterly,12,8,2024-03-02T21:42:00+00:00,2024-03-03T00:01:11.575Z,2643743,Greater London
Light rain and light winds,39,5,40,24,15,89,2024-03-05,70,Chance of precipitation,1007,7,44,03:00,1,Moderate,12,Light Rain,Light winds from the south,S,S,Southerly,11,7,2024-03-02T21:42:00+00:00,2024-03-03T00:01:11.575Z,2643743,Greater London
Light rain and light winds,39,5,40,21,13,90,2024-03-05,45,Chance of precipitation,1008,6,43,04:00,1,Good,12,Light Rain,Light winds from the south south west,SSW,SSW,South South Westerly,10,6,2024-03-02T21:42:00+00:00,2024-03-03T00:01:11.575Z,2643743,Greater London
Light rain and light winds,39,4,40,19,12,90,2024-03-05,35,Chance of precipitation,1008,6,43,05:00,1,Good,12,Light Rain,Light winds from the south south west,SSW,SSW,South South Westerly,9,6,2024-03-02T21:42:00+00:00,2024-03-03T00:01:11.575Z,2643743,Greater London
Partly cloudy and light winds,2,4,39,21,13,90,2024-03-05,28,Low chance of precipitation,1009,6,42,06:00,1,Good,2,Partly Cloudy,Light winds from the south west,SW,SW,South Westerly,9,6,2024-03-02T21:42:00+00:00,2024-03-03T00:01:11.575Z,2643743,Greater London
Sunny intervals and light winds,3,4,39,23,15,90,2024-03-05,26,Low chance of precipitation,1010,6,42,07:00,1,Good,3,Sunny Intervals,Light winds from the south west,SW,SW,South Westerly,10,6,2024-03-02T21:42:00+00:00,2024-03-03T00:01:11.575Z,2643743,Greater London
Sunny intervals and light winds,3,4,40,26,16,89,2024-03-05,17,Low chance of precipitation,1010,6,43,08:00,1,Good,3,Sunny Intervals,Light winds from the south west,SW,SW,South Westerly,11,7,2024-03-02T21:42:00+00:00,2024-03-03T00:01:11.575Z,2643743,Greater London
Sunny intervals and light winds,3,5,41,27,17,86,2024-03-05,0,Precipitation is not expected,1011,7,45,09:00,1,Good,3,Sunny Intervals,Light winds from the west south west,WSW,WSW,West South Westerly,11,7,2024-03-02T21:42:00+00:00,2024-03-03T00:01:11.575Z,2643743,Greater London
Sunny intervals and a gentle breeze,3,6,43,28,17,81,2024-03-05,0,Precipitation is not expected,1012,8,47,10:00,1,Good,3,Sunny Intervals,A gentle breeze from the west,W,W,Westerly,12,8,2024-03-02T21:42:00+00:00,2024-03-03T00:01:11.575Z,2643743,Greater London
Sunny intervals and a gentle breeze,3,7,45,29,18,75,2024-03-05,0,Precipitation is not expected,1012,9,48,11:00,1,Good,3,Sunny Intervals,A gentle breeze from the west,W,W,Westerly,13,8,2024-03-02T21:42:00+00:00,2024-03-03T00:01:11.575Z,2643743,Greater London
Light cloud and a gentle breeze,7,8,47,28,18,70,2024-03-05,0,Precipitation is not expected,1013,10,50,12:00,1,Good,7,Light Cloud,A gentle breeze from the west,W,W,Westerly,14,9,2024-03-02T21:42:00+00:00,2024-03-03T00:01:11.575Z,2643743,Greater London
Light cloud and a gentle breeze,7,9,48,27,17,67,2024-03-05,9,Low chance of precipitation,1013,10,51,13:00,1,Good,7,Light Cloud,A gentle breeze from the west,W,W,Westerly,14,9,2024-03-02T21:42:00+00:00,2024-03-03T00:01:11.575Z,2643743,Greater London
Sunny intervals and a gentle breeze,3,9,49,26,16,63,2024-03-05,10,Low chance of precipitation,1014,11,51,14:00,1,Good,3,Sunny Intervals,A gentle breeze from the west,W,W,Westerly,14,9,2024-03-02T21:42:00+00:00,2024-03-03T00:01:11.575Z,2643743,Greater London
Sunny intervals and a gentle breeze,3,9,49,21,13,61,2024-03-05,13,Low chance of precipitation,1014,11,51,15:00,1,Good,3,Sunny Intervals,A gentle breeze from the west,W,W,Westerly,14,9,2024-03-02T21:42:00+00:00,2024-03-03T00:01:11.575Z,2643743,Greater London
Sunny intervals and light winds,3,9,48,15,9,65,2024-03-05,16,Low chance of precipitation,1014,10,50,16:00,1,Good,3,Sunny Intervals,Light winds from the west,W,W,Westerly,12,7,2024-03-02T21:42:00+00:00,2024-03-03T00:01:11.575Z,2643743,Greater London
Sunny intervals and light winds,3,8,47,9,6,69,2024-03-05,16,Low chance of precipitation,1015,9,49,17:00,1,Good,3,Sunny Intervals,Light winds from the west,W,W,Westerly,9,6,2024-03-02T21:42:00+00:00,2024-03-03T00:01:11.575Z,2643743,Greater London
Partly cloudy and light winds,2,8,47,8,5,74,2024-03-05,9,Low chance of precipitation,1015,9,47,18:00,1,Good,2,Partly Cloudy,Light winds from the west,W,W,Westerly,7,4,2024-03-02T21:42:00+00:00,2024-03-03T00:01:11.575Z,2643743,Greater London
A clear sky and light winds,0,7,45,7,5,77,2024-03-05,0,Precipitation is not expected,1016,8,46,19:00,1,Good,0,Clear Sky,Light winds from the west south west,WSW,WSW,West South Westerly,7,4,2024-03-02T21:42:00+00:00,2024-03-03T00:01:11.575Z,2643743,Greater London
A clear sky and light winds,0,7,44,7,4,80,2024-03-05,0,Precipitation is not expected,1016,7,45,20:00,1,Good,0,Clear Sky,Light winds from the west south west,WSW,WSW,West South Westerly,6,4,2024-03-02T21:42:00+00:00,2024-03-03T00:01:11.575Z,2643743,Greater London
A clear sky and light winds,0,6,43,7,4,84,2024-03-05,0,Precipitation is not expected,1016,6,43,21:00,1,Good,0,Clear Sky,Light winds from the west south west,WSW,WSW,West South Westerly,6,4,2024-03-02T21:42:00+00:00,2024-03-03T00:01:11.575Z,2643743,Greater London
A clear sky and light winds,0,5,41,7,5,87,2024-03-05,0,Precipitation is not expected,1017,5,42,22:00,1,Good,0,Clear Sky,Light winds from the west south west,WSW,WSW,West South Westerly,6,4,2024-03-02T21:42:00+00:00,2024-03-03T00:01:11.575Z,2643743,Greater London
A clear sky and light winds,0,5,40,7,4,88,2024-03-05,0,Precipitation is not expected,1017,5,41,23:00,1,Good,0,Clear Sky,Light winds from the west south west,WSW,WSW,West South Westerly,6,4,2024-03-02T21:42:00+00:00,2024-03-03T00:01:11.575Z,2643743,Greater London
A clear sky and light winds,0,4,39,7,4,88,2024-03-06,0,Precipitation is not expected,1017,4,40,00:00,1,Good,0,Clear Sky,Light winds from the west south west,WSW,WSW,West South Westerly,6,4,2024-03-02T21:42:00+00:00,2024-03-03T00:01:11.575Z,2643743,Greater London
A clear sky and light winds,0,4,39,6,4,89,2024-03-06,0,Precipitation is not expected,1017,4,40,01:00,1,Good,0,Clear Sky,Light winds from the west south west,WSW,WSW,West South Westerly,6,4,2024-03-02T21:42:00+00:00,2024-03-03T00:01:11.575Z,2643743,Greater London
A clear sky and light winds,0,4,39,6,4,90,2024-03-06,0,Precipitation is not expected,1017,4,39,02:00,1,Good,0,Clear Sky,Light winds from the south south west,SSW,SSW,South South Westerly,5,3,2024-03-02T21:42:00+00:00,2024-03-03T00:01:11.575Z,2643743,Greater London
A clear sky and light winds,0,3,38,6,4,91,2024-03-06,0,Precipitation is not expected,1017,4,39,03:00,1,Good,0,Clear Sky,Light winds from the south south west,SSW,SSW,South South Westerly,5,3,2024-03-02T21:42:00+00:00,2024-03-03T00:01:11.575Z,2643743,Greater London
Partly cloudy and light winds,2,3,38,6,4,91,2024-03-06,0,Precipitation is not expected,1017,4,39,04:00,1,Good,2,Partly Cloudy,Light winds from the south south west,SSW,SSW,South South Westerly,5,3,2024-03-02T21:42:00+00:00,2024-03-03T00:01:11.575Z,2643743,Greater London
Partly cloudy and light winds,2,3,38,6,4,91,2024-03-06,0,Precipitation is not expected,1017,4,39,05:00,1,Good,2,Partly Cloudy,Light winds from the south,S,S,Southerly,5,3,2024-03-02T21:42:00+00:00,2024-03-03T00:01:11.575Z,2643743,Greater London
Partly cloudy and light winds,2,3,38,7,5,92,2024-03-06,0,Precipitation is not expected,1017,3,38,06:00,1,Good,2,Partly Cloudy,Light winds from the south,S,S,Southerly,5,3,2024-03-02T21:42:00+00:00,2024-03-03T00:01:11.575Z,2643743,Greater London
Sunny intervals and light winds,3,4,39,9,5,90,2024-03-06,0,Precipitation is not expected,1018,4,39,07:00,1,Good,3,Sunny Intervals,Light winds from the south,S,S,Southerly,7,4,2024-03-02T21:42:00+00:00,2024-03-03T00:01:11.575Z,2643743,Greater London
Sunny intervals and light winds,3,5,41,10,6,88,2024-03-06,0,Precipitation is not expected,1018,5,41,08:00,1,Good,3,Sunny Intervals,Light winds from the south,S,S,Southerly,7,5,2024-03-02T21:42:00+00:00,2024-03-03T00:01:11.575Z,2643743,Greater London
Sunny intervals and light winds,3,5,41,12,8,83,2024-03-06,0,Precipitation is not expected,1018,6,43,09:00,1,Good,3,Sunny Intervals,Light winds from the south,S,S,Southerly,8,5,2024-03-02T21:42:00+00:00,2024-03-03T00:01:11.575Z,2643743,Greater London
Sunny intervals and light winds,3,6,43,14,9,78,2024-03-06,0,Precipitation is not expected,1019,8,46,10:00,1,Good,3,Sunny Intervals,Light winds from the south,S,S,Southerly,9,6,2024-03-02T21:42:00+00:00,2024-03-03T00:01:11.575Z,2643743,Greater London
Sunny intervals and light winds,3,8,46,16,10,74,2024-03-06,0,Precipitation is not expected,1019,9,48,11:00,1,Good,3,Sunny Intervals,Light winds from the south,S,S,Southerly,10,6,2024-03-02T21:42:00+00:00,2024-03-03T00:01:11.575Z,2643743,Greater London
Sunny intervals and a gentle breeze,3,9,48,14,9,70,2024-03-06,0,Precipitation is not expected,1019,10,50,12:00,1,Good,3,Sunny Intervals,A gentle breeze from the south,S,S,Southerly,12,8,2024-03-02T21:42:00+00:00,2024-03-03T00:01:11.575Z,2643743,Greater London
Sunny intervals and a gentle breeze,3,9,49,14,9,69,2024-03-06,14,Low chance of precipitation,1019,11,51,13:00,1,Good,3,Sunny Intervals,A gentle breeze from the south,S,S,Southerly,12,8,2024-03-02T21:42:00+00:00,2024-03-03T00:01:11.575Z,2643743,Greater London
Light cloud and light winds,7,10,49,14,9,66,2024-03-06,14,Low chance of precipitation,1019,11,52,14:00,1,Good,7,Light Cloud,Light winds from the south,S,S,Southerly,12,7,2024-03-02T21:42:00+00:00,2024-03-03T00:01:11.575Z,2643743,Greater London
Light cloud and light winds,7,10,49,14,9,64,2024-03-06,15,Low chance of precipitation,1019,11,52,15:00,1,Good,7,Light Cloud,Light winds from the south,S,S,Southerly,12,7,2024-03-02T21:42:00+00:00,2024-03-03T00:01:11.575Z,2643743,Greater London
Sunny intervals and light winds,3,9,49,14,9,67,2024-03-06,0,Precipitation is not expected,1019,11,51,16:00,1,Good,3,Sunny Intervals,Light winds from the south south east,SSE,SSE,South South Easterly,12,7,2024-03-02T21:42:00+00:00,2024-03-03T00:01:11.575Z,2643743,Greater London
Sunny intervals and light winds,3,9,47,14,9,71,2024-03-06,0,Precipitation is not expected,1019,10,50,17:00,1,Good,3,Sunny Intervals,Light winds from the south south east,SSE,SSE,South South Easterly,10,6,2024-03-02T21:42:00+00:00,2024-03-03T00:01:11.575Z,2643743,Greater London
Partly cloudy and light winds,2,8,46,13,8,76,2024-03-06,0,Precipitation is not expected,1019,9,48,18:00,1,Good,2,Partly Cloudy,Light winds from the south south east,SSE,SSE,South South Easterly,10,6,2024-03-02T21:42:00+00:00,2024-03-03T00:01:11.575Z,2643743,Greater London
Partly cloudy and light winds,2,7,45,13,8,79,2024-03-06,0,Precipitation is not expected,1020,9,47,19:00,1,Good,2,Partly Cloudy,Light winds from the south east,SE,SE,South Easterly,9,6,2024-03-02T21:42:00+00:00,2024-03-03T00:01:11.575Z,2643743,Greater London
Partly cloudy and light winds,2,7,44,12,7,81,2024-03-06,0,Precipitation is not expected,1020,8,47,20:00,1,Good,2,Partly Cloudy,Light winds from the south south east,SSE,SSE,South South Easterly,9,6,2024-03-02T21:42:00+00:00,2024-03-03T00:01:11.575Z,2643743,Greater London
Light cloud and light winds,36,6,43,13,8,84,2024-03-06,0,Precipitation is not expected,1020,8,46,21:00,1,Good,7,Light Cloud,Light winds from the south east,SE,SE,South Easterly,9,5,2024-03-02T21:42:00+00:00,2024-03-03T00:01:11.575Z,2643743,Greater London
Light cloud and light winds,36,6,43,14,9,85,2024-03-06,11,Low chance of precipitation,1020,7,45,22:00,1,Good,7,Light Cloud,Light winds from the south east,SE,SE,South Easterly,9,5,2024-03-02T21:42:00+00:00,2024-03-03T00:01:11.575Z,2643743,Greater London
Light cloud and light winds,36,6,42,15,9,87,2024-03-06,11,Low chance of precipitation,1020,7,45,23:00,1,Good,7,Light Cloud,Light winds from the south east,SE,SE,South Easterly,9,5,2024-03-02T21:42:00+00:00,2024-03-03T00:01:11.575Z,2643743,Greater London
Light cloud and light winds,36,5,42,16,10,87,2024-03-07,11,Low chance of precipitation,1020,7,44,00:00,1,Good,7,Light Cloud,Light winds from the south east,SE,SE,South Easterly,8,5,2024-03-02T21:42:00+00:00,2024-03-03T00:01:11.575Z,2643743,Greater London
Partly cloudy and light winds,2,5,41,16,10,87,2024-03-07,16,Low chance of precipitation,1020,7,44,01:00,1,Good,2,Partly Cloudy,Light winds from the south east,SE,SE,South Easterly,9,5,2024-03-02T21:42:00+00:00,2024-03-03T00:01:11.575Z,2643743,Greater London
Partly cloudy and light winds,2,5,41,16,10,87,2024-03-07,16,Low chance of precipitation,1020,6,43,02:00,1,Good,2,Partly Cloudy,Light winds from the east south east,ESE,ESE,East South Easterly,8,5,2024-03-02T21:42:00+00:00,2024-03-03T00:01:11.575Z,2643743,Greater London
Partly cloudy and light winds,2,4,40,17,11,86,2024-03-07,16,Low chance of precipitation,1019,6,43,03:00,1,Good,2,Partly Cloudy,Light winds from the east south east,ESE,ESE,East South Easterly,9,5,2024-03-02T21:42:00+00:00,2024-03-03T00:01:11.575Z,2643743,Greater London
Partly cloudy and light winds,2,4,39,19,12,86,2024-03-07,0,Precipitation is not expected,1019,6,42,04:00,1,Good,2,Partly Cloudy,Light winds from the east south east,ESE,ESE,East South Easterly,9,6,2024-03-02T21:42:00+00:00,2024-03-03T00:01:11.575Z,2643743,Greater London
Partly cloudy and light winds,2,4,39,20,13,86,2024-03-07,0,Precipitation is not expected,1019,6,42,05:00,1,Good,2,Partly Cloudy,Light winds from the east south east,ESE,ESE,East South Easterly,9,6,2024-03-02T21:42:00+00:00,2024-03-03T00:01:11.575Z,2643743,Greater London
Partly cloudy and light winds,2,3,38,22,14,87,2024-03-07,0,Precipitation is not expected,1019,5,41,06:00,1,Good,2,Partly Cloudy,Light winds from the east south east,ESE,ESE,East South Easterly,10,6,2024-03-02T21:42:00+00:00,2024-03-03T00:01:11.575Z,2643743,Greater London
Sunny intervals and light winds,3,4,39,24,15,86,2024-03-07,21,Low chance of precipitation,1019,6,43,07:00,1,Good,3,Sunny Intervals,Light winds from the east south east,ESE,ESE,East South Easterly,12,7,2024-03-02T21:42:00+00:00,2024-03-03T00:01:11.575Z,2643743,Greater London
Sunny intervals and a gentle breeze,3,4,40,26,16,84,2024-03-07,26,Low chance of precipitation,1019,7,44,08:00,1,Good,3,Sunny Intervals,A gentle breeze from the east south east,ESE,ESE,East South Easterly,13,8,2024-03-02T21:42:00+00:00,2024-03-03T00:01:11.575Z,2643743,Greater London
Sunny intervals and a gentle breeze,3,5,42,27,17,82,2024-03-07,27,Low chance of precipitation,1019,8,46,09:00,1,Good,3,Sunny Intervals,A gentle breeze from the east south east,ESE,ESE,East South Easterly,15,9,2024-03-02T21:42:00+00:00,2024-03-03T00:01:11.575Z,2643743,Greater London
Sunny intervals and a gentle breeze,3,7,44,29,18,78,2024-03-07,23,Low chance of precipitation,1018,9,47,10:00,1,Good,3,Sunny Intervals,A gentle breeze from the east south east,ESE,ESE,East South Easterly,16,10,2024-03-02T21:42:00+00:00,2024-03-03T00:01:11.575Z,2643743,Greater London
Sunny intervals and a gentle breeze,3,8,46,29,18,72,2024-03-07,24,Low chance of precipitation,1018,10,49,11:00,1,Good,3,Sunny Intervals,A gentle breeze from the east south east,ESE,ESE,East South Easterly,17,11,2024-03-02T21:42:00+00:00,2024-03-03T00:01:11.575Z,2643743,Greater London
Sunny intervals and a gentle breeze,3,9,47,30,19,68,2024-03-07,24,Low chance of precipitation,1018,10,51,12:00,1,Good,3,Sunny Intervals,A gentle breeze from the east south east,ESE,ESE,East South Easterly,19,12,2024-03-02T21:42:00+00:00,2024-03-03T00:01:11.575Z,2643743,Greater London
Sunny intervals and a gentle breeze,3,9,48,31,19,66,2024-03-07,10,Low chance of precipitation,1017,11,51,13:00,1,Good,3,Sunny Intervals,A gentle breeze from the east south east,ESE,ESE,East South Easterly,19,12,2024-03-02T21:42:00+00:00,2024-03-03T00:01:11.575Z,2643743,Greater London
Sunny intervals and a gentle breeze,3,9,48,31,19,64,2024-03-07,10,Low chance of precipitation,1017,11,51,14:00,1,Good,3,Sunny Intervals,A gentle breeze from the east south east,ESE,ESE,East South Easterly,19,12,2024-03-02T21:42:00+00:00,2024-03-03T00:01:11.575Z,2643743,Greater London
Sunny intervals and a gentle breeze,3,9,47,33,20,63,2024-03-07,10,Low chance of precipitation,1016,11,51,15:00,1,Good,3,Sunny Intervals,A gentle breeze from the east,E,E,Easterly,20,12,2024-03-02T21:42:00+00:00,2024-03-03T00:01:11.575Z,2643743,Greater London
Sunny intervals and a gentle breeze,3,8,46,35,22,66,2024-03-07,0,Precipitation is not expected,1016,10,50,16:00,1,Good,3,Sunny Intervals,A gentle breeze from the east,E,E,Easterly,19,12,2024-03-02T21:42:00+00:00,2024-03-03T00:01:11.575Z,2643743,Greater London
Sunny intervals and a gentle breeze,3,7,45,36,22,70,2024-03-07,0,Precipitation is not expected,1016,9,49,17:00,1,Good,3,Sunny Intervals,A gentle breeze from the east,E,E,Easterly,19,12,2024-03-02T21:42:00+00:00,2024-03-03T00:01:11.575Z,2643743,Greater London
Partly cloudy and a gentle breeze,2,6,43,36,22,73,2024-03-07,0,Precipitation is not expected,1015,8,47,18:00,1,Good,2,Partly Cloudy,A gentle breeze from the east,E,E,Easterly,18,11,2024-03-02T21:42:00+00:00,2024-03-03T00:01:11.575Z,2643743,Greater London
Partly cloudy and a gentle breeze,2,6,42,35,22,75,2024-03-07,0,Precipitation is not expected,1015,8,46,19:00,1,Good,2,Partly Cloudy,A gentle breeze from the east,E,E,Easterly,18,11,2024-03-02T21:42:00+00:00,2024-03-03T00:01:11.575Z,2643743,Greater London
Partly cloudy and a gentle breeze,2,5,42,35,22,77,2024-03-07,0,Precipitation is not expected,1015,8,46,20:00,1,Good,2,Partly Cloudy,A gentle breeze from the east,E,E,Easterly,17,11,2024-03-02T21:42:00+00:00,2024-03-03T00:01:11.575Z,2643743,Greater London
Partly cloudy and a gentle breeze,2,5,41,33,21,78,2024-03-07,0,Precipitation is not expected,1015,7,45,21:00,1,Good,2,Partly Cloudy,A gentle breeze from the east,E,E,Easterly,17,10,2024-03-02T21:42:00+00:00,2024-03-03T00:01:11.575Z,2643743,Greater London
Partly cloudy and a gentle breeze,2,5,41,31,19,80,2024-03-07,0,Precipitation is not expected,1015,7,45,22:00,1,Good,2,Partly Cloudy,A gentle breeze from the east,E,E,Easterly,16,10,2024-03-02T21:42:00+00:00,2024-03-03T00:01:11.575Z,2643743,Greater London
Partly cloudy and a gentle breeze,2,5,41,29,18,81,2024-03-07,0,Precipitation is not expected,1014,7,45,23:00,1,Good,2,Partly Cloudy,A gentle breeze from the east,E,E,Easterly,16,10,2024-03-02T21:42:00+00:00,2024-03-03T00:01:11.575Z,2643743,Greater London
Partly cloudy and a gentle breeze,2,5,41,32,20,82,2024-03-08,0,Precipitation is not expected,1014,7,45,00:00,1,Good,2,Partly Cloudy,A gentle breeze from the east,E,E,Easterly,15,9,2024-03-02T21:42:00+00:00,2024-03-03T00:01:11.575Z,2643743,Greater London
Partly cloudy and a gentle breeze,2,5,40,34,21,83,2024-03-08,0,Precipitation is not expected,1013,7,45,01:00,1,Good,2,Partly Cloudy,A gentle breeze from the east,E,E,Easterly,16,10,2024-03-02T21:42:00+00:00,2024-03-03T00:01:11.575Z,2643743,Greater London
Partly cloudy and a gentle breeze,2,5,41,36,22,84,2024-03-08,0,Precipitation is not expected,1013,7,45,02:00,1,Good,2,Partly Cloudy,A gentle breeze from the east,E,E,Easterly,16,10,2024-03-02T21:42:00+00:00,2024-03-03T00:01:11.575Z,2643743,Greater London
Partly cloudy and a gentle breeze,2,4,40,36,22,85,2024-03-08,0,Precipitation is not expected,1012,7,44,03:00,1,Good,2,Partly Cloudy,A gentle breeze from the east,E,E,Easterly,16,10,2024-03-02T21:42:00+00:00,2024-03-03T00:01:11.575Z,2643743,Greater London
Partly cloudy and a gentle breeze,2,4,40,36,22,85,2024-03-08,0,Precipitation is not expected,1012,7,44,04:00,1,Good,2,Partly Cloudy,A gentle breeze from the east,E,E,Easterly,17,10,2024-03-02T21:42:00+00:00,2024-03-03T00:01:11.575Z,2643743,Greater London
Partly cloudy and a gentle breeze,2,4,39,36,22,85,2024-03-08,0,Precipitation is not expected,1011,7,44,05:00,1,Good,2,Partly Cloudy,A gentle breeze from the east,E,E,Easterly,17,11,2024-03-02T21:42:00+00:00,2024-03-03T00:01:11.575Z,2643743,Greater London
Partly cloudy and a gentle breeze,2,4,39,39,24,86,2024-03-08,0,Precipitation is not expected,1011,7,44,06:00,1,Good,2,Partly Cloudy,A gentle breeze from the east,E,E,Easterly,18,11,2024-03-02T21:42:00+00:00,2024-03-03T00:01:11.575Z,2643743,Greater London
Sunny intervals and a gentle breeze,3,4,40,42,26,84,2024-03-08,0,Precipitation is not expected,1011,7,45,07:00,1,Good,3,Sunny Intervals,A gentle breeze from the east,E,E,Easterly,19,12,2024-03-02T21:42:00+00:00,2024-03-03T00:01:11.575Z,2643743,Greater London
Sunny intervals and a moderate breeze,3,5,40,45,28,82,2024-03-08,0,Precipitation is not expected,1011,7,45,08:00,1,Good,3,Sunny Intervals,A moderate breeze from the east,E,E,Easterly,21,13,2024-03-02T21:42:00+00:00,2024-03-03T00:01:11.575Z,2643743,Greater London
Sunny intervals and a moderate breeze,3,5,42,45,28,79,2024-03-08,0,Precipitation is not expected,1011,8,46,09:00,1,Good,3,Sunny Intervals,A moderate breeze from the east,E,E,Easterly,22,14,2024-03-02T21:42:00+00:00,2024-03-03T00:01:11.575Z,2643743,Greater London
Sunny intervals and a moderate breeze,3,6,43,45,28,75,2024-03-08,0,Precipitation is not expected,1010,9,48,10:00,1,Good,3,Sunny Intervals,A moderate breeze from the east,E,E,Easterly,23,14,2024-03-02T21:42:00+00:00,2024-03-03T00:01:11.575Z,2643743,Greater London
Sunny intervals and a moderate breeze,3,8,46,44,28,71,2024-03-08,0,Precipitation is not expected,1010,10,50,11:00,1,Good,3,Sunny Intervals,A moderate breeze from the east,E,E,Easterly,24,15,2024-03-02T21:42:00+00:00,2024-03-03T00:01:11.575Z,2643743,Greater London
Sunny intervals and a moderate breeze,3,8,47,44,27,67,2024-03-08,0,Precipitation is not expected,1010,10,51,12:00,1,Good,3,Sunny Intervals,A moderate breeze from the east,E,E,Easterly,25,15,2024-03-02T21:42:00+00:00,2024-03-03T00:01:11.575Z,2643743,Greater London
Sunny intervals and a moderate breeze,3,9,47,43,27,66,2024-03-08,0,Precipitation is not expected,1010,11,51,13:00,1,Good,3,Sunny Intervals,A moderate breeze from the east,E,E,Easterly,26,16,2024-03-02T21:42:00+00:00,2024-03-03T00:01:11.575Z,2643743,Greater London
Sunny intervals and a moderate breeze,3,9,48,42,26,65,2024-03-08,0,Precipitation is not expected,1009,11,52,14:00,1,Good,3,Sunny Intervals,A moderate breeze from the east,E,E,Easterly,25,15,2024-03-02T21:42:00+00:00,2024-03-03T00:01:11.575Z,2643743,Greater London
Sunny intervals and a moderate breeze,3,9,47,42,26,66,2024-03-08,0,Precipitation is not expected,1009,11,51,15:00,1,Good,3,Sunny Intervals,A moderate breeze from the east,E,E,Easterly,25,15,2024-03-02T21:42:00+00:00,2024-03-03T00:01:11.575Z,2643743,Greater London
Sunny and a moderate breeze,1,8,47,43,27,68,2024-03-08,0,Precipitation is not expected,1009,10,51,16:00,1,Good,1,Sunny,A moderate breeze from the east,E,E,Easterly,24,15,2024-03-02T21:42:00+00:00,2024-03-03T00:01:11.575Z,2643743,Greater London
Sunny and a moderate breeze,1,7,45,43,27,71,2024-03-08,0,Precipitation is not expected,1009,10,49,17:00,1,Good,1,Sunny,A moderate breeze from the east,E,E,Easterly,23,14,2024-03-02T21:42:00+00:00,2024-03-03T00:01:11.575Z,2643743,Greater London
A clear sky and a moderate breeze,0,7,44,41,26,74,2024-03-08,0,Precipitation is not expected,1008,9,48,18:00,1,Good,0,Clear Sky,A moderate breeze from the east,E,E,Easterly,22,14,2024-03-02T21:42:00+00:00,2024-03-03T00:01:11.575Z,2643743,Greater London
A clear sky and a moderate breeze,0,7,44,39,24,75,2024-03-08,0,Precipitation is not expected,1009,9,48,19:00,1,Good,0,Clear Sky,A moderate breeze from the east,E,E,Easterly,21,13,2024-03-02T21:42:00+00:00,2024-03-03T00:01:11.575Z,2643743,Greater London
Partly cloudy and a moderate breeze,2,7,44,36,23,76,2024-03-08,0,Precipitation is not expected,1009,9,48,20:00,1,Good,2,Partly Cloudy,A moderate breeze from the east,E,E,Easterly,21,13,2024-03-02T21:42:00+00:00,2024-03-03T00:01:11.575Z,2643743,Greater London
Partly cloudy and a gentle breeze,2,7,44,36,23,77,2024-03-08,0,Precipitation is not expected,1009,9,48,21:00,1,Good,2,Partly Cloudy,A gentle breeze from the east,E,E,Easterly,19,12,2024-03-02T21:42:00+00:00,2024-03-03T00:01:11.575Z,2643743,Greater London
Partly cloudy and a gentle breeze,2,6,43,36,23,78,2024-03-08,0,Precipitation is not expected,1009,9,47,22:00,1,Good,2,Partly Cloudy,A gentle breeze from the east,E,E,Easterly,19,12,2024-03-02T21:42:00+00:00,2024-03-03T00:01:11.575Z,2643743,Greater London
Partly cloudy and a gentle breeze,2,6,43,36,23,79,2024-03-08,0,Precipitation is not expected,1009,9,47,23:00,1,Good,2,Partly Cloudy,A gentle breeze from the east,E,E,Easterly,18,11,2024-03-02T21:42:00+00:00,2024-03-03T00:01:11.575Z,2643743,Greater London
Partly cloudy and a gentle breeze,2,6,43,37,23,80,2024-03-09,0,Precipitation is not expected,1009,8,47,00:00,1,Good,2,Partly Cloudy,A gentle breeze from the east,E,E,Easterly,17,11,2024-03-02T21:42:00+00:00,2024-03-03T00:01:11.575Z,2643743,Greater London
Partly cloudy and a gentle breeze,2,5,42,37,23,80,2024-03-09,18,Low chance of precipitation,1008,8,46,01:00,1,Good,2,Partly Cloudy,A gentle breeze from the east,E,E,Easterly,18,11,2024-03-02T21:42:00+00:00,2024-03-03T00:01:11.575Z,2643743,Greater London
Partly cloudy and a gentle breeze,2,5,42,39,24,82,2024-03-09,18,Low chance of precipitation,1008,8,46,02:00,1,Good,2,Partly Cloudy,A gentle breeze from the east,E,E,Easterly,18,11,2024-03-02T21:42:00+00:00,2024-03-03T00:01:11.575Z,2643743,Greater London
Partly cloudy and a gentle breeze,2,5,41,40,25,82,2024-03-09,18,Low chance of precipitation,1008,7,45,03:00,1,Good,2,Partly Cloudy,A gentle breeze from the east,E,E,Easterly,18,11,2024-03-02T21:42:00+00:00,2024-03-03T00:01:11.575Z,2643743,Greater London
Partly cloudy and a gentle breeze,2,5,41,41,25,83,2024-03-09,21,Low chance of precipitation,1008,7,45,04:00,1,Good,2,Partly Cloudy,A gentle breeze from the east,E,E,Easterly,19,12,2024-03-02T21:42:00+00:00,2024-03-03T00:01:11.575Z,2643743,Greater London
Partly cloudy and a gentle breeze,2,5,40,42,26,83,2024-03-09,21,Low chance of precipitation,1008,7,45,05:00,1,Good,2,Partly Cloudy,A gentle breeze from the east,E,E,Easterly,19,12,2024-03-02T21:42:00+00:00,2024-03-03T00:01:11.575Z,2643743,Greater London
Partly cloudy and a moderate breeze,2,4,40,43,27,83,2024-03-09,21,Low chance of precipitation,1008,7,45,06:00,1,Good,2,Partly Cloudy,A moderate breeze from the east,E,E,Easterly,20,13,2024-03-03T00:01:11+00:00,2024-03-03T00:01:11.575Z,2643743,Greater London
Sunny intervals and a moderate breeze,3,5,40,44,28,83,2024-03-09,19,Low chance of precipitation,1008,7,45,07:00,1,Good,3,Sunny Intervals,A moderate breeze from the east,E,E,Easterly,21,13,2024-03-03T00:01:11+00:00,2024-03-03T00:01:11.575Z,2643743,Greater London
Sunny intervals and a moderate breeze,3,5,40,46,28,82,2024-03-09,19,Low chance of precipitation,1008,7,45,08:00,1,Good,3,Sunny Intervals,A moderate breeze from the east,E,E,Easterly,22,14,2024-03-03T00:01:11+00:00,2024-03-03T00:01:11.575Z,2643743,Greater London
Light cloud and a moderate breeze,7,5,42,46,28,79,2024-03-09,19,Low chance of precipitation,1008,8,47,09:00,1,Good,7,Light Cloud,A moderate breeze from the east,E,E,Easterly,23,15,2024-03-03T00:01:11+00:00,2024-03-03T00:01:11.575Z,2643743,Greater London
Light cloud and a moderate breeze,7,6,43,46,29,77,2024-03-09,23,Low chance of precipitation,1008,9,48,10:00,1,Good,7,Light Cloud,A moderate breeze from the east,E,E,Easterly,24,15,2024-03-03T00:01:11+00:00,2024-03-03T00:01:11.575Z,2643743,Greater London
Light cloud and a moderate breeze,7,7,45,46,29,72,2024-03-09,23,Low chance of precipitation,1008,10,49,11:00,1,Good,7,Light Cloud,A moderate breeze from the east,E,E,Easterly,24,15,2024-03-03T00:01:11+00:00,2024-03-03T00:01:11.575Z,2643743,Greater London
Light cloud and a moderate breeze,7,8,46,47,29,70,2024-03-09,23,Low chance of precipitation,1008,10,50,12:00,1,Good,7,Light Cloud,A moderate breeze from the east,E,E,Easterly,26,16,2024-03-03T00:01:11+00:00,2024-03-03T00:01:11.575Z,2643743,Greater London
Light rain and a moderate breeze,12,8,46,45,28,69,2024-03-09,31,Chance of precipitation,1007,10,50,13:00,1,Good,12,Light Rain,A moderate breeze from the east,E,E,Easterly,25,16,2024-03-03T00:01:11+00:00,2024-03-03T00:01:11.575Z,2643743,Greater London
Light rain and a moderate breeze,12,8,46,44,28,69,2024-03-09,31,Chance of precipitation,1007,10,50,14:00,1,Good,12,Light Rain,A moderate breeze from the east,E,E,Easterly,24,15,2024-03-03T00:01:11+00:00,2024-03-03T00:01:11.575Z,2643743,Greater London
Light rain and a moderate breeze,12,8,46,43,27,70,2024-03-09,31,Chance of precipitation,1007,10,50,15:00,1,Good,12,Light Rain,A moderate breeze from the east,E,E,Easterly,24,15,2024-03-03T00:01:11+00:00,2024-03-03T00:01:11.575Z,2643743,Greater London
Light rain showers and a moderate breeze,10,8,46,42,26,72,2024-03-09,30,Low chance of precipitation,1007,10,50,16:00,1,Good,10,Light Rain Showers,A moderate breeze from the east,E,E,Easterly,23,14,2024-03-03T00:01:11+00:00,2024-03-03T00:01:11.575Z,2643743,Greater London
Light rain showers and a moderate breeze,10,7,45,40,25,74,2024-03-09,28,Low chance of precipitation,1007,10,49,17:00,1,Good,10,Light Rain Showers,A moderate breeze from the east,E,E,Easterly,21,13,2024-03-03T00:01:11+00:00,2024-03-03T00:01:11.575Z,2643743,Greater London
Light rain showers and a gentle breeze,9,7,45,40,25,77,2024-03-09,27,Low chance of precipitation,1007,9,48,18:00,1,Good,9,Light Rain Showers,A gentle breeze from the east,E,E,Easterly,19,12,2024-03-03T00:01:11+00:00,2024-03-03T00:01:11.575Z,2643743,Greater London
Light rain showers and a gentle breeze,9,7,44,40,25,78,2024-03-09,35,Chance of precipitation,1007,9,48,19:00,1,Good,9,Light Rain Showers,A gentle breeze from the east,E,E,Easterly,19,12,2024-03-03T00:01:11+00:00,2024-03-03T00:01:11.575Z,2643743,Greater London
Light rain showers and a gentle breeze,9,7,45,40,25,79,2024-03-09,36,Chance of precipitation,1008,9,48,20:00,1,Good,9,Light Rain Showers,A gentle breeze from the east,E,E,Easterly,19,12,2024-03-03T00:01:11+00:00,2024-03-03T00:01:11.575Z,2643743,Greater London
Light rain showers and a gentle breeze,9,7,45,40,25,81,2024-03-09,36,Chance of precipitation,1008,9,48,21:00,1,Good,9,Light Rain Showers,A gentle breeze from the east,E,E,Easterly,18,11,2024-03-03T00:01:11+00:00,2024-03-03T00:01:11.575Z,2643743,Greater London
Light rain showers and a gentle breeze,9,7,44,39,24,82,2024-03-09,31,Chance of precipitation,1008,9,48,22:00,1,Good,9,Light Rain Showers,A gentle breeze from the east,E,E,Easterly,18,11,2024-03-03T00:01:11+00:00,2024-03-03T00:01:11.575Z,2643743,Greater London
Light cloud and a gentle breeze,36,7,44,39,24,83,2024-03-09,30,Low chance of precipitation,1008,9,48,23:00,1,Good,7,Light Cloud,A gentle breeze from the east,E,E,Easterly,18,11,2024-03-03T00:01:11+00:00,2024-03-03T00:01:11.575Z,2643743,Greater London
Light cloud and a gentle breeze,36,7,44,39,24,83,2024-03-10,28,Low chance of precipitation,1008,9,47,00:00,1,Good,7,Light Cloud,A gentle breeze from the east,E,E,Easterly,17,11,2024-03-03T00:01:11+00:00,2024-03-03T00:01:11.575Z,2643743,Greater London
Light rain showers and a gentle breeze,9,6,43,39,24,84,2024-03-10,49,Chance of precipitation,1008,8,47,01:00,1,Good,9,Light Rain Showers,A gentle breeze from the east,E,E,Easterly,17,11,2024-03-03T00:01:11+00:00,2024-03-03T00:01:11.575Z,2643743,Greater London
Light rain showers and a gentle breeze,9,6,43,39,24,85,2024-03-10,49,Chance of precipitation,1008,8,47,02:00,1,Good,9,Light Rain Showers,A gentle breeze from the east,E,E,Easterly,17,11,2024-03-03T00:01:11+00:00,2024-03-03T00:01:11.575Z,2643743,Greater London
Light rain showers and a gentle breeze,9,6,42,33,21,85,2024-03-10,49,Chance of precipitation,1007,8,46,03:00,1,Good,9,Light Rain Showers,A gentle breeze from the east,E,E,Easterly,17,11,2024-03-03T00:01:11+00:00,2024-03-03T00:01:11.575Z,2643743,Greater London
Light rain showers and a gentle breeze,9,6,43,32,20,90,2024-03-10,32,Chance of precipitation,1007,8,47,04:00,1,Good,9,Light Rain Showers,A gentle breeze from the east,E,E,Easterly,13,8,2024-03-03T00:01:11+00:00,2024-03-03T00:01:11.575Z,2643743,Greater London
Light rain showers and a gentle breeze,9,6,43,31,19,90,2024-03-10,33,Chance of precipitation,1007,8,46,05:00,1,Good,9,Light Rain Showers,A gentle breeze from the east,E,E,Easterly,13,8,2024-03-03T00:01:11+00:00,2024-03-03T00:01:11.575Z,2643743,Greater London
Light rain showers and a gentle breeze,9,6,43,33,20,90,2024-03-10,36,Chance of precipitation,1007,8,46,06:00,1,Good,9,Light Rain Showers,A gentle breeze from the east,E,E,Easterly,13,8,2024-03-03T00:01:11+00:00,2024-03-03T00:01:11.575Z,2643743,Greater London
Light rain showers and a gentle breeze,10,6,43,34,21,89,2024-03-10,40,Chance of precipitation,1008,8,47,07:00,1,Good,10,Light Rain Showers,A gentle breeze from the east,E,E,Easterly,14,9,2024-03-03T00:01:11+00:00,2024-03-03T00:01:11.575Z,2643743,Greater London
Light rain showers and a gentle breeze,10,7,44,35,22,88,2024-03-10,39,Chance of precipitation,1008,8,47,08:00,1,Good,10,Light Rain Showers,A gentle breeze from the east,E,E,Easterly,15,9,2024-03-03T00:01:11+00:00,2024-03-03T00:01:11.575Z,2643743,Greater London
Light rain showers and a gentle breeze,10,7,45,37,23,86,2024-03-10,37,Chance of precipitation,1008,9,48,09:00,1,Good,10,Light Rain Showers,A gentle breeze from the east south east,ESE,ESE,East South Easterly,16,10,2024-03-03T00:01:11+00:00,2024-03-03T00:01:11.575Z,2643743,Greater London
Light rain showers and a gentle breeze,10,8,47,38,24,82,2024-03-10,52,Chance of precipitation,1008,10,50,10:00,1,Good,10,Light Rain Showers,A gentle breeze from the east south east,ESE,ESE,East South Easterly,16,10,2024-03-03T00:01:11+00:00,2024-03-03T00:01:11.575Z,2643743,Greater London
Light rain showers and a gentle breeze,10,10,49,39,24,77,2024-03-10,52,Chance of precipitation,1008,11,52,11:00,1,Good,10,Light Rain Showers,A gentle breeze from the east south east,ESE,ESE,East South Easterly,16,10,2024-03-03T00:01:11+00:00,2024-03-03T00:01:11.575Z,2643743,Greater London
Light rain showers and a gentle breeze,10,10,51,39,24,74,2024-03-10,52,Chance of precipitation,1008,12,53,12:00,1,Good,10,Light Rain Showers,A gentle breeze from the east south east,ESE,ESE,East South Easterly,17,11,2024-03-03T00:01:11+00:00,2024-03-03T00:01:11.575Z,2643743,Greater London
Sunny intervals and a gentle breeze,3,11,51,37,23,72,2024-03-10,27,Low chance of precipitation,1008,12,53,13:00,1,Good,3,Sunny Intervals,A gentle breeze from the south east,SE,SE,South Easterly,17,10,2024-03-03T00:01:11+00:00,2024-03-03T00:01:11.575Z,2643743,Greater London
Sunny intervals and a gentle breeze,3,11,51,36,23,70,2024-03-10,23,Low chance of precipitation,1008,12,53,14:00,1,Good,3,Sunny Intervals,A gentle breeze from the south east,SE,SE,South Easterly,16,10,2024-03-03T00:01:11+00:00,2024-03-03T00:01:11.575Z,2643743,Greater London
Sunny intervals and a gentle breeze,3,10,51,36,22,69,2024-03-10,22,Low chance of precipitation,1007,11,53,15:00,1,Good,3,Sunny Intervals,A gentle breeze from the south east,SE,SE,South Easterly,16,10,2024-03-03T00:01:11+00:00,2024-03-03T00:01:11.575Z,2643743,Greater London
Sunny intervals and a gentle breeze,3,10,49,35,22,72,2024-03-10,14,Low chance of precipitation,1008,11,52,16:00,1,Good,3,Sunny Intervals,A gentle breeze from the east south east,ESE,ESE,East South Easterly,15,9,2024-03-03T00:01:11+00:00,2024-03-03T00:01:11.575Z,2643743,Greater London
Sunny intervals and a gentle breeze,3,9,48,32,20,75,2024-03-10,20,Low chance of precipitation,1008,10,51,17:00,1,Good,3,Sunny Intervals,A gentle breeze from the east south east,ESE,ESE,East South Easterly,14,9,2024-03-03T00:01:11+00:00,2024-03-03T00:01:11.575Z,2643743,Greater London
A clear sky and a gentle breeze,0,8,47,32,20,78,2024-03-10,11,Low chance of precipitation,1008,10,50,18:00,1,Good,0,Clear Sky,A gentle breeze from the east south east,ESE,ESE,East South Easterly,13,8,2024-03-03T00:01:11+00:00,2024-03-03T00:01:11.575Z,2643743,Greater London
A clear sky and a gentle breeze,0,8,46,32,20,80,2024-03-10,0,Precipitation is not expected,1008,9,49,19:00,1,Good,0,Clear Sky,A gentle breeze from the east,E,E,Easterly,13,8,2024-03-03T00:01:11+00:00,2024-03-03T00:01:11.575Z,2643743,Greater London
Partly cloudy and a gentle breeze,2,8,46,31,19,81,2024-03-10,27,Low chance of precipitation,1009,9,49,20:00,1,Good,2,Partly Cloudy,A gentle breeze from the east south east,ESE,ESE,East South Easterly,13,8,2024-03-03T00:01:11+00:00,2024-03-03T00:01:11.575Z,2643743,Greater London
Partly cloudy and a gentle breeze,2,7,45,29,18,84,2024-03-10,0,Precipitation is not expected,1009,9,48,21:00,1,Good,2,Partly Cloudy,A gentle breeze from the east,E,E,Easterly,12,8,2024-03-03T00:01:11+00:00,2024-03-03T00:01:11.575Z,2643743,Greater London
Partly cloudy and light winds,2,7,44,30,19,86,2024-03-10,0,Precipitation is not expected,1009,8,47,22:00,1,Good,2,Partly Cloudy,Light winds from the east,E,E,Easterly,12,7,2024-03-03T00:01:11+00:00,2024-03-03T00:01:11.575Z,2643743,Greater London
A clear sky and light winds,0,7,44,29,18,88,2024-03-10,0,Precipitation is not expected,1009,8,47,23:00,1,Good,0,Clear Sky,Light winds from the east,E,E,Easterly,12,7,2024-03-03T00:01:11+00:00,2024-03-03T00:01:11.575Z,2643743,Greater London
A clear sky and light winds,0,6,43,29,18,89,2024-03-11,27,Low chance of precipitation,1009,8,46,00:00,1,Good,0,Clear Sky,Light winds from the east,E,E,Easterly,12,7,2024-03-03T00:01:11+00:00,2024-03-03T00:01:11.575Z,2643743,Greater London
A clear sky and light winds,0,5,42,27,17,90,2024-03-11,31,Chance of precipitation,1009,7,45,01:00,1,Good,0,Clear Sky,Light winds from the east north east,ENE,ENE,East North Easterly,12,7,2024-03-03T00:01:11+00:00,2024-03-03T00:01:11.575Z,2643743,Greater London
A clear sky and light winds,0,6,42,27,17,90,2024-03-11,43,Chance of precipitation,1009,7,45,02:00,1,Good,0,Clear Sky,Light winds from the east north east,ENE,ENE,East North Easterly,11,7,2024-03-03T00:01:11+00:00,2024-03-03T00:01:11.575Z,2643743,Greater London
A clear sky and light winds,0,5,41,29,18,91,2024-03-11,43,Chance of precipitation,1009,7,45,03:00,1,Good,0,Clear Sky,Light winds from the east north east,ENE,ENE,East North Easterly,11,7,2024-03-03T00:01:11+00:00,2024-03-03T00:01:11.575Z,2643743,Greater London
Partly cloudy and light winds,2,5,41,29,18,90,2024-03-11,49,Chance of precipitation,1010,7,45,04:00,1,Good,2,Partly Cloudy,Light winds from the east,E,E,Easterly,11,7,2024-03-03T00:01:11+00:00,2024-03-03T00:01:11.575Z,2643743,Greater London
Light rain and light winds,39,5,41,30,19,90,2024-03-11,30,Low chance of precipitation,1010,7,45,05:00,1,Good,12,Light Rain,Light winds from the east,E,E,Easterly,12,7,2024-03-03T00:01:11+00:00,2024-03-03T00:01:11.575Z,2643743,Greater London
Light rain and a gentle breeze,39,5,41,32,20,90,2024-03-11,30,Low chance of precipitation,1010,7,44,06:00,1,Good,12,Light Rain,A gentle breeze from the east,E,E,Easterly,12,8,2024-03-03T00:01:11+00:00,2024-03-03T00:01:11.575Z,2643743,Greater London
Sunny intervals and a gentle breeze,3,5,41,34,21,89,2024-03-11,16,Low chance of precipitation,1011,7,45,07:00,1,Good,3,Sunny Intervals,A gentle breeze from the east,E,E,Easterly,13,8,2024-03-03T00:01:11+00:00,2024-03-03T00:01:11.575Z,2643743,Greater London
Sunny intervals and a gentle breeze,3,6,42,35,22,87,2024-03-11,15,Low chance of precipitation,1011,8,46,08:00,1,Good,3,Sunny Intervals,A gentle breeze from the east,E,E,Easterly,14,9,2024-03-03T00:01:11+00:00,2024-03-03T00:01:11.575Z,2643743,Greater London
Sunny intervals and a gentle breeze,3,7,44,35,22,85,2024-03-11,14,Low chance of precipitation,1012,8,47,09:00,1,Good,3,Sunny Intervals,A gentle breeze from the east,E,E,Easterly,14,9,2024-03-03T00:01:11+00:00,2024-03-03T00:01:11.575Z,2643743,Greater London
Sunny intervals and a gentle breeze,3,7,46,35,22,81,2024-03-11,20,Low chance of precipitation,1012,9,49,10:00,1,Good,3,Sunny Intervals,A gentle breeze from the east,E,E,Easterly,15,9,2024-03-03T00:01:11+00:00,2024-03-03T00:01:11.575Z,2643743,Greater London
Sunny intervals and a gentle breeze,3,9,48,35,22,76,2024-03-11,27,Low chance of precipitation,1012,10,51,11:00,1,Good,3,Sunny Intervals,A gentle breeze from the east,E,E,Easterly,15,9,2024-03-03T00:01:11+00:00,2024-03-03T00:01:11.575Z,2643743,Greater London
Sunny intervals and a gentle breeze,3,10,49,35,22,73,2024-03-11,20,Low chance of precipitation,1012,11,52,12:00,1,Good,3,Sunny Intervals,A gentle breeze from the east south east,ESE,ESE,East South Easterly,16,10,2024-03-03T00:01:11+00:00,2024-03-03T00:01:11.575Z,2643743,Greater London
Sunny and a gentle breeze,1,10,50,36,22,70,2024-03-11,12,Low chance of precipitation,1012,11,52,13:00,1,Good,1,Sunny,A gentle breeze from the east south east,ESE,ESE,East South Easterly,16,10,2024-03-03T00:01:11+00:00,2024-03-03T00:01:11.575Z,2643743,Greater London
Sunny and a gentle breeze,1,10,50,36,23,68,2024-03-11,12,Low chance of precipitation,1012,11,53,14:00,1,Good,1,Sunny,A gentle breeze from the east,E,E,Easterly,16,10,2024-03-03T00:01:11+00:00,2024-03-03T00:01:11.575Z,2643743,Greater London
Sunny and a gentle breeze,1,10,50,38,24,67,2024-03-11,19,Low chance of precipitation,1012,11,53,15:00,1,Good,1,Sunny,A gentle breeze from the east,E,E,Easterly,16,10,2024-03-03T00:01:11+00:00,2024-03-03T00:01:11.575Z,2643743,Greater London
Sunny and a gentle breeze,1,10,49,38,24,70,2024-03-11,21,Low chance of precipitation,1012,11,52,16:00,1,Good,1,Sunny,A gentle breeze from the east south east,ESE,ESE,East South Easterly,16,10,2024-03-03T00:01:11+00:00,2024-03-03T00:01:11.575Z,2643743,Greater London
Sunny and a gentle breeze,1,9,48,36,22,73,2024-03-11,13,Low chance of precipitation,1012,10,51,17:00,1,Good,1,Sunny,A gentle breeze from the east,E,E,Easterly,15,9,2024-03-03T00:01:11+00:00,2024-03-03T00:01:11.575Z,2643743,Greater London
A clear sky and a gentle breeze,0,8,47,36,22,77,2024-03-11,12,Low chance of precipitation,1013,10,49,18:00,1,Good,0,Clear Sky,A gentle breeze from the east,E,E,Easterly,14,9,2024-03-03T00:01:11+00:00,2024-03-03T00:01:11.575Z,2643743,Greater London
A clear sky and a gentle breeze,0,8,46,35,22,78,2024-03-11,0,Precipitation is not expected,1013,9,49,19:00,1,Good,0,Clear Sky,A gentle breeze from the east,E,E,Easterly,14,9,2024-03-03T00:01:11+00:00,2024-03-03T00:01:11.575Z,2643743,Greater London
A clear sky and a gentle breeze,0,8,46,34,21,79,2024-03-11,19,Low chance of precipitation,1014,9,49,20:00,1,Good,0,Clear Sky,A gentle breeze from the east,E,E,Easterly,14,9,2024-03-03T00:01:11+00:00,2024-03-03T00:01:11.575Z,2643743,Greater London
A clear sky and a gentle breeze,0,7,45,33,20,81,2024-03-11,0,Precipitation is not expected,1014,9,48,21:00,1,Good,0,Clear Sky,A gentle breeze from the east,E,E,Easterly,13,8,2024-03-03T00:01:11+00:00,2024-03-03T00:01:11.575Z,2643743,Greater London
A clear sky and a gentle breeze,0,7,44,32,20,83,2024-03-11,0,Precipitation is not expected,1014,9,47,22:00,1,Good,0,Clear Sky,A gentle breeze from the east,E,E,Easterly,13,8,2024-03-03T00:01:11+00:00,2024-03-03T00:01:11.575Z,2643743,Greater London
A clear sky and a gentle breeze,0,7,44,31,19,85,2024-03-11,0,Precipitation is not expected,1014,8,47,23:00,1,Good,0,Clear Sky,A gentle breeze from the east,E,E,Easterly,13,8,2024-03-03T00:01:11+00:00,2024-03-03T00:01:11.575Z,2643743,Greater London
Partly cloudy and a gentle breeze,2,6,43,31,19,85,2024-03-12,0,Precipitation is not expected,1014,8,46,00:00,1,Good,2,Partly Cloudy,A gentle breeze from the east,E,E,Easterly,12,8,2024-03-03T00:01:11+00:00,2024-03-03T00:01:11.575Z,2643743,Greater London
Drizzle and a gentle breeze,38,6,43,31,19,86,2024-03-12,50,Chance of precipitation,1014,8,46,01:00,1,Good,11,Drizzle,A gentle breeze from the east,E,E,Easterly,13,8,2024-03-03T00:01:11+00:00,2024-03-03T00:01:11.575Z,2643743,Greater London
Drizzle and a gentle breeze,38,6,43,31,19,86,2024-03-12,50,Chance of precipitation,1014,8,46,02:00,1,Good,11,Drizzle,A gentle breeze from the east,E,E,Easterly,12,8,2024-03-03T00:01:11+00:00,2024-03-03T00:01:11.575Z,2643743,Greater London
Drizzle and a gentle breeze,38,5,42,31,19,87,2024-03-12,50,Chance of precipitation,1014,7,45,03:00,1,Good,11,Drizzle,A gentle breeze from the east,E,E,Easterly,12,8,2024-03-03T00:01:11+00:00,2024-03-03T00:01:11.575Z,2643743,Greater London
Drizzle and a gentle breeze,38,5,42,32,20,87,2024-03-12,50,Chance of precipitation,1014,7,45,04:00,1,Good,11,Drizzle,A gentle breeze from the east,E,E,Easterly,13,8,2024-03-03T00:01:11+00:00,2024-03-03T00:01:11.575Z,2643743,Greater London
Drizzle and a gentle breeze,38,5,41,32,20,89,2024-03-12,50,Chance of precipitation,1014,7,45,05:00,1,Good,11,Drizzle,A gentle breeze from the east,E,E,Easterly,13,8,2024-03-03T00:01:11+00:00,2024-03-03T00:01:11.575Z,2643743,Greater London
Drizzle and a gentle breeze,38,5,41,36,23,88,2024-03-12,50,Chance of precipitation,1014,7,45,06:00,1,Moderate,11,Drizzle,A gentle breeze from the east,E,E,Easterly,13,8,2024-03-03T00:01:11+00:00,2024-03-03T00:01:11.575Z,2643743,Greater London
Drizzle and a gentle breeze,11,5,42,38,24,89,2024-03-12,50,Chance of precipitation,1014,8,46,07:00,1,Moderate,11,Drizzle,A gentle breeze from the east south east,ESE,ESE,East South Easterly,15,9,2024-03-03T00:01:11+00:00,2024-03-03T00:01:11.575Z,2643743,Greater London
Drizzle and a gentle breeze,11,6,43,39,24,87,2024-03-12,50,Chance of precipitation,1015,8,46,08:00,1,Moderate,11,Drizzle,A gentle breeze from the east south east,ESE,ESE,East South Easterly,15,9,2024-03-03T00:01:11+00:00,2024-03-03T00:01:11.575Z,2643743,Greater London
Drizzle and a gentle breeze,11,7,44,39,24,84,2024-03-12,50,Chance of precipitation,1015,9,47,09:00,1,Moderate,11,Drizzle,A gentle breeze from the east south east,ESE,ESE,East South Easterly,16,10,2024-03-03T00:01:11+00:00,2024-03-03T00:01:11.575Z,2643743,Greater London
Drizzle and a gentle breeze,11,8,46,37,23,80,2024-03-12,50,Chance of precipitation,1015,9,49,10:00,1,Moderate,11,Drizzle,A gentle breeze from the east south east,ESE,ESE,East South Easterly,16,10,2024-03-03T00:01:11+00:00,2024-03-03T00:01:11.575Z,2643743,Greater London
Drizzle and a gentle breeze,11,9,48,35,22,75,2024-03-12,50,Chance of precipitation,1015,11,51,11:00,1,Moderate,11,Drizzle,A gentle breeze from the east south east,ESE,ESE,East South Easterly,17,11,2024-03-03T00:01:11+00:00,2024-03-03T00:01:11.575Z,2643743,Greater London
Drizzle and a gentle breeze,11,10,50,35,22,71,2024-03-12,50,Chance of precipitation,1015,11,52,12:00,1,Good,11,Drizzle,A gentle breeze from the south east,SE,SE,South Easterly,18,11,2024-03-03T00:01:11+00:00,2024-03-03T00:01:11.575Z,2643743,Greater London
Drizzle and a gentle breeze,11,10,50,34,21,69,2024-03-12,50,Chance of precipitation,1015,11,53,13:00,1,Good,11,Drizzle,A gentle breeze from the south east,SE,SE,South Easterly,18,11,2024-03-03T00:01:11+00:00,2024-03-03T00:01:11.575Z,2643743,Greater London
Drizzle and a gentle breeze,11,11,51,33,20,66,2024-03-12,50,Chance of precipitation,1015,12,53,14:00,1,Good,11,Drizzle,A gentle breeze from the east south east,ESE,ESE,East South Easterly,17,11,2024-03-03T00:01:11+00:00,2024-03-03T00:01:11.575Z,2643743,Greater London
Drizzle and a gentle breeze,11,10,51,33,21,66,2024-03-12,50,Chance of precipitation,1015,12,53,15:00,1,Good,11,Drizzle,A gentle breeze from the east south east,ESE,ESE,East South Easterly,17,11,2024-03-03T00:01:11+00:00,2024-03-03T00:01:11.575Z,2643743,Greater London
Drizzle and a gentle breeze,11,10,50,34,21,68,2024-03-12,50,Chance of precipitation,1015,11,52,16:00,1,Good,11,Drizzle,A gentle breeze from the east south east,ESE,ESE,East South Easterly,17,11,2024-03-03T00:01:11+00:00,2024-03-03T00:01:11.575Z,2643743,Greater London
Sunny intervals and a gentle breeze,3,9,49,34,21,71,2024-03-12,50,Chance of precipitation,1015,11,51,17:00,1,Good,3,Sunny Intervals,A gentle breeze from the east south east,ESE,ESE,East South Easterly,16,10,2024-03-03T00:01:11+00:00,2024-03-03T00:01:11.575Z,2643743,Greater London
Drizzle and a gentle breeze,11,9,48,35,22,74,2024-03-12,50,Chance of precipitation,1015,10,50,18:00,1,Good,11,Drizzle,A gentle breeze from the east south east,ESE,ESE,East South Easterly,15,9,2024-03-03T00:01:11+00:00,2024-03-03T00:01:11.575Z,2643743,Greater London
Drizzle and a gentle breeze,38,8,47,35,22,76,2024-03-12,49,Chance of precipitation,1015,10,50,19:00,1,Good,11,Drizzle,A gentle breeze from the east south east,ESE,ESE,East South Easterly,14,9,2024-03-03T00:01:11+00:00,2024-03-03T00:01:11.575Z,2643743,Greater London
Drizzle and a gentle breeze,38,8,47,33,21,79,2024-03-12,49,Chance of precipitation,1015,10,49,20:00,1,Good,11,Drizzle,A gentle breeze from the east south east,ESE,ESE,East South Easterly,14,9,2024-03-03T00:01:11+00:00,2024-03-03T00:01:11.575Z,2643743,Greater London
Drizzle and a gentle breeze,38,7,46,31,19,81,2024-03-12,49,Chance of precipitation,1016,9,48,21:00,1,Good,11,Drizzle,A gentle breeze from the east south east,ESE,ESE,East South Easterly,13,8,2024-03-03T00:01:11+00:00,2024-03-03T00:01:11.575Z,2643743,Greater London
Partly cloudy and a gentle breeze,2,7,45,29,18,84,2024-03-12,49,Chance of precipitation,1016,9,48,22:00,1,Good,2,Partly Cloudy,A gentle breeze from the east south east,ESE,ESE,East South Easterly,13,8,2024-03-03T00:01:11+00:00,2024-03-03T00:01:11.575Z,2643743,Greater London
Partly cloudy and a gentle breeze,2,7,45,26,16,85,2024-03-12,49,Chance of precipitation,1016,9,47,23:00,1,Good,2,Partly Cloudy,A gentle breeze from the east south east,ESE,ESE,East South Easterly,12,8,2024-03-03T00:01:11+00:00,2024-03-03T00:01:11.575Z,2643743,Greater London
A clear sky and light winds,0,7,44,26,16,86,2024-03-13,49,Chance of precipitation,1016,8,47,00:00,1,Good,0,Clear Sky,Light winds from the east south east,ESE,ESE,East South Easterly,11,7,2024-03-03T00:01:11+00:00,2024-03-03T00:01:11.575Z,2643743,Greater London
Partly cloudy and light winds,2,6,43,25,16,87,2024-03-13,39,Chance of precipitation,1016,8,46,01:00,1,Good,2,Partly Cloudy,Light winds from the east south east,ESE,ESE,East South Easterly,11,7,2024-03-03T00:01:11+00:00,2024-03-03T00:01:11.575Z,2643743,Greater London
A clear sky and light winds,0,6,43,25,15,87,2024-03-13,39,Chance of precipitation,1016,8,46,02:00,1,Good,0,Clear Sky,Light winds from the east south east,ESE,ESE,East South Easterly,11,7,2024-03-03T00:01:11+00:00,2024-03-03T00:01:11.575Z,2643743,Greater London
Partly cloudy and light winds,2,6,42,25,15,89,2024-03-13,21,Low chance of precipitation,1016,7,45,03:00,1,Good,2,Partly Cloudy,Light winds from the east south east,ESE,ESE,East South Easterly,11,7,2024-03-03T00:01:11+00:00,2024-03-03T00:01:11.575Z,2643743,Greater London
Light rain showers and light winds,9,6,42,25,15,90,2024-03-13,49,Chance of precipitation,1015,7,45,04:00,1,Good,9,Light Rain Showers,Light winds from the east south east,ESE,ESE,East South Easterly,11,7,2024-03-03T00:01:11+00:00,2024-03-03T00:01:11.575Z,2643743,Greater London
Partly cloudy and light winds,2,5,42,25,15,90,2024-03-13,49,Chance of precipitation,1015,7,45,05:00,1,Good,2,Partly Cloudy,Light winds from the east south east,ESE,ESE,East South Easterly,11,7,2024-03-03T00:01:11+00:00,2024-03-03T00:01:11.575Z,2643743,Greater London
Partly cloudy and light winds,2,5,42,25,16,91,2024-03-13,49,Chance of precipitation,1015,7,45,06:00,1,Good,2,Partly Cloudy,Light winds from the east south east,ESE,ESE,East South Easterly,11,7,2024-03-03T00:01:11+00:00,2024-03-03T00:01:11.575Z,2643743,Greater London
Sunny intervals and light winds,3,6,42,25,16,90,2024-03-13,42,Chance of precipitation,1015,7,45,07:00,1,Good,3,Sunny Intervals,Light winds from the east south east,ESE,ESE,East South Easterly,12,7,2024-03-03T00:01:11+00:00,2024-03-03T00:01:11.575Z,2643743,Greater London
Sunny intervals and a gentle breeze,3,6,43,25,16,89,2024-03-13,42,Chance of precipitation,1015,8,46,08:00,1,Good,3,Sunny Intervals,A gentle breeze from the south east,SE,SE,South Easterly,13,8,2024-03-03T00:01:11+00:00,2024-03-03T00:01:11.575Z,2643743,Greater London
Sunny intervals and a gentle breeze,3,7,44,25,16,87,2024-03-13,42,Chance of precipitation,1016,8,47,09:00,1,Good,3,Sunny Intervals,A gentle breeze from the south east,SE,SE,South Easterly,13,8,2024-03-03T00:01:11+00:00,2024-03-03T00:01:11.575Z,2643743,Greater London
Light rain showers and a gentle breeze,10,8,46,25,15,84,2024-03-13,32,Chance of precipitation,1016,9,49,10:00,1,Good,10,Light Rain Showers,A gentle breeze from the south east,SE,SE,South Easterly,13,8,2024-03-03T00:01:11+00:00,2024-03-03T00:01:11.575Z,2643743,Greater London
Light rain showers and a gentle breeze,10,9,49,25,15,78,2024-03-13,32,Chance of precipitation,1016,10,51,11:00,1,Good,10,Light Rain Showers,A gentle breeze from the south east,SE,SE,South Easterly,14,9,2024-03-03T00:01:11+00:00,2024-03-03T00:01:11.575Z,2643743,Greater London
Light rain showers and a gentle breeze,10,10,50,25,15,74,2024-03-13,32,Chance of precipitation,1016,11,52,12:00,1,Moderate,10,Light Rain Showers,A gentle breeze from the south south east,SSE,SSE,South South Easterly,14,9,2024-03-03T00:01:11+00:00,2024-03-03T00:01:11.575Z,2643743,Greater London
Light rain showers and a gentle breeze,10,11,51,25,16,72,2024-03-13,46,Chance of precipitation,1015,12,53,13:00,1,Moderate,10,Light Rain Showers,A gentle breeze from the south south east,SSE,SSE,South South Easterly,14,9,2024-03-03T00:01:11+00:00,2024-03-03T00:01:11.575Z,2643743,Greater London
Light rain showers and a gentle breeze,10,11,52,26,16,71,2024-03-13,46,Chance of precipitation,1015,12,53,14:00,1,Moderate,10,Light Rain Showers,A gentle breeze from the south south east,SSE,SSE,South South Easterly,14,9,2024-03-03T00:01:11+00:00,2024-03-03T00:01:11.575Z,2643743,Greater London
Light rain showers and a gentle breeze,10,11,51,27,17,71,2024-03-13,46,Chance of precipitation,1015,12,53,15:00,1,Moderate,10,Light Rain Showers,A gentle breeze from the south,S,S,Southerly,14,9,2024-03-03T00:01:11+00:00,2024-03-03T00:01:11.575Z,2643743,Greater London
Light rain showers and a gentle breeze,10,10,51,29,18,73,2024-03-13,46,Chance of precipitation,1015,11,53,16:00,1,Moderate,10,Light Rain Showers,A gentle breeze from the south south east,SSE,SSE,South South Easterly,13,8,2024-03-03T00:01:11+00:00,2024-03-03T00:01:11.575Z,2643743,Greater London
Light rain showers and a gentle breeze,10,10,50,30,19,75,2024-03-13,46,Chance of precipitation,1015,11,52,17:00,1,Moderate,10,Light Rain Showers,A gentle breeze from the south south east,SSE,SSE,South South Easterly,12,8,2024-03-03T00:01:11+00:00,2024-03-03T00:01:11.575Z,2643743,Greater London
Light rain showers and light winds,10,9,49,28,18,78,2024-03-13,46,Chance of precipitation,1015,11,51,18:00,1,Good,10,Light Rain Showers,Light winds from the south south east,SSE,SSE,South South Easterly,12,7,2024-03-03T00:01:11+00:00,2024-03-03T00:01:11.575Z,2643743,Greater London
Light rain showers and light winds,9,9,48,27,17,80,2024-03-13,49,Chance of precipitation,1015,10,50,19:00,1,Good,9,Light Rain Showers,Light winds from the south east,SE,SE,South Easterly,11,7,2024-03-03T00:01:11+00:00,2024-03-03T00:01:11.575Z,2643743,Greater London
Light rain showers and light winds,9,9,48,25,16,81,2024-03-13,49,Chance of precipitation,1015,10,50,20:00,1,Good,9,Light Rain Showers,Light winds from the south east,SE,SE,South Easterly,11,7,2024-03-03T00:01:11+00:00,2024-03-03T00:01:11.575Z,2643743,Greater London
Light rain showers and light winds,9,9,47,24,15,84,2024-03-13,49,Chance of precipitation,1015,9,49,21:00,1,Good,9,Light Rain Showers,Light winds from the south east,SE,SE,South Easterly,10,6,2024-03-03T00:01:11+00:00,2024-03-03T00:01:11.575Z,2643743,Greater London
Light rain showers and light winds,9,8,47,23,14,86,2024-03-13,49,Chance of precipitation,1016,9,48,22:00,1,Good,9,Light Rain Showers,Light winds from the south east,SE,SE,South Easterly,10,6,2024-03-03T00:01:11+00:00,2024-03-03T00:01:11.575Z,2643743,Greater London
Light rain and light winds,39,8,46,22,14,86,2024-03-13,49,Chance of precipitation,1016,9,48,23:00,1,Good,12,Light Rain,Light winds from the south east,SE,SE,South Easterly,10,6,2024-03-03T00:01:11+00:00,2024-03-03T00:01:11.575Z,2643743,Greater London
Light rain and light winds,39,7,45,21,13,87,2024-03-14,49,Chance of precipitation,1016,9,47,00:00,1,Good,12,Light Rain,Light winds from the south south east,SSE,SSE,South South Easterly,9,6,2024-03-03T00:01:11+00:00,2024-03-03T00:01:11.575Z,2643743,Greater London
Partly cloudy and light winds,2,7,45,19,12,88,2024-03-14,36,Chance of precipitation,1016,8,47,01:00,1,Good,2,Partly Cloudy,Light winds from the south south east,SSE,SSE,South South Easterly,9,6,2024-03-03T00:01:11+00:00,2024-03-03T00:01:11.575Z,2643743,Greater London
Partly cloudy and light winds,2,7,45,18,11,88,2024-03-14,36,Chance of precipitation,1016,8,47,02:00,1,Good,2,Partly Cloudy,Light winds from the south east,SE,SE,South Easterly,8,5,2024-03-03T00:01:11+00:00,2024-03-03T00:01:11.575Z,2643743,Greater London
A clear sky and light winds,0,7,44,15,9,88,2024-03-14,36,Chance of precipitation,1016,8,46,03:00,1,Good,0,Clear Sky,Light winds from the south east,SE,SE,South Easterly,8,5,2024-03-03T00:01:11+00:00,2024-03-03T00:01:11.575Z,2643743,Greater London
Partly cloudy and light winds,2,7,44,12,7,89,2024-03-14,36,Chance of precipitation,1016,8,46,04:00,1,Good,2,Partly Cloudy,Light winds from the south east,SE,SE,South Easterly,8,5,2024-03-03T00:01:11+00:00,2024-03-03T00:01:11.575Z,2643743,Greater London
Partly cloudy and light winds,2,7,44,9,6,89,2024-03-14,36,Chance of precipitation,1016,8,46,05:00,1,Good,2,Partly Cloudy,Light winds from the south south east,SSE,SSE,South South Easterly,8,5,2024-03-03T00:01:11+00:00,2024-03-03T00:01:11.575Z,2643743,Greater London
A clear sky and light winds,0,6,43,15,9,89,2024-03-14,36,Chance of precipitation,1016,8,46,06:00,1,Good,0,Clear Sky,Light winds from the south east,SE,SE,South Easterly,8,5,2024-03-03T00:01:11+00:00,2024-03-03T00:01:11.575Z,2643743,Greater London
Sunny and light winds,1,7,44,21,13,87,2024-03-14,32,Chance of precipitation,1016,8,46,07:00,1,Good,1,Sunny,Light winds from the south east,SE,SE,South Easterly,10,6,2024-03-03T00:01:11+00:00,2024-03-03T00:01:11.575Z,2643743,Greater London
Sunny and light winds,1,7,44,27,17,86,2024-03-14,32,Chance of precipitation,1016,8,47,08:00,1,Good,1,Sunny,Light winds from the south south east,SSE,SSE,South South Easterly,11,7,2024-03-03T00:01:11+00:00,2024-03-03T00:01:11.575Z,2643743,Greater London
Sunny and a gentle breeze,1,8,46,28,18,83,2024-03-14,32,Chance of precipitation,1016,9,48,09:00,1,Good,1,Sunny,A gentle breeze from the south south east,SSE,SSE,South South Easterly,12,8,2024-03-03T00:01:11+00:00,2024-03-03T00:01:11.575Z,2643743,Greater London
Drizzle and a gentle breeze,11,9,48,29,18,79,2024-03-14,33,Chance of precipitation,1016,10,50,10:00,1,Good,11,Drizzle,A gentle breeze from the south south east,SSE,SSE,South South Easterly,13,8,2024-03-03T00:01:11+00:00,2024-03-03T00:01:11.575Z,2643743,Greater London
Drizzle and a gentle breeze,11,10,51,29,18,74,2024-03-14,33,Chance of precipitation,1016,11,53,11:00,1,Good,11,Drizzle,A gentle breeze from the south south east,SSE,SSE,South South Easterly,14,9,2024-03-03T00:01:11+00:00,2024-03-03T00:01:11.575Z,2643743,Greater London
Drizzle and a gentle breeze,11,11,52,29,18,71,2024-03-14,33,Chance of precipitation,1016,12,54,12:00,1,Good,11,Drizzle,A gentle breeze from the south south east,SSE,SSE,South South Easterly,16,10,2024-03-03T00:01:11+00:00,2024-03-03T00:01:11.575Z,2643743,Greater London
Light cloud and a gentle breeze,7,11,53,29,18,68,2024-03-14,10,Low chance of precipitation,1016,13,55,13:00,1,Good,7,Light Cloud,A gentle breeze from the south south east,SSE,SSE,South South Easterly,16,10,2024-03-03T00:01:11+00:00,2024-03-03T00:01:11.575Z,2643743,Greater London
Sunny intervals and a gentle breeze,3,12,53,29,18,67,2024-03-14,10,Low chance of precipitation,1016,13,55,14:00,1,Good,3,Sunny Intervals,A gentle breeze from the south south east,SSE,SSE,South South Easterly,16,10,2024-03-03T00:01:11+00:00,2024-03-03T00:01:11.575Z,2643743,Greater London
Sunny intervals and a gentle breeze,3,11,53,29,18,67,2024-03-14,9,Low chance of precipitation,1016,13,55,15:00,1,Good,3,Sunny Intervals,A gentle breeze from the south south east,SSE,SSE,South South Easterly,15,9,2024-03-03T00:01:11+00:00,2024-03-03T00:01:11.575Z,2643743,Greater London
Sunny intervals and a gentle breeze,3,11,52,29,18,70,2024-03-14,35,Chance of precipitation,1016,12,54,16:00,1,Good,3,Sunny Intervals,A gentle breeze from the south south east,SSE,SSE,South South Easterly,15,9,2024-03-03T00:01:11+00:00,2024-03-03T00:01:11.575Z,2643743,Greater London
Sunny intervals and a gentle breeze,3,10,51,30,19,72,2024-03-14,20,Low chance of precipitation,1016,11,53,17:00,1,Good,3,Sunny Intervals,A gentle breeze from the south south east,SSE,SSE,South South Easterly,14,9,2024-03-03T00:01:11+00:00,2024-03-03T00:01:11.575Z,2643743,Greater London
Sunny intervals and a gentle breeze,3,10,50,31,19,75,2024-03-14,25,Low chance of precipitation,1016,11,52,18:00,1,Good,3,Sunny Intervals,A gentle breeze from the south south east,SSE,SSE,South South Easterly,13,8,2024-03-03T00:01:11+00:00,2024-03-03T00:01:11.575Z,2643743,Greater London
Light rain showers and a gentle breeze,9,9,49,31,19,77,2024-03-14,31,Chance of precipitation,1016,11,51,19:00,1,Good,9,Light Rain Showers,A gentle breeze from the south south east,SSE,SSE,South South Easterly,13,8,2024-03-03T00:01:11+00:00,2024-03-03T00:01:11.575Z,2643743,Greater London
Light rain showers and a gentle breeze,9,9,49,30,19,79,2024-03-14,31,Chance of precipitation,1016,10,51,20:00,1,Good,9,Light Rain Showers,A gentle breeze from the south south east,SSE,SSE,South South Easterly,13,8,2024-03-03T00:01:11+00:00,2024-03-03T00:01:11.575Z,2643743,Greater London
Light rain showers and light winds,9,9,48,27,17,82,2024-03-14,31,Chance of precipitation,1016,10,50,21:00,1,Good,9,Light Rain Showers,Light winds from the south south east,SSE,SSE,South South Easterly,12,7,2024-03-03T00:01:11+00:00,2024-03-03T00:01:11.575Z,2643743,Greater London
Partly cloudy and light winds,2,9,48,23,15,83,2024-03-14,31,Chance of precipitation,1017,10,49,22:00,1,Good,2,Partly Cloudy,Light winds from the south south east,SSE,SSE,South South Easterly,10,6,2024-03-03T00:01:11+00:00,2024-03-03T00:01:11.575Z,2643743,Greater London
Light rain showers and light winds,9,9,47,20,12,85,2024-03-14,31,Chance of precipitation,1017,9,49,23:00,1,Good,9,Light Rain Showers,Light winds from the south,S,S,Southerly,9,6,2024-03-03T00:01:11+00:00,2024-03-03T00:01:11.575Z,2643743,Greater London
Light rain showers and light winds,9,8,47,21,13,87,2024-03-15,31,Chance of precipitation,1017,9,48,00:00,1,Good,9,Light Rain Showers,Light winds from the south south west,SSW,SSW,South South Westerly,8,5,2024-03-03T00:01:11+00:00,2024-03-03T00:01:11.575Z,2643743,Greater London
A clear sky and light winds,0,8,46,20,13,88,2024-03-15,0,Precipitation is not expected,1017,9,48,01:00,1,Good,0,Clear Sky,Light winds from the south south west,SSW,SSW,South South Westerly,8,5,2024-03-03T00:01:11+00:00,2024-03-03T00:01:11.575Z,2643743,Greater London
A clear sky and light winds,0,8,46,21,13,88,2024-03-15,0,Precipitation is not expected,1017,9,48,02:00,1,Good,0,Clear Sky,Light winds from the south south west,SSW,SSW,South South Westerly,8,5,2024-03-03T00:01:11+00:00,2024-03-03T00:01:11.575Z,2643743,Greater London
A clear sky and light winds,0,7,45,22,14,89,2024-03-15,0,Precipitation is not expected,1017,8,47,03:00,1,Good,0,Clear Sky,Light winds from the south south west,SSW,SSW,South South Westerly,8,5,2024-03-03T00:01:11+00:00,2024-03-03T00:01:11.575Z,2643743,Greater London
A clear sky and light winds,0,7,45,23,14,89,2024-03-15,0,Precipitation is not expected,1017,8,47,04:00,1,Good,0,Clear Sky,Light winds from the south south west,SSW,SSW,South South Westerly,9,5,2024-03-03T00:01:11+00:00,2024-03-03T00:01:11.575Z,2643743,Greater London
A clear sky and light winds,0,7,45,24,15,89,2024-03-15,0,Precipitation is not expected,1017,8,47,05:00,1,Good,0,Clear Sky,Light winds from the south south west,SSW,SSW,South South Westerly,9,6,2024-03-03T00:01:11+00:00,2024-03-03T00:01:11.575Z,2643743,Greater London
A clear sky and light winds,0,7,45,26,16,88,2024-03-15,0,Precipitation is not expected,1017,8,47,06:00,1,Good,0,Clear Sky,Light winds from the south south west,SSW,SSW,South South Westerly,9,6,2024-03-03T00:01:11+00:00,2024-03-03T00:01:11.575Z,2643743,Greater London
Sunny and light winds,1,7,45,29,18,87,2024-03-15,0,Precipitation is not expected,1017,9,47,07:00,1,Good,1,Sunny,Light winds from the south south west,SSW,SSW,South South Westerly,10,6,2024-03-03T00:01:11+00:00,2024-03-03T00:01:11.575Z,2643743,Greater London
Sunny and light winds,1,8,46,32,20,85,2024-03-15,0,Precipitation is not expected,1017,9,48,08:00,1,Good,1,Sunny,Light winds from the south south west,SSW,SSW,South South Westerly,12,7,2024-03-03T00:01:11+00:00,2024-03-03T00:01:11.575Z,2643743,Greater London
Sunny and a gentle breeze,1,8,47,33,20,83,2024-03-15,0,Precipitation is not expected,1018,9,49,09:00,1,Good,1,Sunny,A gentle breeze from the south south west,SSW,SSW,South South Westerly,13,8,2024-03-03T00:01:11+00:00,2024-03-03T00:01:11.575Z,2643743,Greater London
Sunny and a gentle breeze,1,9,49,34,21,79,2024-03-15,5,Low chance of precipitation,1018,11,51,10:00,1,Good,1,Sunny,A gentle breeze from the south south west,SSW,SSW,South South Westerly,14,9,2024-03-03T00:01:11+00:00,2024-03-03T00:01:11.575Z,2643743,Greater London
Light rain showers and a gentle breeze,10,11,51,34,21,74,2024-03-15,5,Low chance of precipitation,1018,12,53,11:00,1,Good,10,Light Rain Showers,A gentle breeze from the south south west,SSW,SSW,South South Westerly,16,10,2024-03-03T00:01:11+00:00,2024-03-03T00:01:11.575Z,2643743,Greater London
Sunny intervals and a gentle breeze,3,11,52,34,21,71,2024-03-15,5,Low chance of precipitation,1018,12,54,12:00,1,Good,3,Sunny Intervals,A gentle breeze from the south south west,SSW,SSW,South South Westerly,17,11,2024-03-03T00:01:11+00:00,2024-03-03T00:01:11.575Z,2643743,Greater London
Sunny intervals and a gentle breeze,3,12,53,33,20,68,2024-03-15,0,Precipitation is not expected,1018,13,55,13:00,1,Good,3,Sunny Intervals,A gentle breeze from the south west,SW,SW,South Westerly,16,10,2024-03-03T00:01:11+00:00,2024-03-03T00:01:11.575Z,2643743,Greater London
Sunny intervals and a gentle breeze,3,12,53,32,20,65,2024-03-15,0,Precipitation is not expected,1018,13,55,14:00,1,Good,3,Sunny Intervals,A gentle breeze from the south west,SW,SW,South Westerly,16,10,2024-03-03T00:01:11+00:00,2024-03-03T00:01:11.575Z,2643743,Greater London
Sunny intervals and a gentle breeze,3,12,53,33,20,65,2024-03-15,0,Precipitation is not expected,1018,13,55,15:00,1,Good,3,Sunny Intervals,A gentle breeze from the south west,SW,SW,South Westerly,15,9,2024-03-03T00:01:11+00:00,2024-03-03T00:01:11.575Z,2643743,Greater London
Sunny and a gentle breeze,1,11,53,33,21,67,2024-03-15,0,Precipitation is not expected,1018,12,54,16:00,1,Good,1,Sunny,A gentle breeze from the south west,SW,SW,South Westerly,14,9,2024-03-03T00:01:11+00:00,2024-03-03T00:01:11.575Z,2643743,Greater London
Sunny and a gentle breeze,1,11,52,31,19,70,2024-03-15,0,Precipitation is not expected,1018,12,53,17:00,1,Good,1,Sunny,A gentle breeze from the south south west,SSW,SSW,South South Westerly,13,8,2024-03-03T00:01:11+00:00,2024-03-03T00:01:11.575Z,2643743,Greater London
Sunny and a gentle breeze,1,10,51,31,19,73,2024-03-15,0,Precipitation is not expected,1018,11,53,18:00,1,Good,1,Sunny,A gentle breeze from the south south west,SSW,SSW,South South Westerly,13,8,2024-03-03T00:01:11+00:00,2024-03-03T00:01:11.575Z,2643743,Greater London
A clear sky and a gentle breeze,0,10,50,29,18,75,2024-03-15,0,Precipitation is not expected,1018,11,52,19:00,1,Good,0,Clear Sky,A gentle breeze from the south south west,SSW,SSW,South South Westerly,12,8,2024-03-03T00:01:11+00:00,2024-03-03T00:01:11.575Z,2643743,Greater London
A clear sky and light winds,0,9,49,28,17,77,2024-03-15,0,Precipitation is not expected,1018,11,51,20:00,1,Good,0,Clear Sky,Light winds from the south south west,SSW,SSW,South South Westerly,12,7,2024-03-03T00:01:11+00:00,2024-03-03T00:01:11.575Z,2643743,Greater London
A clear sky and light winds,0,9,48,27,17,79,2024-03-15,0,Precipitation is not expected,1018,10,50,21:00,1,Good,0,Clear Sky,Light winds from the south south west,SSW,SSW,South South Westerly,11,7,2024-03-03T00:01:11+00:00,2024-03-03T00:01:11.575Z,2643743,Greater London
A clear sky and light winds,0,9,47,26,16,82,2024-03-15,0,Precipitation is not expected,1019,10,49,22:00,1,Good,0,Clear Sky,Light winds from the south south west,SSW,SSW,South South Westerly,10,6,2024-03-03T00:01:11+00:00,2024-03-03T00:01:11.575Z,2643743,Greater London
A clear sky and light winds,0,8,47,24,15,83,2024-03-15,0,Precipitation is not expected,1019,9,49,23:00,1,Good,0,Clear Sky,Light winds from the south south west,SSW,SSW,South South Westerly,10,6,2024-03-03T00:01:11+00:00,2024-03-03T00:01:11.575Z,2643743,Greater London
A clear sky and light winds,0,8,46,24,15,86,2024-03-16,0,Precipitation is not expected,1019,9,48,00:00,1,Good,0,Clear Sky,Light winds from the south south west,SSW,SSW,South South Westerly,10,6,2024-03-03T00:01:11+00:00,2024-03-03T00:01:11.575Z,2643743,Greater London
A clear sky and light winds,0,7,45,22,14,86,2024-03-16,0,Precipitation is not expected,1019,8,47,01:00,1,Good,0,Clear Sky,Light winds from the south south west,SSW,SSW,South South Westerly,9,6,2024-03-03T00:01:11+00:00,2024-03-03T00:01:11.575Z,2643743,Greater London
A clear sky and light winds,0,7,45,21,13,87,2024-03-16,0,Precipitation is not expected,1019,8,47,02:00,1,Good,0,Clear Sky,Light winds from the south south west,SSW,SSW,South South Westerly,9,5,2024-03-03T00:01:11+00:00,2024-03-03T00:01:11.575Z,2643743,Greater London
A clear sky and light winds,0,7,45,21,13,88,2024-03-16,0,Precipitation is not expected,1019,8,47,03:00,1,Good,0,Clear Sky,Light winds from the south,S,S,Southerly,8,5,2024-03-03T00:01:11+00:00,2024-03-03T00:01:11.575Z,2643743,Greater London
A clear sky and light winds,0,7,44,20,13,89,2024-03-16,0,Precipitation is not expected,1019,8,46,04:00,1,Good,0,Clear Sky,Light winds from the south,S,S,Southerly,8,5,2024-03-03T00:01:11+00:00,2024-03-03T00:01:11.575Z,2643743,Greater London
A clear sky and light winds,0,7,44,20,12,90,2024-03-16,0,Precipitation is not expected,1019,8,46,05:00,1,Good,0,Clear Sky,Light winds from the south,S,S,Southerly,8,5,2024-03-03T00:01:11+00:00,2024-03-03T00:01:11.575Z,2643743,Greater London
