enhancedWeatherDescription,extendedWeatherType,feelsLikeTemperatureC,feelsLikeTemperatureF,gustSpeedKph,gustSpeedMph,humidity,localDate,precipitationProbabilityInPercent,precipitationProbabilityText,pressure,temperatureC,temperatureF,timeslot,timeslotLength,visibility,weatherType,weatherTypeText,windDescription,windDirection,windDirectionAbbreviation,windDirectionFull,windSpeedKph,windSpeedMph,issueDate,lastUpdated,location_id,location_name
A clear sky and a gentle breeze,0,38,100,20,12,68,2024-09-24,0,Precipitation is not expected,1006,29,84,04:00,1,Good,0,Clear Sky,A gentle breeze from the north north west,NNW,NNW,North North Westerly,12,8,2024-09-24T00:00:00+03:00,2024-09-24T03:04:09.058+03:00,105343,Jeddah
A clear sky and a gentle breeze,0,38,100,21,13,70,2024-09-24,0,Precipitation is not expected,1007,29,83,05:00,1,Good,0,Clear Sky,A gentle breeze from the north north west,NNW,NNW,North North Westerly,13,8,2024-09-24T00:00:00+03:00,2024-09-24T03:04:09.058+03:00,105343,Jeddah
A clear sky and a gentle breeze,0,39,102,24,15,71,2024-09-24,0,Precipitation is not expected,1007,29,84,06:00,1,Good,0,Clear Sky,A gentle breeze from the north north west,NNW,NNW,North North Westerly,14,8,2024-09-24T00:00:00+03:00,2024-09-24T03:04:09.058+03:00,105343,Jeddah
Sunny and a gentle breeze,1,39,103,28,18,69,2024-09-24,0,Precipitation is not expected,1008,29,85,07:00,1,Good,1,Sunny,A gentle breeze from the north north west,NNW,NNW,North North Westerly,14,9,2024-09-24T00:00:00+03:00,2024-09-24T03:04:09.058+03:00,105343,Jeddah
Sunny and a gentle breeze,1,41,106,30,19,63,2024-09-24,0,Precipitation is not expected,1008,31,88,08:00,1,Good,1,Sunny,A gentle breeze from the north north west,NNW,NNW,North North Westerly,17,11,2024-09-24T00:00:00+03:00,2024-09-24T03:04:09.058+03:00,105343,Jeddah
Sunny and a gentle breeze,1,43,109,31,19,56,2024-09-24,0,Precipitation is not expected,1008,33,91,09:00,1,Good,1,Sunny,A gentle breeze from the north north west,NNW,NNW,North North Westerly,18,11,2024-09-24T00:00:00+03:00,2024-09-24T03:04:09.058+03:00,105343,Jeddah
Sunny and a moderate breeze,1,43,109,34,21,47,2024-09-24,0,Precipitation is not expected,1008,34,94,10:00,1,Good,1,Sunny,A moderate breeze from the north north west,NNW,NNW,North North Westerly,20,13,2024-09-24T00:00:00+03:00,2024-09-24T03:04:09.058+03:00,105343,Jeddah
Sunny and a moderate breeze,1,44,111,37,23,41,2024-09-24,0,Precipitation is not expected,1008,36,97,11:00,1,Good,1,Sunny,A moderate breeze from the north west,NW,NW,North Westerly,23,14,2024-09-24T00:00:00+03:00,2024-09-24T03:04:09.058+03:00,105343,Jeddah
Sunny and a moderate breeze,1,45,113,40,25,38,2024-09-24,0,Precipitation is not expected,1007,37,99,12:00,1,Good,1,Sunny,A moderate breeze from the north west,NW,NW,North Westerly,24,15,2024-09-24T00:00:00+03:00,2024-09-24T03:04:09.058+03:00,105343,Jeddah
Sunny and a moderate breeze,1,44,112,42,26,39,2024-09-24,0,Precipitation is not expected,1007,37,98,13:00,1,Good,1,Sunny,A moderate breeze from the north west,NW,NW,North Westerly,28,17,2024-09-24T00:00:00+03:00,2024-09-24T03:04:09.058+03:00,105343,Jeddah
Sunny and a moderate breeze,1,45,112,44,27,40,2024-09-24,0,Precipitation is not expected,1006,37,98,14:00,1,Good,1,Sunny,A moderate breeze from the north west,NW,NW,North Westerly,28,17,2024-09-24T00:00:00+03:00,2024-09-24T03:04:09.058+03:00,105343,Jeddah
Sunny and a moderate breeze,1,45,112,42,26,41,2024-09-24,0,Precipitation is not expected,1006,37,98,15:00,1,Good,1,Sunny,A moderate breeze from the north west,NW,NW,North Westerly,28,17,2024-09-24T00:00:00+03:00,2024-09-24T03:04:09.058+03:00,105343,Jeddah
Sunny and a moderate breeze,1,44,111,38,24,43,2024-09-24,0,Precipitation is not expected,1006,35,96,16:00,1,Good,1,Sunny,A moderate breeze from the north west,NW,NW,North Westerly,28,17,2024-09-24T00:00:00+03:00,2024-09-24T03:04:09.058+03:00,105343,Jeddah
Sunny and a moderate breeze,1,43,109,33,21,46,2024-09-24,0,Precipitation is not expected,1006,35,94,17:00,1,Good,1,Sunny,A moderate breeze from the north west,NW,NW,North Westerly,27,17,2024-09-24T00:00:00+03:00,2024-09-24T03:04:09.058+03:00,105343,Jeddah
Sunny and a moderate breeze,1,42,108,29,18,51,2024-09-24,0,Precipitation is not expected,1006,33,92,18:00,1,Good,1,Sunny,A moderate breeze from the north west,NW,NW,North Westerly,23,14,2024-09-24T00:00:00+03:00,2024-09-24T03:04:09.058+03:00,105343,Jeddah
A clear sky and a moderate breeze,0,41,106,26,16,52,2024-09-24,0,Precipitation is not expected,1006,33,91,19:00,1,Good,0,Clear Sky,A moderate breeze from the north north west,NNW,NNW,North North Westerly,21,13,2024-09-24T00:00:00+03:00,2024-09-24T03:04:09.058+03:00,105343,Jeddah
A clear sky and a gentle breeze,0,41,105,23,14,55,2024-09-24,0,Precipitation is not expected,1007,32,89,20:00,1,Good,0,Clear Sky,A gentle breeze from the north north west,NNW,NNW,North North Westerly,19,12,2024-09-24T00:00:00+03:00,2024-09-24T03:04:09.058+03:00,105343,Jeddah
A clear sky and a gentle breeze,0,40,105,22,14,56,2024-09-24,0,Precipitation is not expected,1007,31,89,21:00,1,Good,0,Clear Sky,A gentle breeze from the north north west,NNW,NNW,North North Westerly,16,10,2024-09-24T00:00:00+03:00,2024-09-24T03:04:09.058+03:00,105343,Jeddah
A clear sky and a gentle breeze,0,40,104,21,13,57,2024-09-24,0,Precipitation is not expected,1007,31,88,22:00,1,Good,0,Clear Sky,A gentle breeze from the north north west,NNW,NNW,North North Westerly,15,9,2024-09-24T00:00:00+03:00,2024-09-24T03:04:09.058+03:00,105343,Jeddah
A clear sky and a gentle breeze,0,39,102,22,13,59,2024-09-24,0,Precipitation is not expected,1007,30,87,23:00,1,Good,0,Clear Sky,A gentle breeze from the north north west,NNW,NNW,North North Westerly,16,10,2024-09-24T00:00:00+03:00,2024-09-24T03:04:09.058+03:00,105343,Jeddah
A clear sky and a gentle breeze,0,39,102,20,12,61,2024-09-25,0,Precipitation is not expected,1006,30,86,00:00,1,Good,0,Clear Sky,A gentle breeze from the north north west,NNW,NNW,North North Westerly,15,9,2024-09-24T00:00:00+03:00,2024-09-24T03:04:09.058+03:00,105343,Jeddah
A clear sky and a gentle breeze,0,38,101,18,11,61,2024-09-25,0,Precipitation is not expected,1006,30,85,01:00,1,Good,0,Clear Sky,A gentle breeze from the north north west,NNW,NNW,North North Westerly,12,8,2024-09-24T00:00:00+03:00,2024-09-24T03:04:09.058+03:00,105343,Jeddah
A clear sky and a gentle breeze,0,38,100,16,10,68,2024-09-25,0,Precipitation is not expected,1006,29,84,02:00,1,Good,0,Clear Sky,A gentle breeze from the north,N,N,Northerly,12,8,2024-09-24T00:00:00+03:00,2024-09-24T03:04:09.058+03:00,105343,Jeddah
A clear sky and light winds,0,37,99,17,11,69,2024-09-25,0,Precipitation is not expected,1006,29,83,03:00,1,Good,0,Clear Sky,Light winds from the north,N,N,Northerly,10,6,2024-09-24T00:00:00+03:00,2024-09-24T03:04:09.058+03:00,105343,Jeddah
A clear sky and light winds,0,37,99,18,11,73,2024-09-25,0,Precipitation is not expected,1006,28,82,04:00,1,Good,0,Clear Sky,Light winds from the north north west,NNW,NNW,North North Westerly,12,7,2024-09-24T00:00:00+03:00,2024-09-24T03:04:09.058+03:00,105343,Jeddah
A clear sky and light winds,0,37,99,18,11,73,2024-09-25,0,Precipitation is not expected,1007,28,82,05:00,1,Good,0,Clear Sky,Light winds from the north north west,NNW,NNW,North North Westerly,12,7,2024-09-24T00:00:00+03:00,2024-09-24T03:04:09.058+03:00,105343,Jeddah
A clear sky and a gentle breeze,0,38,100,19,12,74,2024-09-25,0,Precipitation is not expected,1007,28,83,06:00,1,Good,0,Clear Sky,A gentle breeze from the north north west,NNW,NNW,North North Westerly,12,8,2024-09-24T00:00:00+03:00,2024-09-24T03:04:09.058+03:00,105343,Jeddah
Sunny and light winds,1,38,101,22,14,72,2024-09-25,0,Precipitation is not expected,1007,29,83,07:00,1,Good,1,Sunny,Light winds from the north north west,NNW,NNW,North North Westerly,12,7,2024-09-24T00:00:00+03:00,2024-09-24T03:04:09.058+03:00,105343,Jeddah
Sunny and a gentle breeze,1,41,105,26,16,66,2024-09-25,0,Precipitation is not expected,1008,30,87,08:00,1,Good,1,Sunny,A gentle breeze from the north north west,NNW,NNW,North North Westerly,14,9,2024-09-24T00:00:00+03:00,2024-09-24T03:04:09.058+03:00,105343,Jeddah
Sunny and a gentle breeze,1,42,108,27,17,59,2024-09-25,0,Precipitation is not expected,1008,32,90,09:00,1,Good,1,Sunny,A gentle breeze from the north north west,NNW,NNW,North North Westerly,15,10,2024-09-24T00:00:00+03:00,2024-09-24T03:04:09.058+03:00,105343,Jeddah
Sunny and a gentle breeze,1,44,110,29,18,51,2024-09-25,0,Precipitation is not expected,1008,34,93,10:00,1,Good,1,Sunny,A gentle breeze from the north north west,NNW,NNW,North North Westerly,17,11,2024-09-24T00:00:00+03:00,2024-09-24T03:04:09.058+03:00,105343,Jeddah
Sunny and a gentle breeze,1,45,113,32,20,44,2024-09-25,0,Precipitation is not expected,1007,36,97,11:00,1,Good,1,Sunny,A gentle breeze from the north west,NW,NW,North Westerly,20,12,2024-09-24T00:00:00+03:00,2024-09-24T03:04:09.058+03:00,105343,Jeddah
Sunny and a moderate breeze,1,46,115,36,23,42,2024-09-25,0,Precipitation is not expected,1007,37,99,12:00,1,Good,1,Sunny,A moderate breeze from the north west,NW,NW,North Westerly,20,13,2024-09-24T00:00:00+03:00,2024-09-24T03:04:09.058+03:00,105343,Jeddah
Sunny and a moderate breeze,1,46,114,39,24,42,2024-09-25,0,Precipitation is not expected,1006,37,98,13:00,1,Good,1,Sunny,A moderate breeze from the west north west,WNW,WNW,West North Westerly,25,15,2024-09-24T00:00:00+03:00,2024-09-24T03:04:09.058+03:00,105343,Jeddah
Sunny and a moderate breeze,1,46,114,41,25,43,2024-09-25,0,Precipitation is not expected,1005,37,98,14:00,1,Good,1,Sunny,A moderate breeze from the west north west,WNW,WNW,West North Westerly,25,15,2024-09-24T00:00:00+03:00,2024-09-24T03:04:09.058+03:00,105343,Jeddah
Sunny and a moderate breeze,1,46,115,37,23,45,2024-09-25,0,Precipitation is not expected,1004,36,97,15:00,1,Good,1,Sunny,A moderate breeze from the west north west,WNW,WNW,West North Westerly,26,16,2024-09-24T00:00:00+03:00,2024-09-24T03:04:09.058+03:00,105343,Jeddah
Sunny and a moderate breeze,1,45,112,33,21,47,2024-09-25,0,Precipitation is not expected,1004,35,96,16:00,1,Good,1,Sunny,A moderate breeze from the west north west,WNW,WNW,West North Westerly,24,15,2024-09-24T00:00:00+03:00,2024-09-24T03:04:09.058+03:00,105343,Jeddah
Sunny and a moderate breeze,1,44,111,29,18,49,2024-09-25,0,Precipitation is not expected,1005,35,94,17:00,1,Good,1,Sunny,A moderate breeze from the north west,NW,NW,North Westerly,23,14,2024-09-24T00:00:00+03:00,2024-09-24T03:04:09.058+03:00,105343,Jeddah
Sunny and a gentle breeze,1,44,111,25,16,53,2024-09-25,0,Precipitation is not expected,1005,34,93,18:00,1,Good,1,Sunny,A gentle breeze from the north west,NW,NW,North Westerly,19,12,2024-09-24T00:00:00+03:00,2024-09-24T03:04:09.058+03:00,105343,Jeddah
A clear sky and a gentle breeze,0,42,108,21,13,55,2024-09-25,0,Precipitation is not expected,1005,33,91,19:00,1,Good,0,Clear Sky,A gentle breeze from the north west,NW,NW,North Westerly,19,12,2024-09-24T00:00:00+03:00,2024-09-24T03:04:09.058+03:00,105343,Jeddah
A clear sky and a gentle breeze,0,42,107,17,11,57,2024-09-25,0,Precipitation is not expected,1006,32,90,20:00,1,Good,0,Clear Sky,A gentle breeze from the north north west,NNW,NNW,North North Westerly,17,10,2024-09-24T00:00:00+03:00,2024-09-24T03:04:09.058+03:00,105343,Jeddah
A clear sky and a gentle breeze,0,41,107,17,11,60,2024-09-25,0,Precipitation is not expected,1006,32,89,21:00,1,Good,0,Clear Sky,A gentle breeze from the north north west,NNW,NNW,North North Westerly,14,9,2024-09-24T00:00:00+03:00,2024-09-24T03:04:09.058+03:00,105343,Jeddah
A clear sky and a gentle breeze,0,41,105,17,10,60,2024-09-25,0,Precipitation is not expected,1006,31,88,22:00,1,Good,0,Clear Sky,A gentle breeze from the north north west,NNW,NNW,North North Westerly,13,8,2024-09-24T00:00:00+03:00,2024-09-24T03:04:09.058+03:00,105343,Jeddah
A clear sky and a gentle breeze,0,40,103,16,10,61,2024-09-25,0,Precipitation is not expected,1006,30,87,23:00,1,Good,0,Clear Sky,A gentle breeze from the north north west,NNW,NNW,North North Westerly,13,8,2024-09-24T00:00:00+03:00,2024-09-24T03:04:09.058+03:00,105343,Jeddah
A clear sky and a gentle breeze,0,39,103,17,11,61,2024-09-26,0,Precipitation is not expected,1006,30,86,00:00,1,Good,0,Clear Sky,A gentle breeze from the north north west,NNW,NNW,North North Westerly,12,8,2024-09-24T00:00:00+03:00,2024-09-24T03:04:09.058+03:00,105343,Jeddah
A clear sky and light winds,0,39,101,19,12,61,2024-09-26,0,Precipitation is not expected,1005,30,86,01:00,1,Good,0,Clear Sky,Light winds from the north north west,NNW,NNW,North North Westerly,12,7,2024-09-24T00:00:00+03:00,2024-09-24T03:04:09.058+03:00,105343,Jeddah
A clear sky and a gentle breeze,0,38,101,20,12,66,2024-09-26,0,Precipitation is not expected,1005,29,84,02:00,1,Good,0,Clear Sky,A gentle breeze from the north north west,NNW,NNW,North North Westerly,13,8,2024-09-24T00:00:00+03:00,2024-09-24T03:04:09.058+03:00,105343,Jeddah
A clear sky and a gentle breeze,0,38,101,20,13,68,2024-09-26,0,Precipitation is not expected,1004,29,84,03:00,1,Good,0,Clear Sky,A gentle breeze from the north north west,NNW,NNW,North North Westerly,13,8,2024-09-24T00:00:00+03:00,2024-09-24T03:04:09.058+03:00,105343,Jeddah
A clear sky and a gentle breeze,0,38,100,21,13,71,2024-09-26,0,Precipitation is not expected,1004,28,83,04:00,1,Good,0,Clear Sky,A gentle breeze from the north north west,NNW,NNW,North North Westerly,14,9,2024-09-24T00:00:00+03:00,2024-09-24T03:04:09.058+03:00,105343,Jeddah
A clear sky and a gentle breeze,0,38,100,21,13,72,2024-09-26,0,Precipitation is not expected,1005,28,83,05:00,1,Good,0,Clear Sky,A gentle breeze from the north north west,NNW,NNW,North North Westerly,14,9,2024-09-24T00:00:00+03:00,2024-09-24T03:04:09.058+03:00,105343,Jeddah
A clear sky and a gentle breeze,0,38,101,22,14,72,2024-09-26,0,Precipitation is not expected,1005,29,83,06:00,1,Good,0,Clear Sky,A gentle breeze from the north north west,NNW,NNW,North North Westerly,14,9,2024-09-24T00:00:00+03:00,2024-09-24T03:04:09.058+03:00,105343,Jeddah
Sunny and a gentle breeze,1,39,101,22,14,67,2024-09-26,0,Precipitation is not expected,1005,29,85,07:00,1,Good,1,Sunny,A gentle breeze from the north north west,NNW,NNW,North North Westerly,13,8,2024-09-24T00:00:00+03:00,2024-09-24T03:04:09.058+03:00,105343,Jeddah
Sunny and a gentle breeze,1,40,104,23,14,57,2024-09-26,0,Precipitation is not expected,1006,31,88,08:00,1,Good,1,Sunny,A gentle breeze from the north north west,NNW,NNW,North North Westerly,14,9,2024-09-24T00:00:00+03:00,2024-09-24T03:04:09.058+03:00,105343,Jeddah
Sunny and a gentle breeze,1,42,107,24,15,47,2024-09-26,0,Precipitation is not expected,1006,34,93,09:00,1,Good,1,Sunny,A gentle breeze from the north north west,NNW,NNW,North North Westerly,14,9,2024-09-24T00:00:00+03:00,2024-09-24T03:04:09.058+03:00,105343,Jeddah
Sunny and a gentle breeze,1,43,110,26,16,38,2024-09-26,0,Precipitation is not expected,1005,36,97,10:00,1,Good,1,Sunny,A gentle breeze from the north north west,NNW,NNW,North North Westerly,15,9,2024-09-24T00:00:00+03:00,2024-09-24T03:04:09.058+03:00,105343,Jeddah
Sunny and a gentle breeze,1,45,113,27,17,32,2024-09-26,0,Precipitation is not expected,1005,39,101,11:00,1,Good,1,Sunny,A gentle breeze from the north west,NW,NW,North Westerly,16,10,2024-09-24T00:00:00+03:00,2024-09-24T03:04:09.058+03:00,105343,Jeddah
Sunny and a gentle breeze,1,48,118,31,19,31,2024-09-26,0,Precipitation is not expected,1004,41,105,12:00,1,Good,1,Sunny,A gentle breeze from the west north west,WNW,WNW,West North Westerly,17,10,2024-09-24T00:00:00+03:00,2024-09-24T03:04:09.058+03:00,105343,Jeddah
Sunny and a moderate breeze,1,47,117,34,21,34,2024-09-26,0,Precipitation is not expected,1004,39,103,13:00,1,Good,1,Sunny,A moderate breeze from the west north west,WNW,WNW,West North Westerly,22,14,2024-09-24T00:00:00+03:00,2024-09-24T03:04:09.058+03:00,105343,Jeddah
Sunny and a moderate breeze,1,47,117,38,23,38,2024-09-26,0,Precipitation is not expected,1003,39,101,14:00,1,Good,1,Sunny,A moderate breeze from the west north west,WNW,WNW,West North Westerly,23,15,2024-09-24T00:00:00+03:00,2024-09-24T03:04:09.058+03:00,105343,Jeddah
Sunny and a moderate breeze,1,47,117,34,21,40,2024-09-26,0,Precipitation is not expected,1002,38,101,15:00,1,Good,1,Sunny,A moderate breeze from the west north west,WNW,WNW,West North Westerly,24,15,2024-09-24T00:00:00+03:00,2024-09-24T03:04:09.058+03:00,105343,Jeddah
Sunny and a moderate breeze,1,46,115,29,18,43,2024-09-26,0,Precipitation is not expected,1002,37,98,16:00,1,Good,1,Sunny,A moderate breeze from the west north west,WNW,WNW,West North Westerly,22,14,2024-09-24T00:00:00+03:00,2024-09-24T03:04:09.058+03:00,105343,Jeddah
Sunny and a moderate breeze,1,45,113,25,16,47,2024-09-26,0,Precipitation is not expected,1003,36,96,17:00,1,Good,1,Sunny,A moderate breeze from the west north west,WNW,WNW,West North Westerly,21,13,2024-09-24T00:00:00+03:00,2024-09-24T03:04:09.058+03:00,105343,Jeddah
Sunny and a gentle breeze,1,45,113,21,13,53,2024-09-26,0,Precipitation is not expected,1003,34,94,18:00,1,Good,1,Sunny,A gentle breeze from the west north west,WNW,WNW,West North Westerly,16,10,2024-09-24T00:00:00+03:00,2024-09-24T03:04:09.058+03:00,105343,Jeddah
A clear sky and a gentle breeze,0,43,110,16,10,53,2024-09-26,0,Precipitation is not expected,1003,33,92,19:00,1,Good,0,Clear Sky,A gentle breeze from the west north west,WNW,WNW,West North Westerly,15,9,2024-09-24T00:00:00+03:00,2024-09-24T03:04:09.058+03:00,105343,Jeddah
A clear sky and a gentle breeze,0,42,108,11,7,56,2024-09-26,0,Precipitation is not expected,1004,33,91,20:00,1,Good,0,Clear Sky,A gentle breeze from the north west,NW,NW,North Westerly,12,8,2024-09-24T00:00:00+03:00,2024-09-24T03:04:09.058+03:00,105343,Jeddah
A clear sky and light winds,0,42,108,12,7,58,2024-09-26,0,Precipitation is not expected,1005,32,90,21:00,1,Good,0,Clear Sky,Light winds from the north north west,NNW,NNW,North North Westerly,9,6,2024-09-24T00:00:00+03:00,2024-09-24T03:04:09.058+03:00,105343,Jeddah
A clear sky and light winds,0,41,106,13,8,57,2024-09-26,0,Precipitation is not expected,1005,32,89,22:00,1,Good,0,Clear Sky,Light winds from the north north west,NNW,NNW,North North Westerly,9,6,2024-09-24T00:00:00+03:00,2024-09-24T03:04:09.058+03:00,105343,Jeddah
A clear sky and light winds,0,40,104,14,8,57,2024-09-26,0,Precipitation is not expected,1004,31,88,23:00,1,Good,0,Clear Sky,Light winds from the north north west,NNW,NNW,North North Westerly,10,6,2024-09-24T00:00:00+03:00,2024-09-24T03:04:09.058+03:00,105343,Jeddah
A clear sky and light winds,0,40,103,14,9,57,2024-09-27,0,Precipitation is not expected,1004,31,88,00:00,1,Good,0,Clear Sky,Light winds from the north north west,NNW,NNW,North North Westerly,10,6,2024-09-24T00:00:00+03:00,2024-09-24T03:04:09.058+03:00,105343,Jeddah
A clear sky and light winds,0,39,101,15,9,56,2024-09-27,0,Precipitation is not expected,1004,31,87,01:00,1,Good,0,Clear Sky,Light winds from the north north west,NNW,NNW,North North Westerly,9,6,2024-09-24T00:00:00+03:00,2024-09-24T03:04:09.058+03:00,105343,Jeddah
A clear sky and light winds,0,38,100,16,10,60,2024-09-27,0,Precipitation is not expected,1003,30,85,02:00,1,Good,0,Clear Sky,Light winds from the north north west,NNW,NNW,North North Westerly,11,7,2024-09-24T00:00:00+03:00,2024-09-24T03:04:09.058+03:00,105343,Jeddah
A clear sky and light winds,0,38,100,16,10,62,2024-09-27,0,Precipitation is not expected,1003,29,85,03:00,1,Good,0,Clear Sky,Light winds from the north north west,NNW,NNW,North North Westerly,10,6,2024-09-24T00:00:00+03:00,2024-09-24T03:04:09.058+03:00,105343,Jeddah
A clear sky and light winds,0,37,99,16,10,64,2024-09-27,0,Precipitation is not expected,1003,29,84,04:00,1,Good,0,Clear Sky,Light winds from the north north west,NNW,NNW,North North Westerly,11,7,2024-09-24T00:00:00+03:00,2024-09-24T03:04:09.058+03:00,105343,Jeddah
A clear sky and light winds,0,37,98,16,10,64,2024-09-27,0,Precipitation is not expected,1003,29,83,05:00,1,Good,0,Clear Sky,Light winds from the north north west,NNW,NNW,North North Westerly,11,7,2024-09-24T00:00:00+03:00,2024-09-24T03:04:09.058+03:00,105343,Jeddah
A clear sky and light winds,0,37,99,15,9,64,2024-09-27,0,Precipitation is not expected,1004,29,84,06:00,1,Good,0,Clear Sky,Light winds from the north north west,NNW,NNW,North North Westerly,11,7,2024-09-24T00:00:00+03:00,2024-09-24T03:04:09.058+03:00,105343,Jeddah
Sunny and light winds,1,38,100,14,9,64,2024-09-27,0,Precipitation is not expected,1004,29,85,07:00,1,Good,1,Sunny,Light winds from the north north west,NNW,NNW,North North Westerly,9,6,2024-09-24T00:00:00+03:00,2024-09-24T03:04:09.058+03:00,105343,Jeddah
Sunny and light winds,1,40,105,14,9,59,2024-09-27,0,Precipitation is not expected,1004,31,88,08:00,1,Good,1,Sunny,Light winds from the north north west,NNW,NNW,North North Westerly,10,6,2024-09-24T00:00:00+03:00,2024-09-24T03:04:09.058+03:00,105343,Jeddah
Sunny and light winds,1,42,107,16,10,54,2024-09-27,0,Precipitation is not expected,1005,33,91,09:00,1,Good,1,Sunny,Light winds from the north west,NW,NW,North Westerly,9,5,2024-09-24T00:00:00+03:00,2024-09-24T03:04:09.058+03:00,105343,Jeddah
Sunny and light winds,1,43,110,18,11,49,2024-09-27,0,Precipitation is not expected,1005,34,94,10:00,1,Good,1,Sunny,Light winds from the west,W,W,Westerly,10,6,2024-09-24T00:00:00+03:00,2024-09-24T03:04:09.058+03:00,105343,Jeddah
Sunny and a gentle breeze,1,46,114,21,13,44,2024-09-27,0,Precipitation is not expected,1005,36,97,11:00,1,Good,1,Sunny,A gentle breeze from the west,W,W,Westerly,12,8,2024-09-24T00:00:00+03:00,2024-09-24T03:04:09.058+03:00,105343,Jeddah
Sunny and a gentle breeze,1,47,117,22,14,44,2024-09-27,0,Precipitation is not expected,1004,37,99,12:00,1,Good,1,Sunny,A gentle breeze from the west south west,WSW,WSW,West South Westerly,14,9,2024-09-24T00:00:00+03:00,2024-09-24T03:04:09.058+03:00,105343,Jeddah
Sunny and a gentle breeze,1,47,116,24,15,45,2024-09-27,0,Precipitation is not expected,1004,37,98,13:00,1,Good,1,Sunny,A gentle breeze from the west south west,WSW,WSW,West South Westerly,18,11,2024-09-24T00:00:00+03:00,2024-09-24T03:04:09.058+03:00,105343,Jeddah
Sunny and a gentle breeze,1,46,116,26,16,44,2024-09-27,0,Precipitation is not expected,1003,37,98,14:00,1,Good,1,Sunny,A gentle breeze from the west south west,WSW,WSW,West South Westerly,18,11,2024-09-24T00:00:00+03:00,2024-09-24T03:04:09.058+03:00,105343,Jeddah
Sunny and a gentle breeze,1,47,116,23,14,45,2024-09-27,0,Precipitation is not expected,1002,37,98,15:00,1,Good,1,Sunny,A gentle breeze from the west,W,W,Westerly,18,11,2024-09-24T00:00:00+03:00,2024-09-24T03:04:09.058+03:00,105343,Jeddah
Sunny and a gentle breeze,1,46,114,20,13,47,2024-09-27,0,Precipitation is not expected,1002,36,96,16:00,1,Good,1,Sunny,A gentle breeze from the west,W,W,Westerly,18,11,2024-09-24T00:00:00+03:00,2024-09-24T03:04:09.058+03:00,105343,Jeddah
Sunny and a gentle breeze,1,45,113,17,11,50,2024-09-27,0,Precipitation is not expected,1003,35,95,17:00,1,Good,1,Sunny,A gentle breeze from the west north west,WNW,WNW,West North Westerly,17,11,2024-09-24T00:00:00+03:00,2024-09-24T03:04:09.058+03:00,105343,Jeddah
Sunny and a gentle breeze,1,45,112,15,9,53,2024-09-27,0,Precipitation is not expected,1003,34,94,18:00,1,Good,1,Sunny,A gentle breeze from the west north west,WNW,WNW,West North Westerly,14,9,2024-09-24T00:00:00+03:00,2024-09-24T03:04:09.058+03:00,105343,Jeddah
A clear sky and a gentle breeze,0,43,109,13,8,53,2024-09-27,0,Precipitation is not expected,1003,33,92,19:00,1,Good,0,Clear Sky,A gentle breeze from the north west,NW,NW,North Westerly,14,9,2024-09-24T00:00:00+03:00,2024-09-24T03:04:09.058+03:00,105343,Jeddah
A clear sky and a gentle breeze,0,42,108,10,6,55,2024-09-27,0,Precipitation is not expected,1004,33,91,20:00,1,Good,0,Clear Sky,A gentle breeze from the north west,NW,NW,North Westerly,12,8,2024-09-24T00:00:00+03:00,2024-09-24T03:04:09.058+03:00,105343,Jeddah
A clear sky and light winds,0,42,108,11,7,57,2024-09-27,0,Precipitation is not expected,1004,33,91,21:00,1,Good,0,Clear Sky,Light winds from the north north west,NNW,NNW,North North Westerly,9,6,2024-09-24T00:00:00+03:00,2024-09-24T03:04:09.058+03:00,105343,Jeddah
A clear sky and light winds,0,41,107,11,7,56,2024-09-27,0,Precipitation is not expected,1004,32,90,22:00,1,Good,0,Clear Sky,Light winds from the north north west,NNW,NNW,North North Westerly,9,6,2024-09-24T00:00:00+03:00,2024-09-24T03:04:09.058+03:00,105343,Jeddah
A clear sky and light winds,0,41,105,11,7,56,2024-09-27,0,Precipitation is not expected,1004,32,89,23:00,1,Good,0,Clear Sky,Light winds from the north north west,NNW,NNW,North North Westerly,9,5,2024-09-24T00:00:00+03:00,2024-09-24T03:04:09.058+03:00,105343,Jeddah
A clear sky and light winds,0,40,105,12,8,55,2024-09-28,0,Precipitation is not expected,1004,32,89,00:00,1,Good,0,Clear Sky,Light winds from the north north west,NNW,NNW,North North Westerly,9,5,2024-09-24T00:00:00+03:00,2024-09-24T03:04:09.058+03:00,105343,Jeddah
A clear sky and light winds,0,39,103,14,9,54,2024-09-28,0,Precipitation is not expected,1003,31,88,01:00,1,Good,0,Clear Sky,Light winds from the north north west,NNW,NNW,North North Westerly,8,5,2024-09-24T00:00:00+03:00,2024-09-24T03:04:09.058+03:00,105343,Jeddah
A clear sky and light winds,0,39,102,15,9,58,2024-09-28,0,Precipitation is not expected,1003,30,87,02:00,1,Good,0,Clear Sky,Light winds from the north north west,NNW,NNW,North North Westerly,10,6,2024-09-24T00:00:00+03:00,2024-09-24T03:04:09.058+03:00,105343,Jeddah
A clear sky and light winds,0,39,101,16,10,59,2024-09-28,0,Precipitation is not expected,1003,30,86,03:00,1,Good,0,Clear Sky,Light winds from the north north west,NNW,NNW,North North Westerly,11,7,2024-09-24T00:00:00+03:00,2024-09-24T03:04:09.058+03:00,105343,Jeddah
A clear sky and light winds,0,38,100,16,10,63,2024-09-28,0,Precipitation is not expected,1003,29,85,04:00,1,Good,0,Clear Sky,Light winds from the north north west,NNW,NNW,North North Westerly,12,7,2024-09-24T00:00:00+03:00,2024-09-24T03:04:09.058+03:00,105343,Jeddah
A clear sky and light winds,0,38,100,17,11,65,2024-09-28,0,Precipitation is not expected,1004,29,84,05:00,1,Good,0,Clear Sky,Light winds from the north north west,NNW,NNW,North North Westerly,12,7,2024-09-24T00:00:00+03:00,2024-09-24T03:04:09.058+03:00,105343,Jeddah
A clear sky and light winds,0,39,102,17,11,66,2024-09-28,0,Precipitation is not expected,1004,29,85,06:00,1,Good,0,Clear Sky,Light winds from the north north west,NNW,NNW,North North Westerly,11,7,2024-09-24T00:00:00+03:00,2024-09-24T03:04:09.058+03:00,105343,Jeddah
Sunny and light winds,1,39,103,17,11,67,2024-09-28,0,Precipitation is not expected,1004,30,85,07:00,1,Good,1,Sunny,Light winds from the north north west,NNW,NNW,North North Westerly,10,6,2024-09-24T00:00:00+03:00,2024-09-24T03:04:09.058+03:00,105343,Jeddah
Sunny and light winds,1,41,107,17,11,63,2024-09-28,0,Precipitation is not expected,1005,31,88,08:00,1,Good,1,Sunny,Light winds from the north north west,NNW,NNW,North North Westerly,12,7,2024-09-24T00:00:00+03:00,2024-09-24T03:04:09.058+03:00,105343,Jeddah
Sunny and light winds,1,44,111,19,12,57,2024-09-28,0,Precipitation is not expected,1005,33,92,09:00,1,Good,1,Sunny,Light winds from the north north west,NNW,NNW,North North Westerly,11,7,2024-09-24T00:00:00+03:00,2024-09-24T03:04:09.058+03:00,105343,Jeddah
Sunny and a gentle breeze,1,44,112,20,13,49,2024-09-28,0,Precipitation is not expected,1005,35,95,10:00,1,Good,1,Sunny,A gentle breeze from the north west,NW,NW,North Westerly,14,9,2024-09-24T00:00:00+03:00,2024-09-24T03:04:09.058+03:00,105343,Jeddah
Sunny and a gentle breeze,1,46,115,22,14,45,2024-09-28,0,Precipitation is not expected,1004,36,97,11:00,1,Good,1,Sunny,A gentle breeze from the west north west,WNW,WNW,West North Westerly,16,10,2024-09-24T00:00:00+03:00,2024-09-24T03:04:09.058+03:00,105343,Jeddah
Sunny and a gentle breeze,1,48,118,25,16,44,2024-09-28,0,Precipitation is not expected,1004,37,99,12:00,1,Good,1,Sunny,A gentle breeze from the west north west,WNW,WNW,West North Westerly,17,11,2024-09-24T00:00:00+03:00,2024-09-24T03:04:09.058+03:00,105343,Jeddah
Sunny and a moderate breeze,1,47,116,28,17,44,2024-09-28,0,Precipitation is not expected,1003,37,99,13:00,1,Good,1,Sunny,A moderate breeze from the west,W,W,Westerly,21,13,2024-09-24T00:00:00+03:00,2024-09-24T03:04:09.058+03:00,105343,Jeddah
Sunny and a moderate breeze,1,47,117,31,19,45,2024-09-28,0,Precipitation is not expected,1003,37,99,14:00,1,Good,1,Sunny,A moderate breeze from the west,W,W,Westerly,22,14,2024-09-24T00:00:00+03:00,2024-09-24T03:04:09.058+03:00,105343,Jeddah
Sunny and a moderate breeze,1,47,117,29,18,44,2024-09-28,0,Precipitation is not expected,1002,37,99,15:00,1,Good,1,Sunny,A moderate breeze from the west north west,WNW,WNW,West North Westerly,22,13,2024-09-24T00:00:00+03:00,2024-09-24T03:04:09.058+03:00,105343,Jeddah
Sunny and a moderate breeze,1,46,114,27,17,46,2024-09-28,0,Precipitation is not expected,1002,36,97,16:00,1,Good,1,Sunny,A moderate breeze from the west north west,WNW,WNW,West North Westerly,22,14,2024-09-24T00:00:00+03:00,2024-09-24T03:04:09.058+03:00,105343,Jeddah
Sunny and a moderate breeze,1,45,113,25,15,48,2024-09-28,0,Precipitation is not expected,1003,35,95,17:00,1,Good,1,Sunny,A moderate breeze from the west north west,WNW,WNW,West North Westerly,22,14,2024-09-24T00:00:00+03:00,2024-09-24T03:04:09.058+03:00,105343,Jeddah
Sunny and a gentle breeze,1,44,111,22,14,51,2024-09-28,0,Precipitation is not expected,1003,34,94,18:00,1,Good,1,Sunny,A gentle breeze from the north west,NW,NW,North Westerly,19,12,2024-09-24T00:00:00+03:00,2024-09-24T03:04:09.058+03:00,105343,Jeddah
A clear sky and a gentle breeze,0,42,108,20,12,50,2024-09-28,0,Precipitation is not expected,1003,33,92,19:00,1,Good,0,Clear Sky,A gentle breeze from the north west,NW,NW,North Westerly,19,12,2024-09-24T00:00:00+03:00,2024-09-24T03:04:09.058+03:00,105343,Jeddah
A clear sky and a gentle breeze,0,41,107,18,11,52,2024-09-28,0,Precipitation is not expected,1004,33,91,20:00,1,Good,0,Clear Sky,A gentle breeze from the north north west,NNW,NNW,North North Westerly,17,11,2024-09-24T00:00:00+03:00,2024-09-24T03:04:09.058+03:00,105343,Jeddah
A clear sky and a gentle breeze,0,41,106,18,11,54,2024-09-28,0,Precipitation is not expected,1004,32,90,21:00,1,Good,0,Clear Sky,A gentle breeze from the north,N,N,Northerly,15,9,2024-09-24T00:00:00+03:00,2024-09-24T03:04:09.058+03:00,105343,Jeddah
A clear sky and a gentle breeze,0,40,105,18,11,52,2024-09-28,0,Precipitation is not expected,1004,32,90,22:00,1,Good,0,Clear Sky,A gentle breeze from the north,N,N,Northerly,14,9,2024-09-24T00:00:00+03:00,2024-09-24T03:04:09.058+03:00,105343,Jeddah
A clear sky and a gentle breeze,0,39,103,19,12,53,2024-09-28,0,Precipitation is not expected,1004,32,89,23:00,1,Good,0,Clear Sky,A gentle breeze from the north north west,NNW,NNW,North North Westerly,14,9,2024-09-24T00:00:00+03:00,2024-09-24T03:04:09.058+03:00,105343,Jeddah
A clear sky and a gentle breeze,0,39,103,18,11,51,2024-09-29,0,Precipitation is not expected,1004,32,89,00:00,1,Good,0,Clear Sky,A gentle breeze from the north,N,N,Northerly,13,8,2024-09-24T00:00:00+03:00,2024-09-24T03:04:09.058+03:00,105343,Jeddah
A clear sky and a gentle breeze,0,39,101,18,11,51,2024-09-29,0,Precipitation is not expected,1004,31,88,01:00,1,Good,0,Clear Sky,A gentle breeze from the north north west,NNW,NNW,North North Westerly,12,8,2024-09-24T00:00:00+03:00,2024-09-24T03:04:09.058+03:00,105343,Jeddah
A clear sky and a gentle breeze,0,38,101,17,11,55,2024-09-29,0,Precipitation is not expected,1004,31,87,02:00,1,Good,0,Clear Sky,A gentle breeze from the north north west,NNW,NNW,North North Westerly,13,8,2024-09-24T00:00:00+03:00,2024-09-24T03:04:09.058+03:00,105343,Jeddah
A clear sky and a gentle breeze,0,38,100,18,11,57,2024-09-29,0,Precipitation is not expected,1004,30,86,03:00,1,Good,0,Clear Sky,A gentle breeze from the north north west,NNW,NNW,North North Westerly,13,8,2024-09-24T00:00:00+03:00,2024-09-24T03:04:09.058+03:00,105343,Jeddah
A clear sky and a gentle breeze,0,38,100,18,11,60,2024-09-29,0,Precipitation is not expected,1004,30,85,04:00,1,Good,0,Clear Sky,A gentle breeze from the north north west,NNW,NNW,North North Westerly,13,8,2024-09-24T00:00:00+03:00,2024-09-24T03:04:09.058+03:00,105343,Jeddah
A clear sky and a gentle breeze,0,38,100,19,12,62,2024-09-29,0,Precipitation is not expected,1004,29,85,05:00,1,Good,0,Clear Sky,A gentle breeze from the north north west,NNW,NNW,North North Westerly,13,8,2024-09-24T00:00:00+03:00,2024-09-24T03:04:09.058+03:00,105343,Jeddah
A clear sky and a gentle breeze,0,38,101,19,12,63,2024-09-29,0,Precipitation is not expected,1004,30,85,06:00,1,Good,0,Clear Sky,A gentle breeze from the north north west,NNW,NNW,North North Westerly,13,8,2024-09-24T00:00:00+03:00,2024-09-24T03:04:09.058+03:00,105343,Jeddah
Sunny and a gentle breeze,1,39,103,19,12,62,2024-09-29,0,Precipitation is not expected,1005,30,86,07:00,1,Good,1,Sunny,A gentle breeze from the north north west,NNW,NNW,North North Westerly,12,8,2024-09-24T00:00:00+03:00,2024-09-24T03:04:09.058+03:00,105343,Jeddah
Sunny and a gentle breeze,1,41,106,19,12,58,2024-09-29,0,Precipitation is not expected,1005,32,89,08:00,1,Good,1,Sunny,A gentle breeze from the north north west,NNW,NNW,North North Westerly,13,8,2024-09-24T00:00:00+03:00,2024-09-24T03:04:09.058+03:00,105343,Jeddah
Sunny and a gentle breeze,1,43,109,22,14,51,2024-09-29,0,Precipitation is not expected,1005,34,93,09:00,1,Good,1,Sunny,A gentle breeze from the north north west,NNW,NNW,North North Westerly,13,8,2024-09-24T00:00:00+03:00,2024-09-24T03:04:09.058+03:00,105343,Jeddah
Sunny and a gentle breeze,1,44,111,24,15,45,2024-09-29,0,Precipitation is not expected,1005,35,95,10:00,1,Good,1,Sunny,A gentle breeze from the north north west,NNW,NNW,North North Westerly,17,10,2024-09-24T00:00:00+03:00,2024-09-24T03:04:09.058+03:00,105343,Jeddah
Sunny and a gentle breeze,1,45,113,27,17,41,2024-09-29,0,Precipitation is not expected,1005,37,98,11:00,1,Good,1,Sunny,A gentle breeze from the north west,NW,NW,North Westerly,19,12,2024-09-24T00:00:00+03:00,2024-09-24T03:04:09.058+03:00,105343,Jeddah
Sunny and a moderate breeze,1,47,116,29,18,39,2024-09-29,0,Precipitation is not expected,1004,38,100,12:00,1,Good,1,Sunny,A moderate breeze from the west north west,WNW,WNW,West North Westerly,20,13,2024-09-24T00:00:00+03:00,2024-09-24T03:04:09.058+03:00,105343,Jeddah
Sunny and a moderate breeze,1,46,115,32,20,39,2024-09-29,0,Precipitation is not expected,1004,38,100,13:00,1,Good,1,Sunny,A moderate breeze from the west north west,WNW,WNW,West North Westerly,25,15,2024-09-24T00:00:00+03:00,2024-09-24T03:04:09.058+03:00,105343,Jeddah
Sunny and a moderate breeze,1,46,115,35,22,38,2024-09-29,0,Precipitation is not expected,1003,38,100,14:00,1,Good,1,Sunny,A moderate breeze from the west north west,WNW,WNW,West North Westerly,25,16,2024-09-24T00:00:00+03:00,2024-09-24T03:04:09.058+03:00,105343,Jeddah
Sunny and a moderate breeze,1,46,115,33,20,38,2024-09-29,0,Precipitation is not expected,1002,38,100,15:00,1,Good,1,Sunny,A moderate breeze from the north west,NW,NW,North Westerly,25,16,2024-09-24T00:00:00+03:00,2024-09-24T03:04:09.058+03:00,105343,Jeddah
Sunny and a moderate breeze,1,45,112,31,19,40,2024-09-29,0,Precipitation is not expected,1002,37,98,16:00,1,Good,1,Sunny,A moderate breeze from the north west,NW,NW,North Westerly,26,16,2024-09-24T00:00:00+03:00,2024-09-24T03:04:09.058+03:00,105343,Jeddah
Sunny and a moderate breeze,1,44,111,28,18,42,2024-09-29,0,Precipitation is not expected,1003,36,96,17:00,1,Good,1,Sunny,A moderate breeze from the north west,NW,NW,North Westerly,25,15,2024-09-24T00:00:00+03:00,2024-09-24T03:04:09.058+03:00,105343,Jeddah
Sunny and a moderate breeze,1,43,109,25,16,44,2024-09-29,0,Precipitation is not expected,1003,35,95,18:00,1,Good,1,Sunny,A moderate breeze from the north west,NW,NW,North Westerly,22,14,2024-09-24T00:00:00+03:00,2024-09-24T03:04:09.058+03:00,105343,Jeddah
A clear sky and a moderate breeze,0,41,106,22,14,45,2024-09-29,0,Precipitation is not expected,1003,34,93,19:00,1,Good,0,Clear Sky,A moderate breeze from the north north west,NNW,NNW,North North Westerly,20,13,2024-09-24T00:00:00+03:00,2024-09-24T03:04:09.058+03:00,105343,Jeddah
A clear sky and a gentle breeze,0,40,105,18,11,48,2024-09-29,0,Precipitation is not expected,1004,33,91,20:00,1,Good,0,Clear Sky,A gentle breeze from the north north west,NNW,NNW,North North Westerly,18,11,2024-09-24T00:00:00+03:00,2024-09-24T03:04:09.058+03:00,105343,Jeddah
A clear sky and a gentle breeze,0,40,104,19,12,50,2024-09-29,0,Precipitation is not expected,1004,32,90,21:00,1,Good,0,Clear Sky,A gentle breeze from the north,N,N,Northerly,15,9,2024-09-24T00:00:00+03:00,2024-09-24T03:04:09.058+03:00,105343,Jeddah
A clear sky and a gentle breeze,0,39,103,19,12,50,2024-09-29,0,Precipitation is not expected,1004,32,89,22:00,1,Good,0,Clear Sky,A gentle breeze from the north,N,N,Northerly,15,9,2024-09-24T00:00:00+03:00,2024-09-24T03:04:09.058+03:00,105343,Jeddah
A clear sky and a gentle breeze,0,38,101,20,12,50,2024-09-29,0,Precipitation is not expected,1004,31,88,23:00,1,Good,0,Clear Sky,A gentle breeze from the north north west,NNW,NNW,North North Westerly,14,9,2024-09-24T00:00:00+03:00,2024-09-24T03:04:09.058+03:00,105343,Jeddah
A clear sky and a gentle breeze,0,38,101,18,11,48,2024-09-30,0,Precipitation is not expected,1004,31,89,00:00,1,Good,0,Clear Sky,A gentle breeze from the north,N,N,Northerly,13,8,2024-09-24T00:00:00+03:00,2024-09-24T03:04:09.058+03:00,105343,Jeddah
A clear sky and light winds,0,37,99,16,10,48,2024-09-30,0,Precipitation is not expected,1004,31,87,01:00,1,Good,0,Clear Sky,Light winds from the north,N,N,Northerly,12,7,2024-09-24T00:00:00+03:00,2024-09-24T03:04:09.058+03:00,105343,Jeddah
A clear sky and light winds,0,37,98,14,9,51,2024-09-30,0,Precipitation is not expected,1004,30,86,02:00,1,Good,0,Clear Sky,Light winds from the north,N,N,Northerly,12,7,2024-09-24T00:00:00+03:00,2024-09-24T03:04:09.058+03:00,105343,Jeddah
A clear sky and light winds,0,36,97,15,9,52,2024-09-30,0,Precipitation is not expected,1003,30,86,03:00,1,Good,0,Clear Sky,Light winds from the north north west,NNW,NNW,North North Westerly,11,7,2024-09-24T00:00:00+03:00,2024-09-24T03:04:09.058+03:00,105343,Jeddah
A clear sky and light winds,0,36,96,16,10,55,2024-09-30,0,Precipitation is not expected,1004,29,84,04:00,1,Good,0,Clear Sky,Light winds from the north north west,NNW,NNW,North North Westerly,11,7,2024-09-24T00:00:00+03:00,2024-09-24T03:04:09.058+03:00,105343,Jeddah
A clear sky and light winds,0,36,97,17,11,57,2024-09-30,0,Precipitation is not expected,1004,29,84,05:00,1,Good,0,Clear Sky,Light winds from the north north west,NNW,NNW,North North Westerly,11,7,2024-09-24T00:00:00+03:00,2024-09-24T03:04:09.058+03:00,105343,Jeddah
A clear sky and light winds,0,36,98,17,11,58,2024-09-30,0,Precipitation is not expected,1004,29,84,06:00,1,Good,0,Clear Sky,Light winds from the north north west,NNW,NNW,North North Westerly,10,6,2024-09-24T00:00:00+03:00,2024-09-24T03:04:09.058+03:00,105343,Jeddah
Sunny and light winds,1,37,99,17,10,58,2024-09-30,0,Precipitation is not expected,1005,29,85,07:00,1,Good,1,Sunny,Light winds from the north north west,NNW,NNW,North North Westerly,9,6,2024-09-24T00:00:00+03:00,2024-09-24T03:04:09.058+03:00,105343,Jeddah
Sunny and light winds,1,39,102,17,10,54,2024-09-30,0,Precipitation is not expected,1005,31,88,08:00,1,Good,1,Sunny,Light winds from the north north west,NNW,NNW,North North Westerly,10,6,2024-09-24T00:00:00+03:00,2024-09-24T03:04:09.058+03:00,105343,Jeddah
Sunny and light winds,1,41,105,18,11,49,2024-09-30,0,Precipitation is not expected,1006,33,91,09:00,1,Good,1,Sunny,Light winds from the north north west,NNW,NNW,North North Westerly,9,6,2024-09-24T00:00:00+03:00,2024-09-24T03:04:09.058+03:00,105343,Jeddah
Sunny and a gentle breeze,1,42,107,20,12,44,2024-09-30,0,Precipitation is not expected,1006,34,94,10:00,1,Good,1,Sunny,A gentle breeze from the north west,NW,NW,North Westerly,12,8,2024-09-24T00:00:00+03:00,2024-09-24T03:04:09.058+03:00,105343,Jeddah
Sunny and a gentle breeze,1,43,110,21,13,40,2024-09-30,0,Precipitation is not expected,1005,36,97,11:00,1,Good,1,Sunny,A gentle breeze from the west north west,WNW,WNW,West North Westerly,14,9,2024-09-24T00:00:00+03:00,2024-09-24T03:04:09.058+03:00,105343,Jeddah
Sunny and a gentle breeze,1,45,113,23,14,39,2024-09-30,0,Precipitation is not expected,1005,37,99,12:00,1,Good,1,Sunny,A gentle breeze from the west,W,W,Westerly,15,9,2024-09-24T00:00:00+03:00,2024-09-24T03:04:09.058+03:00,105343,Jeddah
Sunny and a gentle breeze,1,45,112,25,16,39,2024-09-30,0,Precipitation is not expected,1005,37,98,13:00,1,Good,1,Sunny,A gentle breeze from the west,W,W,Westerly,19,12,2024-09-24T00:00:00+03:00,2024-09-24T03:04:09.058+03:00,105343,Jeddah
Sunny and a gentle breeze,1,45,113,27,17,39,2024-09-30,0,Precipitation is not expected,1004,37,98,14:00,1,Good,1,Sunny,A gentle breeze from the west,W,W,Westerly,19,12,2024-09-24T00:00:00+03:00,2024-09-24T03:04:09.058+03:00,105343,Jeddah
Sunny and a gentle breeze,1,45,113,29,18,39,2024-09-30,0,Precipitation is not expected,1003,37,99,15:00,1,Good,1,Sunny,A gentle breeze from the west north west,WNW,WNW,West North Westerly,18,11,2024-09-24T00:00:00+03:00,2024-09-24T03:04:09.058+03:00,105343,Jeddah
Sunny and a gentle breeze,1,44,111,29,18,41,2024-09-30,0,Precipitation is not expected,1003,36,97,16:00,1,Good,1,Sunny,A gentle breeze from the west north west,WNW,WNW,West North Westerly,19,12,2024-09-24T00:00:00+03:00,2024-09-24T03:04:09.058+03:00,105343,Jeddah
Sunny and a gentle breeze,1,43,110,28,17,44,2024-09-30,0,Precipitation is not expected,1004,35,95,17:00,1,Good,1,Sunny,A gentle breeze from the west north west,WNW,WNW,West North Westerly,18,11,2024-09-24T00:00:00+03:00,2024-09-24T03:04:09.058+03:00,105343,Jeddah
Sunny and a gentle breeze,1,43,109,25,15,47,2024-09-30,0,Precipitation is not expected,1004,34,94,18:00,1,Good,1,Sunny,A gentle breeze from the west north west,WNW,WNW,West North Westerly,16,10,2024-09-24T00:00:00+03:00,2024-09-24T03:04:09.058+03:00,105343,Jeddah
A clear sky and a gentle breeze,0,41,106,22,14,49,2024-09-30,0,Precipitation is not expected,1004,33,92,19:00,1,Good,0,Clear Sky,A gentle breeze from the north west,NW,NW,North Westerly,15,10,2024-09-24T00:00:00+03:00,2024-09-24T03:04:09.058+03:00,105343,Jeddah
A clear sky and a gentle breeze,0,41,105,19,12,53,2024-09-30,0,Precipitation is not expected,1005,32,90,20:00,1,Good,0,Clear Sky,A gentle breeze from the north west,NW,NW,North Westerly,14,8,2024-09-24T00:00:00+03:00,2024-09-24T03:04:09.058+03:00,105343,Jeddah
A clear sky and light winds,0,41,105,17,10,57,2024-09-30,0,Precipitation is not expected,1005,31,89,21:00,1,Good,0,Clear Sky,Light winds from the north north west,NNW,NNW,North North Westerly,11,7,2024-09-24T00:00:00+03:00,2024-09-24T03:04:09.058+03:00,105343,Jeddah
A clear sky and light winds,0,40,104,15,9,56,2024-09-30,0,Precipitation is not expected,1005,31,88,22:00,1,Good,0,Clear Sky,Light winds from the north north west,NNW,NNW,North North Westerly,10,6,2024-09-24T00:00:00+03:00,2024-09-24T03:04:09.058+03:00,105343,Jeddah
A clear sky and light winds,0,39,102,13,8,56,2024-09-30,0,Precipitation is not expected,1005,31,87,23:00,1,Good,0,Clear Sky,Light winds from the north north west,NNW,NNW,North North Westerly,9,5,2024-09-24T00:00:00+03:00,2024-09-24T03:04:09.058+03:00,105343,Jeddah
A clear sky and light winds,0,39,102,12,7,55,2024-10-01,0,Precipitation is not expected,1005,31,87,00:00,1,Good,0,Clear Sky,Light winds from the north north west,NNW,NNW,North North Westerly,8,5,2024-09-24T00:00:00+03:00,2024-09-24T03:04:09.058+03:00,105343,Jeddah
A clear sky and light winds,0,37,99,11,7,54,2024-10-01,0,Precipitation is not expected,1005,30,86,01:00,1,Good,0,Clear Sky,Light winds from the north north west,NNW,NNW,North North Westerly,7,4,2024-09-24T00:00:00+03:00,2024-09-24T03:04:09.058+03:00,105343,Jeddah
A clear sky and light winds,0,37,99,10,6,59,2024-10-01,0,Precipitation is not expected,1005,30,85,02:00,1,Good,0,Clear Sky,Light winds from the north north west,NNW,NNW,North North Westerly,8,5,2024-09-24T00:00:00+03:00,2024-09-24T03:04:09.058+03:00,105343,Jeddah
A clear sky and light winds,0,37,99,9,6,60,2024-10-01,0,Precipitation is not expected,1004,29,85,03:00,1,Good,0,Clear Sky,Light winds from the north north west,NNW,NNW,North North Westerly,7,5,2024-09-24T00:00:00+03:00,2024-09-24T03:04:09.058+03:00,105343,Jeddah
A clear sky and light winds,0,36,97,8,5,62,2024-10-01,0,Precipitation is not expected,1005,29,83,04:00,1,Good,0,Clear Sky,Light winds from the north north west,NNW,NNW,North North Westerly,8,5,2024-09-24T00:00:00+03:00,2024-09-24T03:04:09.058+03:00,105343,Jeddah
A clear sky and light winds,0,36,98,8,5,64,2024-10-01,0,Precipitation is not expected,1005,29,83,05:00,1,Good,0,Clear Sky,Light winds from the north north west,NNW,NNW,North North Westerly,7,4,2024-09-24T00:00:00+03:00,2024-09-24T03:04:09.058+03:00,105343,Jeddah
A clear sky and light winds,0,37,99,9,6,64,2024-10-01,0,Precipitation is not expected,1006,29,84,06:00,1,Good,0,Clear Sky,Light winds from the north,N,N,Northerly,7,4,2024-09-24T03:04:09+03:00,2024-09-24T03:04:09.058+03:00,105343,Jeddah
Sunny and light winds,1,38,100,10,6,63,2024-10-01,0,Precipitation is not expected,1006,29,85,07:00,1,Good,1,Sunny,Light winds from the north north east,NNE,NNE,North North Easterly,6,4,2024-09-24T03:04:09+03:00,2024-09-24T03:04:09.058+03:00,105343,Jeddah
Sunny and light winds,1,40,104,11,7,58,2024-10-01,0,Precipitation is not expected,1006,31,88,08:00,1,Good,1,Sunny,Light winds from the north,N,N,Northerly,7,4,2024-09-24T03:04:09+03:00,2024-09-24T03:04:09.058+03:00,105343,Jeddah
Sunny and light winds,1,42,107,14,9,52,2024-10-01,0,Precipitation is not expected,1007,33,91,09:00,1,Good,1,Sunny,Light winds from the north north west,NNW,NNW,North North Westerly,6,4,2024-09-24T03:04:09+03:00,2024-09-24T03:04:09.058+03:00,105343,Jeddah
Sunny and light winds,1,42,108,17,10,45,2024-10-01,0,Precipitation is not expected,1007,34,94,10:00,1,Good,1,Sunny,Light winds from the west north west,WNW,WNW,West North Westerly,10,6,2024-09-24T03:04:09+03:00,2024-09-24T03:04:09.058+03:00,105343,Jeddah
Sunny and a gentle breeze,1,43,110,20,12,40,2024-10-01,0,Precipitation is not expected,1006,36,96,11:00,1,Good,1,Sunny,A gentle breeze from the west,W,W,Westerly,13,8,2024-09-24T03:04:09+03:00,2024-09-24T03:04:09.058+03:00,105343,Jeddah
Sunny and a gentle breeze,1,45,113,22,14,39,2024-10-01,0,Precipitation is not expected,1006,37,98,12:00,1,Good,1,Sunny,A gentle breeze from the west,W,W,Westerly,14,9,2024-09-24T03:04:09+03:00,2024-09-24T03:04:09.058+03:00,105343,Jeddah
Sunny and a gentle breeze,1,44,111,25,16,39,2024-10-01,0,Precipitation is not expected,1005,37,98,13:00,1,Good,1,Sunny,A gentle breeze from the west,W,W,Westerly,19,12,2024-09-24T03:04:09+03:00,2024-09-24T03:04:09.058+03:00,105343,Jeddah
Sunny and a gentle breeze,1,44,111,28,18,38,2024-10-01,0,Precipitation is not expected,1005,37,98,14:00,1,Good,1,Sunny,A gentle breeze from the west,W,W,Westerly,19,12,2024-09-24T03:04:09+03:00,2024-09-24T03:04:09.058+03:00,105343,Jeddah
Sunny and a gentle breeze,1,45,112,28,17,38,2024-10-01,0,Precipitation is not expected,1004,37,99,15:00,1,Good,1,Sunny,A gentle breeze from the west,W,W,Westerly,19,12,2024-09-24T03:04:09+03:00,2024-09-24T03:04:09.058+03:00,105343,Jeddah
Sunny and a gentle breeze,1,43,110,28,17,41,2024-10-01,0,Precipitation is not expected,1004,36,96,16:00,1,Good,1,Sunny,A gentle breeze from the west north west,WNW,WNW,West North Westerly,19,12,2024-09-24T03:04:09+03:00,2024-09-24T03:04:09.058+03:00,105343,Jeddah
Sunny and a gentle breeze,1,43,109,27,17,43,2024-10-01,0,Precipitation is not expected,1004,35,95,17:00,1,Good,1,Sunny,A gentle breeze from the west north west,WNW,WNW,West North Westerly,19,12,2024-09-24T03:04:09+03:00,2024-09-24T03:04:09.058+03:00,105343,Jeddah
Sunny and a gentle breeze,1,42,108,24,15,47,2024-10-01,0,Precipitation is not expected,1004,34,93,18:00,1,Good,1,Sunny,A gentle breeze from the west north west,WNW,WNW,West North Westerly,17,11,2024-09-24T03:04:09+03:00,2024-09-24T03:04:09.058+03:00,105343,Jeddah
A clear sky and a gentle breeze,0,41,105,21,13,49,2024-10-01,0,Precipitation is not expected,1004,33,91,19:00,1,Good,0,Clear Sky,A gentle breeze from the north west,NW,NW,North Westerly,16,10,2024-09-24T03:04:09+03:00,2024-09-24T03:04:09.058+03:00,105343,Jeddah
A clear sky and a gentle breeze,0,41,105,18,11,53,2024-10-01,0,Precipitation is not expected,1005,32,90,20:00,1,Good,0,Clear Sky,A gentle breeze from the north west,NW,NW,North Westerly,14,9,2024-09-24T03:04:09+03:00,2024-09-24T03:04:09.058+03:00,105343,Jeddah
A clear sky and light winds,0,41,105,16,10,57,2024-10-01,0,Precipitation is not expected,1006,31,89,21:00,1,Good,0,Clear Sky,Light winds from the north north west,NNW,NNW,North North Westerly,12,7,2024-09-24T03:04:09+03:00,2024-09-24T03:04:09.058+03:00,105343,Jeddah
A clear sky and light winds,0,40,104,14,9,57,2024-10-01,0,Precipitation is not expected,1006,31,88,22:00,1,Good,0,Clear Sky,Light winds from the north north west,NNW,NNW,North North Westerly,11,7,2024-09-24T03:04:09+03:00,2024-09-24T03:04:09.058+03:00,105343,Jeddah
A clear sky and light winds,0,39,103,12,7,57,2024-10-01,0,Precipitation is not expected,1006,31,87,23:00,1,Good,0,Clear Sky,Light winds from the north north west,NNW,NNW,North North Westerly,10,6,2024-09-24T03:04:09+03:00,2024-09-24T03:04:09.058+03:00,105343,Jeddah
A clear sky and light winds,0,39,102,12,7,57,2024-10-02,0,Precipitation is not expected,1006,31,87,00:00,1,Good,0,Clear Sky,Light winds from the north,N,N,Northerly,9,6,2024-09-24T03:04:09+03:00,2024-09-24T03:04:09.058+03:00,105343,Jeddah
A clear sky and light winds,0,38,100,11,7,57,2024-10-02,0,Precipitation is not expected,1005,30,86,01:00,1,Good,0,Clear Sky,Light winds from the north north west,NNW,NNW,North North Westerly,8,5,2024-09-24T03:04:09+03:00,2024-09-24T03:04:09.058+03:00,105343,Jeddah
A clear sky and light winds,0,38,100,11,7,61,2024-10-02,0,Precipitation is not expected,1005,30,85,02:00,1,Good,0,Clear Sky,Light winds from the north north west,NNW,NNW,North North Westerly,9,5,2024-09-24T03:04:09+03:00,2024-09-24T03:04:09.058+03:00,105343,Jeddah
A clear sky and light winds,0,37,99,11,7,62,2024-10-02,0,Precipitation is not expected,1005,29,85,03:00,1,Good,0,Clear Sky,Light winds from the north north west,NNW,NNW,North North Westerly,8,5,2024-09-24T03:04:09+03:00,2024-09-24T03:04:09.058+03:00,105343,Jeddah
A clear sky and light winds,0,37,98,11,7,65,2024-10-02,0,Precipitation is not expected,1005,29,83,04:00,1,Good,0,Clear Sky,Light winds from the north west,NW,NW,North Westerly,8,5,2024-09-24T03:04:09+03:00,2024-09-24T03:04:09.058+03:00,105343,Jeddah
A clear sky and light winds,0,37,99,11,7,66,2024-10-02,0,Precipitation is not expected,1006,29,83,05:00,1,Good,0,Clear Sky,Light winds from the north north west,NNW,NNW,North North Westerly,7,5,2024-09-24T03:04:09+03:00,2024-09-24T03:04:09.058+03:00,105343,Jeddah
A clear sky and light winds,0,37,100,12,8,67,2024-10-02,0,Precipitation is not expected,1006,29,84,06:00,1,Good,0,Clear Sky,Light winds from the north north west,NNW,NNW,North North Westerly,7,4,2024-09-24T03:04:09+03:00,2024-09-24T03:04:09.058+03:00,105343,Jeddah
Sunny and light winds,1,38,101,13,8,64,2024-10-02,0,Precipitation is not expected,1006,29,85,07:00,1,Good,1,Sunny,Light winds from the north,N,N,Northerly,6,4,2024-09-24T03:04:09+03:00,2024-09-24T03:04:09.058+03:00,105343,Jeddah
Sunny and light winds,1,40,104,14,9,58,2024-10-02,0,Precipitation is not expected,1007,31,88,08:00,1,Good,1,Sunny,Light winds from the north north west,NNW,NNW,North North Westerly,7,4,2024-09-24T03:04:09+03:00,2024-09-24T03:04:09.058+03:00,105343,Jeddah
Sunny and light winds,1,41,107,16,10,52,2024-10-02,0,Precipitation is not expected,1007,33,91,09:00,1,Good,1,Sunny,Light winds from the north north west,NNW,NNW,North North Westerly,7,4,2024-09-24T03:04:09+03:00,2024-09-24T03:04:09.058+03:00,105343,Jeddah
Sunny and light winds,1,42,108,18,11,45,2024-10-02,0,Precipitation is not expected,1007,34,94,10:00,1,Good,1,Sunny,Light winds from the north west,NW,NW,North Westerly,10,6,2024-09-24T03:04:09+03:00,2024-09-24T03:04:09.058+03:00,105343,Jeddah
Sunny and a gentle breeze,1,43,110,21,13,41,2024-10-02,0,Precipitation is not expected,1007,36,96,11:00,1,Good,1,Sunny,A gentle breeze from the west north west,WNW,WNW,West North Westerly,13,8,2024-09-24T03:04:09+03:00,2024-09-24T03:04:09.058+03:00,105343,Jeddah
Sunny and a gentle breeze,1,45,113,24,15,40,2024-10-02,0,Precipitation is not expected,1006,37,98,12:00,1,Good,1,Sunny,A gentle breeze from the west,W,W,Westerly,14,9,2024-09-24T03:04:09+03:00,2024-09-24T03:04:09.058+03:00,105343,Jeddah
Sunny and a gentle breeze,1,44,112,28,17,40,2024-10-02,0,Precipitation is not expected,1006,37,98,13:00,1,Good,1,Sunny,A gentle breeze from the west,W,W,Westerly,18,11,2024-09-24T03:04:09+03:00,2024-09-24T03:04:09.058+03:00,105343,Jeddah
Sunny and a gentle breeze,1,45,113,31,19,40,2024-10-02,0,Precipitation is not expected,1005,37,98,14:00,1,Good,1,Sunny,A gentle breeze from the west,W,W,Westerly,19,12,2024-09-24T03:04:09+03:00,2024-09-24T03:04:09.058+03:00,105343,Jeddah
Sunny and a gentle breeze,1,45,113,29,18,40,2024-10-02,0,Precipitation is not expected,1004,37,98,15:00,1,Good,1,Sunny,A gentle breeze from the west,W,W,Westerly,19,12,2024-09-24T03:04:09+03:00,2024-09-24T03:04:09.058+03:00,105343,Jeddah
Sunny and a gentle breeze,1,44,111,27,17,42,2024-10-02,0,Precipitation is not expected,1004,36,96,16:00,1,Good,1,Sunny,A gentle breeze from the west north west,WNW,WNW,West North Westerly,19,12,2024-09-24T03:04:09+03:00,2024-09-24T03:04:09.058+03:00,105343,Jeddah
Sunny and a gentle breeze,1,43,110,25,16,45,2024-10-02,0,Precipitation is not expected,1005,35,95,17:00,1,Good,1,Sunny,A gentle breeze from the west north west,WNW,WNW,West North Westerly,19,12,2024-09-24T03:04:09+03:00,2024-09-24T03:04:09.058+03:00,105343,Jeddah
Sunny and a gentle breeze,1,43,109,22,14,48,2024-10-02,0,Precipitation is not expected,1005,34,93,18:00,1,Good,1,Sunny,A gentle breeze from the west north west,WNW,WNW,West North Westerly,17,10,2024-09-24T03:04:09+03:00,2024-09-24T03:04:09.058+03:00,105343,Jeddah
A clear sky and a gentle breeze,0,41,107,18,11,50,2024-10-02,0,Precipitation is not expected,1005,33,92,19:00,1,Good,0,Clear Sky,A gentle breeze from the north west,NW,NW,North Westerly,16,10,2024-09-24T03:04:09+03:00,2024-09-24T03:04:09.058+03:00,105343,Jeddah
A clear sky and a gentle breeze,0,41,106,15,9,53,2024-10-02,0,Precipitation is not expected,1006,32,90,20:00,1,Good,0,Clear Sky,A gentle breeze from the north west,NW,NW,North Westerly,14,9,2024-09-24T03:04:09+03:00,2024-09-24T03:04:09.058+03:00,105343,Jeddah
A clear sky and light winds,0,41,106,14,9,57,2024-10-02,0,Precipitation is not expected,1007,32,89,21:00,1,Good,0,Clear Sky,Light winds from the north north west,NNW,NNW,North North Westerly,11,7,2024-09-24T03:04:09+03:00,2024-09-24T03:04:09.058+03:00,105343,Jeddah
A clear sky and light winds,0,41,105,13,8,57,2024-10-02,0,Precipitation is not expected,1007,32,89,22:00,1,Good,0,Clear Sky,Light winds from the north west,NW,NW,North Westerly,11,7,2024-09-24T03:04:09+03:00,2024-09-24T03:04:09.058+03:00,105343,Jeddah
A clear sky and light winds,0,40,104,12,8,57,2024-10-02,0,Precipitation is not expected,1007,31,88,23:00,1,Good,0,Clear Sky,Light winds from the north west,NW,NW,North Westerly,9,6,2024-09-24T03:04:09+03:00,2024-09-24T03:04:09.058+03:00,105343,Jeddah
A clear sky and light winds,0,40,104,12,7,57,2024-10-03,0,Precipitation is not expected,1007,31,88,00:00,1,Good,0,Clear Sky,Light winds from the north north west,NNW,NNW,North North Westerly,9,5,2024-09-24T03:04:09+03:00,2024-09-24T03:04:09.058+03:00,105343,Jeddah
A clear sky and light winds,0,39,102,11,7,57,2024-10-03,0,Precipitation is not expected,1006,31,87,01:00,1,Good,0,Clear Sky,Light winds from the north west,NW,NW,North Westerly,7,5,2024-09-24T03:04:09+03:00,2024-09-24T03:04:09.058+03:00,105343,Jeddah
A clear sky and light winds,0,39,102,11,7,62,2024-10-03,0,Precipitation is not expected,1006,30,86,02:00,1,Good,0,Clear Sky,Light winds from the north west,NW,NW,North Westerly,8,5,2024-09-24T03:04:09+03:00,2024-09-24T03:04:09.058+03:00,105343,Jeddah
A clear sky and light winds,0,39,102,12,8,63,2024-10-03,0,Precipitation is not expected,1006,30,86,03:00,1,Good,0,Clear Sky,Light winds from the north west,NW,NW,North Westerly,8,5,2024-09-24T03:04:09+03:00,2024-09-24T03:04:09.058+03:00,105343,Jeddah
A clear sky and light winds,0,38,101,13,8,66,2024-10-03,0,Precipitation is not expected,1006,29,84,04:00,1,Good,0,Clear Sky,Light winds from the north west,NW,NW,North Westerly,8,5,2024-09-24T03:04:09+03:00,2024-09-24T03:04:09.058+03:00,105343,Jeddah
A clear sky and light winds,0,38,100,14,9,67,2024-10-03,0,Precipitation is not expected,1006,29,84,05:00,1,Good,0,Clear Sky,Light winds from the north north west,NNW,NNW,North North Westerly,8,5,2024-09-24T03:04:09+03:00,2024-09-24T03:04:09.058+03:00,105343,Jeddah
A clear sky and light winds,0,38,101,14,9,67,2024-10-03,0,Precipitation is not expected,1007,29,84,06:00,1,Good,0,Clear Sky,Light winds from the north north west,NNW,NNW,North North Westerly,7,5,2024-09-24T03:04:09+03:00,2024-09-24T03:04:09.058+03:00,105343,Jeddah
Sunny and light winds,1,39,102,14,9,66,2024-10-03,0,Precipitation is not expected,1007,30,85,07:00,1,Good,1,Sunny,Light winds from the north north west,NNW,NNW,North North Westerly,6,4,2024-09-24T03:04:09+03:00,2024-09-24T03:04:09.058+03:00,105343,Jeddah
Sunny and light winds,1,41,105,14,9,60,2024-10-03,0,Precipitation is not expected,1007,31,88,08:00,1,Good,1,Sunny,Light winds from the north north west,NNW,NNW,North North Westerly,7,4,2024-09-24T03:04:09+03:00,2024-09-24T03:04:09.058+03:00,105343,Jeddah
Sunny and light winds,1,42,108,15,10,55,2024-10-03,0,Precipitation is not expected,1008,33,91,09:00,1,Good,1,Sunny,Light winds from the north north west,NNW,NNW,North North Westerly,6,4,2024-09-24T03:04:09+03:00,2024-09-24T03:04:09.058+03:00,105343,Jeddah
Sunny and light winds,1,43,109,17,11,47,2024-10-03,0,Precipitation is not expected,1007,34,94,10:00,1,Good,1,Sunny,Light winds from the north west,NW,NW,North Westerly,11,7,2024-09-24T03:04:09+03:00,2024-09-24T03:04:09.058+03:00,105343,Jeddah
Sunny and a gentle breeze,1,44,111,19,12,42,2024-10-03,0,Precipitation is not expected,1007,36,96,11:00,1,Good,1,Sunny,A gentle breeze from the west north west,WNW,WNW,West North Westerly,13,8,2024-09-24T03:04:09+03:00,2024-09-24T03:04:09.058+03:00,105343,Jeddah
Sunny and a gentle breeze,1,45,114,20,12,42,2024-10-03,0,Precipitation is not expected,1007,37,98,12:00,1,Good,1,Sunny,A gentle breeze from the west,W,W,Westerly,15,9,2024-09-24T03:04:09+03:00,2024-09-24T03:04:09.058+03:00,105343,Jeddah
Sunny and a gentle breeze,1,45,113,21,13,41,2024-10-03,0,Precipitation is not expected,1006,36,97,13:00,1,Good,1,Sunny,A gentle breeze from the west,W,W,Westerly,19,12,2024-09-24T03:04:09+03:00,2024-09-24T03:04:09.058+03:00,105343,Jeddah
Sunny and a gentle breeze,1,45,113,23,14,42,2024-10-03,0,Precipitation is not expected,1006,37,98,14:00,1,Good,1,Sunny,A gentle breeze from the west,W,W,Westerly,19,12,2024-09-24T03:04:09+03:00,2024-09-24T03:04:09.058+03:00,105343,Jeddah
Sunny and a gentle breeze,1,45,113,21,13,41,2024-10-03,0,Precipitation is not expected,1005,37,98,15:00,1,Good,1,Sunny,A gentle breeze from the west,W,W,Westerly,19,12,2024-09-24T03:04:09+03:00,2024-09-24T03:04:09.058+03:00,105343,Jeddah
Sunny and a moderate breeze,1,44,112,20,13,44,2024-10-03,0,Precipitation is not expected,1006,36,96,16:00,1,Good,1,Sunny,A moderate breeze from the west north west,WNW,WNW,West North Westerly,20,13,2024-09-24T03:04:09+03:00,2024-09-24T03:04:09.058+03:00,105343,Jeddah
Sunny and a moderate breeze,1,43,110,18,11,46,2024-10-03,0,Precipitation is not expected,1006,35,95,17:00,1,Good,1,Sunny,A moderate breeze from the west north west,WNW,WNW,West North Westerly,20,13,2024-09-24T03:04:09+03:00,2024-09-24T03:04:09.058+03:00,105343,Jeddah
Sunny and a gentle breeze,1,43,110,17,11,50,2024-10-03,0,Precipitation is not expected,1006,34,93,18:00,1,Good,1,Sunny,A gentle breeze from the west north west,WNW,WNW,West North Westerly,18,11,2024-09-24T03:04:09+03:00,2024-09-24T03:04:09.058+03:00,105343,Jeddah
A clear sky and a gentle breeze,0,42,107,16,10,50,2024-10-03,0,Precipitation is not expected,1007,33,92,19:00,1,Good,0,Clear Sky,A gentle breeze from the north west,NW,NW,North Westerly,17,11,2024-09-24T03:04:09+03:00,2024-09-24T03:04:09.058+03:00,105343,Jeddah
A clear sky and a gentle breeze,0,41,106,15,9,52,2024-10-03,0,Precipitation is not expected,1007,33,91,20:00,1,Good,0,Clear Sky,A gentle breeze from the north west,NW,NW,North Westerly,15,10,2024-09-24T03:04:09+03:00,2024-09-24T03:04:09.058+03:00,105343,Jeddah
A clear sky and a gentle breeze,0,41,106,15,9,55,2024-10-03,0,Precipitation is not expected,1007,32,90,21:00,1,Good,0,Clear Sky,A gentle breeze from the north north west,NNW,NNW,North North Westerly,13,8,2024-09-24T03:04:09+03:00,2024-09-24T03:04:09.058+03:00,105343,Jeddah
A clear sky and a gentle breeze,0,41,105,15,9,55,2024-10-03,0,Precipitation is not expected,1007,32,90,22:00,1,Good,0,Clear Sky,A gentle breeze from the north north west,NNW,NNW,North North Westerly,12,8,2024-09-24T03:04:09+03:00,2024-09-24T03:04:09.058+03:00,105343,Jeddah
A clear sky and light winds,0,40,104,15,9,54,2024-10-03,0,Precipitation is not expected,1007,32,89,23:00,1,Good,0,Clear Sky,Light winds from the north north west,NNW,NNW,North North Westerly,11,7,2024-09-24T03:04:09+03:00,2024-09-24T03:04:09.058+03:00,105343,Jeddah
A clear sky and light winds,0,40,104,14,8,53,2024-10-04,0,Precipitation is not expected,1007,32,89,00:00,1,Good,0,Clear Sky,Light winds from the north north west,NNW,NNW,North North Westerly,10,6,2024-09-24T03:04:09+03:00,2024-09-24T03:04:09.058+03:00,105343,Jeddah
A clear sky and light winds,0,39,102,12,8,52,2024-10-04,0,Precipitation is not expected,1007,31,88,01:00,1,Good,0,Clear Sky,Light winds from the north north west,NNW,NNW,North North Westerly,9,5,2024-09-24T03:04:09+03:00,2024-09-24T03:04:09.058+03:00,105343,Jeddah
A clear sky and light winds,0,39,103,11,7,56,2024-10-04,0,Precipitation is not expected,1006,31,87,02:00,1,Good,0,Clear Sky,Light winds from the north north west,NNW,NNW,North North Westerly,9,6,2024-09-24T03:04:09+03:00,2024-09-24T03:04:09.058+03:00,105343,Jeddah
A clear sky and light winds,0,39,102,14,9,57,2024-10-04,0,Precipitation is not expected,1006,31,87,03:00,1,Good,0,Clear Sky,Light winds from the north west,NW,NW,North Westerly,8,5,2024-09-24T03:04:09+03:00,2024-09-24T03:04:09.058+03:00,105343,Jeddah
A clear sky and light winds,0,38,101,17,11,62,2024-10-04,0,Precipitation is not expected,1006,30,85,04:00,1,Good,0,Clear Sky,Light winds from the north west,NW,NW,North Westerly,9,5,2024-09-24T03:04:09+03:00,2024-09-24T03:04:09.058+03:00,105343,Jeddah
A clear sky and light winds,0,39,101,21,13,65,2024-10-04,0,Precipitation is not expected,1007,29,85,05:00,1,Good,0,Clear Sky,Light winds from the north north west,NNW,NNW,North North Westerly,9,6,2024-09-24T03:04:09+03:00,2024-09-24T03:04:09.058+03:00,105343,Jeddah
A clear sky and light winds,0,39,103,23,14,67,2024-10-04,0,Precipitation is not expected,1007,30,85,06:00,1,Good,0,Clear Sky,Light winds from the north north west,NNW,NNW,North North Westerly,10,6,2024-09-24T03:04:09+03:00,2024-09-24T03:04:09.058+03:00,105343,Jeddah
Sunny and light winds,1,40,103,27,17,63,2024-10-04,0,Precipitation is not expected,1008,30,86,07:00,1,Good,1,Sunny,Light winds from the north,N,N,Northerly,9,6,2024-09-24T03:04:09+03:00,2024-09-24T03:04:09.058+03:00,105343,Jeddah
Sunny and light winds,1,41,105,28,18,57,2024-10-04,0,Precipitation is not expected,1008,32,89,08:00,1,Good,1,Sunny,Light winds from the north,N,N,Northerly,11,7,2024-09-24T03:04:09+03:00,2024-09-24T03:04:09.058+03:00,105343,Jeddah
Sunny and light winds,1,42,108,27,17,51,2024-10-04,0,Precipitation is not expected,1008,33,92,09:00,1,Good,1,Sunny,Light winds from the north north west,NNW,NNW,North North Westerly,11,7,2024-09-24T03:04:09+03:00,2024-09-24T03:04:09.058+03:00,105343,Jeddah
Sunny and a gentle breeze,1,43,109,25,15,46,2024-10-04,0,Precipitation is not expected,1008,35,94,10:00,1,Good,1,Sunny,A gentle breeze from the north north west,NNW,NNW,North North Westerly,14,9,2024-09-24T03:04:09+03:00,2024-09-24T03:04:09.058+03:00,105343,Jeddah
Sunny and a gentle breeze,1,44,112,22,14,41,2024-10-04,0,Precipitation is not expected,1007,36,97,11:00,1,Good,1,Sunny,A gentle breeze from the west north west,WNW,WNW,West North Westerly,16,10,2024-09-24T03:04:09+03:00,2024-09-24T03:04:09.058+03:00,105343,Jeddah
Sunny and a gentle breeze,1,46,115,22,14,41,2024-10-04,0,Precipitation is not expected,1007,37,99,12:00,1,Good,1,Sunny,A gentle breeze from the west,W,W,Westerly,17,11,2024-09-24T03:04:09+03:00,2024-09-24T03:04:09.058+03:00,105343,Jeddah
Sunny and a moderate breeze,1,45,113,22,14,41,2024-10-04,0,Precipitation is not expected,1006,37,98,13:00,1,Good,1,Sunny,A moderate breeze from the west,W,W,Westerly,21,13,2024-09-24T03:04:09+03:00,2024-09-24T03:04:09.058+03:00,105343,Jeddah
Sunny and a moderate breeze,1,46,114,22,14,41,2024-10-04,0,Precipitation is not expected,1006,37,98,14:00,1,Good,1,Sunny,A moderate breeze from the west,W,W,Westerly,20,13,2024-09-24T03:04:09+03:00,2024-09-24T03:04:09.058+03:00,105343,Jeddah
Sunny and a gentle breeze,1,46,114,21,13,41,2024-10-04,0,Precipitation is not expected,1006,37,99,15:00,1,Good,1,Sunny,A gentle breeze from the west,W,W,Westerly,20,12,2024-09-24T03:04:09+03:00,2024-09-24T03:04:09.058+03:00,105343,Jeddah
Sunny and a moderate breeze,1,44,112,20,13,44,2024-10-04,0,Precipitation is not expected,1006,36,96,16:00,1,Good,1,Sunny,A moderate breeze from the west north west,WNW,WNW,West North Westerly,20,13,2024-09-24T03:04:09+03:00,2024-09-24T03:04:09.058+03:00,105343,Jeddah
Sunny and a moderate breeze,1,44,111,20,12,47,2024-10-04,0,Precipitation is not expected,1006,35,95,17:00,1,Good,1,Sunny,A moderate breeze from the west north west,WNW,WNW,West North Westerly,20,13,2024-09-24T03:04:09+03:00,2024-09-24T03:04:09.058+03:00,105343,Jeddah
Sunny and a gentle breeze,1,43,110,19,12,51,2024-10-04,0,Precipitation is not expected,1006,34,93,18:00,1,Good,1,Sunny,A gentle breeze from the west north west,WNW,WNW,West North Westerly,18,11,2024-09-24T03:04:09+03:00,2024-09-24T03:04:09.058+03:00,105343,Jeddah
A clear sky and a gentle breeze,0,42,107,17,11,51,2024-10-04,0,Precipitation is not expected,1007,33,92,19:00,1,Good,0,Clear Sky,A gentle breeze from the north west,NW,NW,North Westerly,17,11,2024-09-24T03:04:09+03:00,2024-09-24T03:04:09.058+03:00,105343,Jeddah
A clear sky and a gentle breeze,0,41,107,17,10,54,2024-10-04,0,Precipitation is not expected,1007,33,91,20:00,1,Good,0,Clear Sky,A gentle breeze from the north west,NW,NW,North Westerly,15,10,2024-09-24T03:04:09+03:00,2024-09-24T03:04:09.058+03:00,105343,Jeddah
A clear sky and a gentle breeze,0,41,107,16,10,57,2024-10-04,0,Precipitation is not expected,1008,32,90,21:00,1,Good,0,Clear Sky,A gentle breeze from the north north west,NNW,NNW,North North Westerly,13,8,2024-09-24T03:04:09+03:00,2024-09-24T03:04:09.058+03:00,105343,Jeddah
A clear sky and light winds,0,41,106,16,10,56,2024-10-04,0,Precipitation is not expected,1007,32,89,22:00,1,Good,0,Clear Sky,Light winds from the north north west,NNW,NNW,North North Westerly,12,7,2024-09-24T03:04:09+03:00,2024-09-24T03:04:09.058+03:00,105343,Jeddah
A clear sky and light winds,0,40,104,16,10,55,2024-10-04,0,Precipitation is not expected,1007,31,89,23:00,1,Good,0,Clear Sky,Light winds from the north north west,NNW,NNW,North North Westerly,11,7,2024-09-24T03:04:09+03:00,2024-09-24T03:04:09.058+03:00,105343,Jeddah
A clear sky and light winds,0,40,104,13,8,54,2024-10-05,0,Precipitation is not expected,1007,32,89,00:00,1,Good,0,Clear Sky,Light winds from the north north west,NNW,NNW,North North Westerly,9,6,2024-09-24T03:04:09+03:00,2024-09-24T03:04:09.058+03:00,105343,Jeddah
A clear sky and light winds,0,39,102,11,7,54,2024-10-05,0,Precipitation is not expected,1007,31,88,01:00,1,Good,0,Clear Sky,Light winds from the north north west,NNW,NNW,North North Westerly,8,5,2024-09-24T03:04:09+03:00,2024-09-24T03:04:09.058+03:00,105343,Jeddah
A clear sky and light winds,0,39,103,8,5,58,2024-10-05,0,Precipitation is not expected,1007,31,87,02:00,1,Good,0,Clear Sky,Light winds from the north north west,NNW,NNW,North North Westerly,9,6,2024-09-24T03:04:09+03:00,2024-09-24T03:04:09.058+03:00,105343,Jeddah
A clear sky and light winds,0,39,103,11,7,59,2024-10-05,0,Precipitation is not expected,1007,31,87,03:00,1,Good,0,Clear Sky,Light winds from the north west,NW,NW,North Westerly,8,5,2024-09-24T03:04:09+03:00,2024-09-24T03:04:09.058+03:00,105343,Jeddah
A clear sky and light winds,0,39,101,14,8,63,2024-10-05,0,Precipitation is not expected,1007,30,85,04:00,1,Good,0,Clear Sky,Light winds from the north west,NW,NW,North Westerly,9,5,2024-09-24T03:04:09+03:00,2024-09-24T03:04:09.058+03:00,105343,Jeddah
A clear sky and light winds,0,39,102,16,10,66,2024-10-05,0,Precipitation is not expected,1007,29,85,05:00,1,Good,0,Clear Sky,Light winds from the north north west,NNW,NNW,North North Westerly,8,5,2024-09-24T03:04:09+03:00,2024-09-24T03:04:09.058+03:00,105343,Jeddah
A clear sky and light winds,0,39,103,14,9,68,2024-10-05,0,Precipitation is not expected,1008,29,85,06:00,1,Good,0,Clear Sky,Light winds from the north north west,NNW,NNW,North North Westerly,8,5,2024-09-24T03:04:09+03:00,2024-09-24T03:04:09.058+03:00,105343,Jeddah
Sunny and light winds,1,40,104,12,7,67,2024-10-05,0,Precipitation is not expected,1008,30,86,07:00,1,Good,1,Sunny,Light winds from the north north west,NNW,NNW,North North Westerly,7,4,2024-09-24T03:04:09+03:00,2024-09-24T03:04:09.058+03:00,105343,Jeddah
Sunny and light winds,1,41,106,9,6,61,2024-10-05,0,Precipitation is not expected,1008,31,88,08:00,1,Good,1,Sunny,Light winds from the north north west,NNW,NNW,North North Westerly,7,4,2024-09-24T03:04:09+03:00,2024-09-24T03:04:09.058+03:00,105343,Jeddah
Sunny and light winds,1,43,109,12,7,55,2024-10-05,0,Precipitation is not expected,1009,33,91,09:00,1,Good,1,Sunny,Light winds from the north west,NW,NW,North Westerly,6,4,2024-09-24T03:04:09+03:00,2024-09-24T03:04:09.058+03:00,105343,Jeddah
Sunny and light winds,1,43,110,14,9,49,2024-10-05,0,Precipitation is not expected,1008,34,94,10:00,1,Good,1,Sunny,Light winds from the north west,NW,NW,North Westerly,10,6,2024-09-24T03:04:09+03:00,2024-09-24T03:04:09.058+03:00,105343,Jeddah
Sunny and a gentle breeze,1,45,112,17,11,45,2024-10-05,0,Precipitation is not expected,1008,36,96,11:00,1,Good,1,Sunny,A gentle breeze from the west north west,WNW,WNW,West North Westerly,13,8,2024-09-24T03:04:09+03:00,2024-09-24T03:04:09.058+03:00,105343,Jeddah
Sunny and a gentle breeze,1,46,115,19,12,44,2024-10-05,0,Precipitation is not expected,1008,37,98,12:00,1,Good,1,Sunny,A gentle breeze from the west,W,W,Westerly,15,10,2024-09-24T03:04:09+03:00,2024-09-24T03:04:09.058+03:00,105343,Jeddah
Sunny and a gentle breeze,1,45,113,20,12,44,2024-10-05,0,Precipitation is not expected,1007,36,97,13:00,1,Good,1,Sunny,A gentle breeze from the west,W,W,Westerly,19,12,2024-09-24T03:04:09+03:00,2024-09-24T03:04:09.058+03:00,105343,Jeddah
Sunny and a gentle breeze,1,45,114,19,12,44,2024-10-05,0,Precipitation is not expected,1007,36,97,14:00,1,Good,1,Sunny,A gentle breeze from the west,W,W,Westerly,20,12,2024-09-24T03:04:09+03:00,2024-09-24T03:04:09.058+03:00,105343,Jeddah
Sunny and a gentle breeze,1,45,114,19,12,43,2024-10-05,0,Precipitation is not expected,1006,36,97,15:00,1,Good,1,Sunny,A gentle breeze from the west,W,W,Westerly,19,12,2024-09-24T03:04:09+03:00,2024-09-24T03:04:09.058+03:00,105343,Jeddah
Sunny and a gentle breeze,1,45,112,19,12,46,2024-10-05,0,Precipitation is not expected,1006,35,96,16:00,1,Good,1,Sunny,A gentle breeze from the west,W,W,Westerly,19,12,2024-09-24T03:04:09+03:00,2024-09-24T03:04:09.058+03:00,105343,Jeddah
Sunny and a gentle breeze,1,43,110,16,10,47,2024-10-05,0,Precipitation is not expected,1006,35,94,17:00,1,Good,1,Sunny,A gentle breeze from the west north west,WNW,WNW,West North Westerly,19,12,2024-09-24T03:04:09+03:00,2024-09-24T03:04:09.058+03:00,105343,Jeddah
Sunny and a gentle breeze,1,43,109,16,10,50,2024-10-05,0,Precipitation is not expected,1007,34,93,18:00,1,Good,1,Sunny,A gentle breeze from the west north west,WNW,WNW,West North Westerly,16,10,2024-09-24T03:04:09+03:00,2024-09-24T03:04:09.058+03:00,105343,Jeddah
A clear sky and a gentle breeze,0,42,107,14,9,51,2024-10-05,0,Precipitation is not expected,1007,33,91,19:00,1,Good,0,Clear Sky,A gentle breeze from the north west,NW,NW,North Westerly,16,10,2024-09-24T03:04:09+03:00,2024-09-24T03:04:09.058+03:00,105343,Jeddah
A clear sky and a gentle breeze,0,41,107,13,8,54,2024-10-05,0,Precipitation is not expected,1007,32,90,20:00,1,Good,0,Clear Sky,A gentle breeze from the north west,NW,NW,North Westerly,14,9,2024-09-24T03:04:09+03:00,2024-09-24T03:04:09.058+03:00,105343,Jeddah
A clear sky and a gentle breeze,0,41,106,15,9,57,2024-10-05,0,Precipitation is not expected,1008,32,89,21:00,1,Good,0,Clear Sky,A gentle breeze from the north north west,NNW,NNW,North North Westerly,12,8,2024-09-24T03:04:09+03:00,2024-09-24T03:04:09.058+03:00,105343,Jeddah
A clear sky and light winds,0,41,106,16,10,57,2024-10-05,0,Precipitation is not expected,1008,32,89,22:00,1,Good,0,Clear Sky,Light winds from the north north west,NNW,NNW,North North Westerly,12,7,2024-09-24T03:04:09+03:00,2024-09-24T03:04:09.058+03:00,105343,Jeddah
A clear sky and light winds,0,40,104,18,11,57,2024-10-05,0,Precipitation is not expected,1007,31,88,23:00,1,Good,0,Clear Sky,Light winds from the north north west,NNW,NNW,North North Westerly,11,7,2024-09-24T03:04:09+03:00,2024-09-24T03:04:09.058+03:00,105343,Jeddah
A clear sky and light winds,0,40,104,15,9,56,2024-10-06,0,Precipitation is not expected,1007,31,89,00:00,1,Good,0,Clear Sky,Light winds from the north,N,N,Northerly,11,7,2024-09-24T03:04:09+03:00,2024-09-24T03:04:09.058+03:00,105343,Jeddah
A clear sky and light winds,0,39,102,12,7,55,2024-10-06,0,Precipitation is not expected,1007,31,88,01:00,1,Good,0,Clear Sky,Light winds from the north north west,NNW,NNW,North North Westerly,10,6,2024-09-24T03:04:09+03:00,2024-09-24T03:04:09.058+03:00,105343,Jeddah
A clear sky and light winds,0,39,103,10,6,59,2024-10-06,0,Precipitation is not expected,1007,31,87,02:00,1,Good,0,Clear Sky,Light winds from the north north west,NNW,NNW,North North Westerly,10,6,2024-09-24T03:04:09+03:00,2024-09-24T03:04:09.058+03:00,105343,Jeddah
A clear sky and light winds,0,39,102,12,8,59,2024-10-06,0,Precipitation is not expected,1007,30,87,03:00,1,Good,0,Clear Sky,Light winds from the north north west,NNW,NNW,North North Westerly,10,6,2024-09-24T03:04:09+03:00,2024-09-24T03:04:09.058+03:00,105343,Jeddah
A clear sky and light winds,0,38,101,15,10,63,2024-10-06,0,Precipitation is not expected,1007,29,85,04:00,1,Good,0,Clear Sky,Light winds from the north north west,NNW,NNW,North North Westerly,10,6,2024-09-24T03:04:09+03:00,2024-09-24T03:04:09.058+03:00,105343,Jeddah
A clear sky and light winds,0,38,100,19,12,64,2024-10-06,0,Precipitation is not expected,1007,29,85,05:00,1,Good,0,Clear Sky,Light winds from the north north west,NNW,NNW,North North Westerly,10,6,2024-09-24T03:04:09+03:00,2024-09-24T03:04:09.058+03:00,105343,Jeddah
A clear sky and light winds,0,38,101,17,11,65,2024-10-06,0,Precipitation is not expected,1008,29,85,06:00,1,Good,0,Clear Sky,Light winds from the north north west,NNW,NNW,North North Westerly,11,7,2024-09-24T03:04:09+03:00,2024-09-24T03:04:09.058+03:00,105343,Jeddah
Sunny and light winds,1,39,102,15,9,64,2024-10-06,0,Precipitation is not expected,1008,30,86,07:00,1,Good,1,Sunny,Light winds from the north north west,NNW,NNW,North North Westerly,9,6,2024-09-24T03:04:09+03:00,2024-09-24T03:04:09.058+03:00,105343,Jeddah
Sunny and light winds,1,41,105,13,8,60,2024-10-06,0,Precipitation is not expected,1009,31,88,08:00,1,Good,1,Sunny,Light winds from the north north west,NNW,NNW,North North Westerly,10,6,2024-09-24T03:04:09+03:00,2024-09-24T03:04:09.058+03:00,105343,Jeddah
Sunny and light winds,1,42,108,14,9,53,2024-10-06,0,Precipitation is not expected,1009,33,91,09:00,1,Good,1,Sunny,Light winds from the north north west,NNW,NNW,North North Westerly,10,6,2024-09-24T03:04:09+03:00,2024-09-24T03:04:09.058+03:00,105343,Jeddah
Sunny and a gentle breeze,1,43,110,15,9,48,2024-10-06,0,Precipitation is not expected,1009,34,94,10:00,1,Good,1,Sunny,A gentle breeze from the north west,NW,NW,North Westerly,12,8,2024-09-24T03:04:09+03:00,2024-09-24T03:04:09.058+03:00,105343,Jeddah
Sunny and a gentle breeze,1,44,112,17,10,44,2024-10-06,0,Precipitation is not expected,1008,36,96,11:00,1,Good,1,Sunny,A gentle breeze from the west north west,WNW,WNW,West North Westerly,15,9,2024-09-24T03:04:09+03:00,2024-09-24T03:04:09.058+03:00,105343,Jeddah
Sunny and a gentle breeze,1,45,114,19,12,44,2024-10-06,0,Precipitation is not expected,1008,36,97,12:00,1,Good,1,Sunny,A gentle breeze from the west,W,W,Westerly,16,10,2024-09-24T03:04:09+03:00,2024-09-24T03:04:09.058+03:00,105343,Jeddah
Sunny and a gentle breeze,1,45,113,19,12,43,2024-10-06,0,Precipitation is not expected,1007,36,97,13:00,1,Good,1,Sunny,A gentle breeze from the west,W,W,Westerly,19,12,2024-09-24T03:04:09+03:00,2024-09-24T03:04:09.058+03:00,105343,Jeddah
Sunny and a gentle breeze,1,45,113,19,12,43,2024-10-06,0,Precipitation is not expected,1007,36,97,14:00,1,Good,1,Sunny,A gentle breeze from the west,W,W,Westerly,19,12,2024-09-24T03:04:09+03:00,2024-09-24T03:04:09.058+03:00,105343,Jeddah
Sunny and a gentle breeze,1,45,113,19,12,42,2024-10-06,0,Precipitation is not expected,1006,37,98,15:00,1,Good,1,Sunny,A gentle breeze from the west,W,W,Westerly,19,12,2024-09-24T03:04:09+03:00,2024-09-24T03:04:09.058+03:00,105343,Jeddah
Sunny and a gentle breeze,1,45,112,18,11,45,2024-10-06,0,Precipitation is not expected,1007,36,96,16:00,1,Good,1,Sunny,A gentle breeze from the west,W,W,Westerly,19,12,2024-09-24T03:04:09+03:00,2024-09-24T03:04:09.058+03:00,105343,Jeddah
Sunny and a gentle breeze,1,43,110,15,9,47,2024-10-06,0,Precipitation is not expected,1007,35,94,17:00,1,Good,1,Sunny,A gentle breeze from the west north west,WNW,WNW,West North Westerly,18,11,2024-09-24T03:04:09+03:00,2024-09-24T03:04:09.058+03:00,105343,Jeddah
Sunny and a gentle breeze,1,43,109,15,9,51,2024-10-06,0,Precipitation is not expected,1007,34,93,18:00,1,Good,1,Sunny,A gentle breeze from the west north west,WNW,WNW,West North Westerly,15,9,2024-09-24T03:04:09+03:00,2024-09-24T03:04:09.058+03:00,105343,Jeddah
A clear sky and a gentle breeze,0,42,107,15,10,52,2024-10-06,0,Precipitation is not expected,1007,33,91,19:00,1,Good,0,Clear Sky,A gentle breeze from the north west,NW,NW,North Westerly,15,9,2024-09-24T03:04:09+03:00,2024-09-24T03:04:09.058+03:00,105343,Jeddah
A clear sky and a gentle breeze,0,41,107,18,11,53,2024-10-06,0,Precipitation is not expected,1008,33,91,20:00,1,Good,0,Clear Sky,A gentle breeze from the north west,NW,NW,North Westerly,14,9,2024-09-24T03:04:09+03:00,2024-09-24T03:04:09.058+03:00,105343,Jeddah
A clear sky and light winds,0,41,106,15,10,57,2024-10-06,0,Precipitation is not expected,1008,32,89,21:00,1,Good,0,Clear Sky,Light winds from the north north west,NNW,NNW,North North Westerly,11,7,2024-09-24T03:04:09+03:00,2024-09-24T03:04:09.058+03:00,105343,Jeddah
A clear sky and light winds,0,41,105,13,8,56,2024-10-06,0,Precipitation is not expected,1008,32,89,22:00,1,Good,0,Clear Sky,Light winds from the north north west,NNW,NNW,North North Westerly,11,7,2024-09-24T03:04:09+03:00,2024-09-24T03:04:09.058+03:00,105343,Jeddah
A clear sky and light winds,0,40,104,11,7,56,2024-10-06,0,Precipitation is not expected,1008,31,89,23:00,1,Good,0,Clear Sky,Light winds from the north north west,NNW,NNW,North North Westerly,11,7,2024-09-24T03:04:09+03:00,2024-09-24T03:04:09.058+03:00,105343,Jeddah
A clear sky and light winds,0,40,104,10,6,56,2024-10-07,0,Precipitation is not expected,1007,31,88,00:00,1,Good,0,Clear Sky,Light winds from the north north west,NNW,NNW,North North Westerly,9,6,2024-09-24T03:04:09+03:00,2024-09-24T03:04:09.058+03:00,105343,Jeddah
A clear sky and light winds,0,39,103,10,6,56,2024-10-07,0,Precipitation is not expected,1007,31,87,01:00,1,Good,0,Clear Sky,Light winds from the north north west,NNW,NNW,North North Westerly,8,5,2024-09-24T03:04:09+03:00,2024-09-24T03:04:09.058+03:00,105343,Jeddah
A clear sky and light winds,0,39,102,9,6,60,2024-10-07,0,Precipitation is not expected,1007,30,86,02:00,1,Good,0,Clear Sky,Light winds from the north north west,NNW,NNW,North North Westerly,9,6,2024-09-24T03:04:09+03:00,2024-09-24T03:04:09.058+03:00,105343,Jeddah
A clear sky and light winds,0,39,101,10,6,59,2024-10-07,0,Precipitation is not expected,1007,30,86,03:00,1,Good,0,Clear Sky,Light winds from the north west,NW,NW,North Westerly,9,5,2024-09-24T03:04:09+03:00,2024-09-24T03:04:09.058+03:00,105343,Jeddah
A clear sky and light winds,0,38,100,12,7,65,2024-10-07,0,Precipitation is not expected,1008,29,84,04:00,1,Good,0,Clear Sky,Light winds from the north west,NW,NW,North Westerly,8,5,2024-09-24T03:04:09+03:00,2024-09-24T03:04:09.058+03:00,105343,Jeddah
A clear sky and light winds,0,38,101,13,8,67,2024-10-07,0,Precipitation is not expected,1008,29,84,05:00,1,Good,0,Clear Sky,Light winds from the north west,NW,NW,North Westerly,8,5,2024-09-24T03:04:09+03:00,2024-09-24T03:04:09.058+03:00,105343,Jeddah
