enhancedWeatherDescription,extendedWeatherType,feelsLikeTemperatureC,feelsLikeTemperatureF,gustSpeedKph,gustSpeedMph,humidity,localDate,precipitationProbabilityInPercent,precipitationProbabilityText,pressure,temperatureC,temperatureF,timeslot,timeslotLength,visibility,weatherType,weatherTypeText,windDescription,windDirection,windDirectionAbbreviation,windDirectionFull,windSpeedKph,windSpeedMph,issueDate,lastUpdated,location_id,location_name
Sunny intervals and light winds,3,23,73,31,19,63,2022-07-26,3,Low chance of precipitation,1019,21,69,11:00,1,Good,3,Sunny Intervals,Light winds from the west north west,WNW,WNW,West North Westerly,10,6,2022-07-25T23:00:00+02:00,2022-07-26T10:03:22.866+02:00,2988507,Paris
Sunny intervals and light winds,3,23,74,32,20,60,2022-07-26,4,Low chance of precipitation,1019,21,70,12:00,1,Good,3,Sunny Intervals,Light winds from the west north west,WNW,WNW,West North Westerly,11,7,2022-07-25T23:00:00+02:00,2022-07-26T10:03:22.866+02:00,2988507,Paris
Sunny intervals and light winds,3,24,75,32,20,57,2022-07-26,4,Low chance of precipitation,1019,22,71,13:00,1,Good,3,Sunny Intervals,Light winds from the west north west,WNW,WNW,West North Westerly,11,7,2022-07-25T23:00:00+02:00,2022-07-26T10:03:22.866+02:00,2988507,Paris
Light cloud and light winds,7,24,76,32,20,54,2022-07-26,3,Low chance of precipitation,1019,22,72,14:00,1,Good,7,Light Cloud,Light winds from the west north west,WNW,WNW,West North Westerly,11,7,2022-07-25T23:00:00+02:00,2022-07-26T10:03:22.866+02:00,2988507,Paris
Light cloud and light winds,7,25,76,31,19,52,2022-07-26,2,Low chance of precipitation,1019,23,73,15:00,1,Good,7,Light Cloud,Light winds from the north west,NW,NW,North Westerly,11,7,2022-07-25T23:00:00+02:00,2022-07-26T10:03:22.866+02:00,2988507,Paris
Light cloud and light winds,7,25,77,30,19,49,2022-07-26,2,Low chance of precipitation,1018,23,73,16:00,1,Good,7,Light Cloud,Light winds from the north west,NW,NW,North Westerly,11,7,2022-07-25T23:00:00+02:00,2022-07-26T10:03:22.866+02:00,2988507,Paris
Sunny intervals and light winds,3,25,77,31,19,47,2022-07-26,1,Low chance of precipitation,1018,23,74,17:00,1,Good,3,Sunny Intervals,Light winds from the north west,NW,NW,North Westerly,11,7,2022-07-25T23:00:00+02:00,2022-07-26T10:03:22.866+02:00,2988507,Paris
Sunny intervals and light winds,3,25,77,31,19,47,2022-07-26,1,Low chance of precipitation,1018,23,74,18:00,1,Good,3,Sunny Intervals,Light winds from the north north west,NNW,NNW,North North Westerly,12,7,2022-07-25T23:00:00+02:00,2022-07-26T10:03:22.866+02:00,2988507,Paris
Sunny intervals and light winds,3,25,76,31,19,47,2022-07-26,1,Low chance of precipitation,1018,23,73,19:00,1,Good,3,Sunny Intervals,Light winds from the north north west,NNW,NNW,North North Westerly,12,7,2022-07-25T23:00:00+02:00,2022-07-26T10:03:22.866+02:00,2988507,Paris
Sunny intervals and light winds,3,24,75,32,20,49,2022-07-26,1,Low chance of precipitation,1018,23,73,20:00,1,Good,3,Sunny Intervals,Light winds from the north north west,NNW,NNW,North North Westerly,11,7,2022-07-25T23:00:00+02:00,2022-07-26T10:03:22.866+02:00,2988507,Paris
Light cloud and light winds,7,23,74,33,21,52,2022-07-26,1,Low chance of precipitation,1018,22,71,21:00,1,Good,7,Light Cloud,Light winds from the north north west,NNW,NNW,North North Westerly,10,6,2022-07-25T23:00:00+02:00,2022-07-26T10:03:22.866+02:00,2988507,Paris
Partly cloudy and light winds,2,22,71,35,22,57,2022-07-26,1,Low chance of precipitation,1019,20,69,22:00,1,Good,2,Partly Cloudy,Light winds from the north,N,N,Northerly,9,6,2022-07-25T23:00:00+02:00,2022-07-26T10:03:22.866+02:00,2988507,Paris
Partly cloudy and light winds,2,21,69,36,22,62,2022-07-26,1,Low chance of precipitation,1019,19,67,23:00,1,Good,2,Partly Cloudy,Light winds from the north,N,N,Northerly,10,6,2022-07-25T23:00:00+02:00,2022-07-26T10:03:22.866+02:00,2988507,Paris
Partly cloudy and light winds,2,20,68,36,22,65,2022-07-27,1,Low chance of precipitation,1020,19,65,00:00,1,Good,2,Partly Cloudy,Light winds from the north,N,N,Northerly,11,7,2022-07-25T23:00:00+02:00,2022-07-26T10:03:22.866+02:00,2988507,Paris
Partly cloudy and light winds,2,19,67,34,21,68,2022-07-27,1,Low chance of precipitation,1020,18,64,01:00,1,Good,2,Partly Cloudy,Light winds from the north,N,N,Northerly,11,7,2022-07-25T23:00:00+02:00,2022-07-26T10:03:22.866+02:00,2988507,Paris
Partly cloudy and light winds,2,19,66,32,20,71,2022-07-27,1,Low chance of precipitation,1020,17,63,02:00,1,Good,2,Partly Cloudy,Light winds from the north,N,N,Northerly,11,7,2022-07-25T23:00:00+02:00,2022-07-26T10:03:22.866+02:00,2988507,Paris
Partly cloudy and light winds,2,18,64,28,18,75,2022-07-27,1,Low chance of precipitation,1020,17,62,03:00,1,Very Good,2,Partly Cloudy,Light winds from the north,N,N,Northerly,10,6,2022-07-25T23:00:00+02:00,2022-07-26T10:03:22.866+02:00,2988507,Paris
Partly cloudy and light winds,2,17,63,25,16,79,2022-07-27,1,Low chance of precipitation,1019,16,61,04:00,1,Good,2,Partly Cloudy,Light winds from the north,N,N,Northerly,9,5,2022-07-25T23:00:00+02:00,2022-07-26T10:03:22.866+02:00,2988507,Paris
Partly cloudy and light winds,2,17,62,23,15,80,2022-07-27,2,Low chance of precipitation,1019,16,60,05:00,1,Good,2,Partly Cloudy,Light winds from the north north east,NNE,NNE,North North Easterly,8,5,2022-07-25T23:00:00+02:00,2022-07-26T10:03:22.866+02:00,2988507,Paris
Partly cloudy and light winds,2,16,61,22,14,83,2022-07-27,1,Low chance of precipitation,1019,15,59,06:00,1,Good,2,Partly Cloudy,Light winds from the north north east,NNE,NNE,North North Easterly,8,5,2022-07-25T23:00:00+02:00,2022-07-26T10:03:22.866+02:00,2988507,Paris
Sunny and light winds,1,16,61,22,14,81,2022-07-27,1,Low chance of precipitation,1020,15,59,07:00,1,Very Good,1,Sunny,Light winds from the north north east,NNE,NNE,North North Easterly,8,5,2022-07-25T23:00:00+02:00,2022-07-26T10:03:22.866+02:00,2988507,Paris
Sunny and light winds,1,18,64,23,14,74,2022-07-27,1,Low chance of precipitation,1020,17,62,08:00,1,Very Good,1,Sunny,Light winds from the north north east,NNE,NNE,North North Easterly,8,5,2022-07-25T23:00:00+02:00,2022-07-26T10:03:22.866+02:00,2988507,Paris
Sunny and light winds,1,20,68,25,15,67,2022-07-27,1,Low chance of precipitation,1020,19,65,09:00,1,Very Good,1,Sunny,Light winds from the north east,NE,NE,North Easterly,9,6,2022-07-25T23:00:00+02:00,2022-07-26T10:03:22.866+02:00,2988507,Paris
Sunny and light winds,1,22,72,27,17,61,2022-07-27,1,Low chance of precipitation,1020,20,68,10:00,1,Very Good,1,Sunny,Light winds from the north east,NE,NE,North Easterly,10,6,2022-07-25T23:00:00+02:00,2022-07-26T10:03:22.866+02:00,2988507,Paris
Sunny and light winds,1,23,74,28,18,56,2022-07-27,1,Low chance of precipitation,1020,21,71,11:00,1,Very Good,1,Sunny,Light winds from the north east,NE,NE,North Easterly,10,6,2022-07-25T23:00:00+02:00,2022-07-26T10:03:22.866+02:00,2988507,Paris
Sunny and light winds,1,24,75,29,18,51,2022-07-27,2,Low chance of precipitation,1019,22,72,12:00,1,Very Good,1,Sunny,Light winds from the east north east,ENE,ENE,East North Easterly,10,6,2022-07-25T23:00:00+02:00,2022-07-26T10:03:22.866+02:00,2988507,Paris
Sunny intervals and light winds,3,24,76,29,18,48,2022-07-27,2,Low chance of precipitation,1019,23,73,13:00,1,Very Good,3,Sunny Intervals,Light winds from the east north east,ENE,ENE,East North Easterly,10,6,2022-07-25T23:00:00+02:00,2022-07-26T10:03:22.866+02:00,2988507,Paris
Sunny intervals and light winds,3,24,76,30,18,44,2022-07-27,2,Low chance of precipitation,1019,23,74,14:00,1,Very Good,3,Sunny Intervals,Light winds from the east north east,ENE,ENE,East North Easterly,10,6,2022-07-25T23:00:00+02:00,2022-07-26T10:03:22.866+02:00,2988507,Paris
Sunny intervals and light winds,3,25,77,31,19,41,2022-07-27,2,Low chance of precipitation,1018,24,75,15:00,1,Very Good,3,Sunny Intervals,Light winds from the east north east,ENE,ENE,East North Easterly,10,6,2022-07-25T23:00:00+02:00,2022-07-26T10:03:22.866+02:00,2988507,Paris
Sunny intervals and light winds,3,26,78,32,20,39,2022-07-27,1,Low chance of precipitation,1018,25,76,16:00,1,Very Good,3,Sunny Intervals,Light winds from the east north east,ENE,ENE,East North Easterly,11,7,2022-07-25T23:00:00+02:00,2022-07-26T10:03:22.866+02:00,2988507,Paris
Sunny intervals and light winds,3,26,79,33,21,37,2022-07-27,1,Low chance of precipitation,1017,25,77,17:00,1,Very Good,3,Sunny Intervals,Light winds from the east north east,ENE,ENE,East North Easterly,11,7,2022-07-25T23:00:00+02:00,2022-07-26T10:03:22.866+02:00,2988507,Paris
Sunny and light winds,1,26,79,33,21,35,2022-07-27,1,Low chance of precipitation,1017,25,77,18:00,1,Very Good,1,Sunny,Light winds from the east north east,ENE,ENE,East North Easterly,12,7,2022-07-25T23:00:00+02:00,2022-07-26T10:03:22.866+02:00,2988507,Paris
Sunny and light winds,1,26,78,33,21,35,2022-07-27,1,Low chance of precipitation,1016,25,77,19:00,1,Very Good,1,Sunny,Light winds from the north east,NE,NE,North Easterly,12,7,2022-07-25T23:00:00+02:00,2022-07-26T10:03:22.866+02:00,2988507,Paris
Sunny and light winds,1,25,77,32,20,35,2022-07-27,1,Low chance of precipitation,1016,25,76,20:00,1,Very Good,1,Sunny,Light winds from the north east,NE,NE,North Easterly,12,7,2022-07-25T23:00:00+02:00,2022-07-26T10:03:22.866+02:00,2988507,Paris
Sunny intervals and light winds,3,24,75,32,20,38,2022-07-27,1,Low chance of precipitation,1016,23,74,21:00,1,Very Good,3,Sunny Intervals,Light winds from the north east,NE,NE,North Easterly,10,6,2022-07-25T23:00:00+02:00,2022-07-26T10:03:22.866+02:00,2988507,Paris
Partly cloudy and light winds,2,23,73,32,20,43,2022-07-27,1,Low chance of precipitation,1016,22,72,22:00,1,Very Good,2,Partly Cloudy,Light winds from the north east,NE,NE,North Easterly,10,6,2022-07-25T23:00:00+02:00,2022-07-26T10:03:22.866+02:00,2988507,Paris
Partly cloudy and light winds,2,22,71,32,20,46,2022-07-27,2,Low chance of precipitation,1017,21,70,23:00,1,Very Good,2,Partly Cloudy,Light winds from the north east,NE,NE,North Easterly,10,6,2022-07-25T23:00:00+02:00,2022-07-26T10:03:22.866+02:00,2988507,Paris
Partly cloudy and light winds,2,21,70,32,20,48,2022-07-28,3,Low chance of precipitation,1017,20,69,00:00,1,Very Good,2,Partly Cloudy,Light winds from the north east,NE,NE,North Easterly,10,6,2022-07-25T23:00:00+02:00,2022-07-26T10:03:22.866+02:00,2988507,Paris
Partly cloudy and light winds,2,21,69,32,20,50,2022-07-28,4,Low chance of precipitation,1017,20,68,01:00,1,Very Good,2,Partly Cloudy,Light winds from the north east,NE,NE,North Easterly,10,6,2022-07-25T23:00:00+02:00,2022-07-26T10:03:22.866+02:00,2988507,Paris
Partly cloudy and light winds,2,20,69,30,19,52,2022-07-28,5,Low chance of precipitation,1017,20,67,02:00,1,Very Good,2,Partly Cloudy,Light winds from the north east,NE,NE,North Easterly,10,6,2022-07-25T23:00:00+02:00,2022-07-26T10:03:22.866+02:00,2988507,Paris
Partly cloudy and light winds,2,20,67,28,17,55,2022-07-28,5,Low chance of precipitation,1017,19,66,03:00,1,Very Good,2,Partly Cloudy,Light winds from the north east,NE,NE,North Easterly,9,5,2022-07-25T23:00:00+02:00,2022-07-26T10:03:22.866+02:00,2988507,Paris
Partly cloudy and light winds,2,19,66,26,16,56,2022-07-28,7,Low chance of precipitation,1017,18,65,04:00,1,Very Good,2,Partly Cloudy,Light winds from the north east,NE,NE,North Easterly,8,5,2022-07-25T23:00:00+02:00,2022-07-26T10:03:22.866+02:00,2988507,Paris
Partly cloudy and light winds,2,18,65,24,15,58,2022-07-28,10,Low chance of precipitation,1017,18,64,05:00,1,Very Good,2,Partly Cloudy,Light winds from the east north east,ENE,ENE,East North Easterly,8,5,2022-07-25T23:00:00+02:00,2022-07-26T10:03:22.866+02:00,2988507,Paris
Partly cloudy and light winds,2,18,64,23,15,59,2022-07-28,13,Low chance of precipitation,1016,17,63,06:00,1,Very Good,2,Partly Cloudy,Light winds from the east north east,ENE,ENE,East North Easterly,8,5,2022-07-25T23:00:00+02:00,2022-07-26T10:03:22.866+02:00,2988507,Paris
Sunny intervals and light winds,3,18,64,23,14,61,2022-07-28,16,Low chance of precipitation,1016,17,63,07:00,1,Very Good,3,Sunny Intervals,Light winds from the east north east,ENE,ENE,East North Easterly,7,5,2022-07-25T23:00:00+02:00,2022-07-26T10:03:22.866+02:00,2988507,Paris
Sunny intervals and light winds,3,19,65,23,15,60,2022-07-28,18,Low chance of precipitation,1016,18,64,08:00,1,Very Good,3,Sunny Intervals,Light winds from the east north east,ENE,ENE,East North Easterly,8,5,2022-07-25T23:00:00+02:00,2022-07-26T10:03:22.866+02:00,2988507,Paris
Sunny intervals and light winds,3,20,68,24,15,56,2022-07-28,18,Low chance of precipitation,1016,19,66,09:00,1,Very Good,3,Sunny Intervals,Light winds from the east north east,ENE,ENE,East North Easterly,8,5,2022-07-25T23:00:00+02:00,2022-07-26T10:03:22.866+02:00,2988507,Paris
Sunny intervals and light winds,3,22,71,25,15,52,2022-07-28,15,Low chance of precipitation,1016,21,69,10:00,1,Very Good,3,Sunny Intervals,Light winds from the east north east,ENE,ENE,East North Easterly,8,5,2022-07-25T23:00:00+02:00,2022-07-26T10:03:22.866+02:00,2988507,Paris
Sunny intervals and light winds,3,23,74,26,16,48,2022-07-28,12,Low chance of precipitation,1016,22,72,11:00,1,Very Good,3,Sunny Intervals,Light winds from the east north east,ENE,ENE,East North Easterly,8,5,2022-07-25T23:00:00+02:00,2022-07-26T10:03:22.866+02:00,2988507,Paris
Sunny intervals and light winds,3,25,76,26,16,44,2022-07-28,11,Low chance of precipitation,1016,23,74,12:00,1,Very Good,3,Sunny Intervals,Light winds from the north east,NE,NE,North Easterly,8,5,2022-07-25T23:00:00+02:00,2022-07-26T10:03:22.866+02:00,2988507,Paris
Sunny intervals and light winds,3,25,78,26,16,42,2022-07-28,9,Low chance of precipitation,1016,24,75,13:00,1,Very Good,3,Sunny Intervals,Light winds from the north east,NE,NE,North Easterly,8,5,2022-07-25T23:00:00+02:00,2022-07-26T10:03:22.866+02:00,2988507,Paris
Sunny intervals and light winds,3,26,79,27,17,40,2022-07-28,7,Low chance of precipitation,1015,25,77,14:00,1,Very Good,3,Sunny Intervals,Light winds from the north east,NE,NE,North Easterly,8,5,2022-07-25T23:00:00+02:00,2022-07-26T10:03:22.866+02:00,2988507,Paris
Sunny intervals and light winds,3,27,80,27,17,37,2022-07-28,7,Low chance of precipitation,1015,26,78,15:00,1,Very Good,3,Sunny Intervals,Light winds from the north north east,NNE,NNE,North North Easterly,9,5,2022-07-25T23:00:00+02:00,2022-07-26T10:03:22.866+02:00,2988507,Paris
Sunny intervals and light winds,3,27,81,29,18,35,2022-07-28,8,Low chance of precipitation,1015,26,79,16:00,1,Very Good,3,Sunny Intervals,Light winds from the north north east,NNE,NNE,North North Easterly,9,5,2022-07-25T23:00:00+02:00,2022-07-26T10:03:22.866+02:00,2988507,Paris
Sunny intervals and light winds,3,28,82,29,18,34,2022-07-28,7,Low chance of precipitation,1015,27,80,17:00,1,Very Good,3,Sunny Intervals,Light winds from the north north east,NNE,NNE,North North Easterly,9,6,2022-07-25T23:00:00+02:00,2022-07-26T10:03:22.866+02:00,2988507,Paris
Sunny intervals and light winds,3,28,82,30,18,34,2022-07-28,6,Low chance of precipitation,1015,27,80,18:00,1,Very Good,3,Sunny Intervals,Light winds from the north,N,N,Northerly,9,6,2022-07-25T23:00:00+02:00,2022-07-26T10:03:22.866+02:00,2988507,Paris
Sunny and light winds,1,27,81,29,18,34,2022-07-28,7,Low chance of precipitation,1015,26,79,19:00,1,Very Good,1,Sunny,Light winds from the north,N,N,Northerly,9,6,2022-07-25T23:00:00+02:00,2022-07-26T10:03:22.866+02:00,2988507,Paris
Sunny and light winds,1,27,80,28,17,35,2022-07-28,7,Low chance of precipitation,1015,26,78,20:00,1,Very Good,1,Sunny,Light winds from the north,N,N,Northerly,10,6,2022-07-25T23:00:00+02:00,2022-07-26T10:03:22.866+02:00,2988507,Paris
Sunny and light winds,1,25,78,26,16,39,2022-07-28,5,Low chance of precipitation,1015,24,76,21:00,1,Very Good,1,Sunny,Light winds from the north,N,N,Northerly,10,6,2022-07-25T23:00:00+02:00,2022-07-26T10:03:22.866+02:00,2988507,Paris
A clear sky and light winds,0,24,76,25,15,43,2022-07-28,4,Low chance of precipitation,1015,23,74,22:00,1,Very Good,0,Clear Sky,Not available,-99,-99,Direction not available,9,6,2022-07-25T23:00:00+02:00,2022-07-26T10:03:22.866+02:00,2988507,Paris
A clear sky and light winds,0,23,74,23,15,46,2022-07-28,3,Low chance of precipitation,1015,22,72,23:00,1,Very Good,0,Clear Sky,Light winds from the north,N,N,Northerly,8,5,2022-07-25T23:00:00+02:00,2022-07-26T10:03:22.866+02:00,2988507,Paris
A clear sky and light winds,0,22,72,22,14,49,2022-07-29,4,Low chance of precipitation,1015,21,70,00:00,1,Very Good,0,Clear Sky,Light winds from the north,N,N,Northerly,8,5,2022-07-25T23:00:00+02:00,2022-07-26T10:03:22.866+02:00,2988507,Paris
A clear sky and light winds,0,21,71,20,13,53,2022-07-29,4,Low chance of precipitation,1015,20,69,01:00,1,Very Good,0,Clear Sky,Light winds from the north,N,N,Northerly,8,5,2022-07-25T23:00:00+02:00,2022-07-26T10:03:22.866+02:00,2988507,Paris
A clear sky and light winds,0,21,70,20,12,55,2022-07-29,4,Low chance of precipitation,1016,20,67,02:00,1,Very Good,0,Clear Sky,Light winds from the north,N,N,Northerly,8,5,2022-07-25T23:00:00+02:00,2022-07-26T10:03:22.866+02:00,2988507,Paris
A clear sky and light winds,0,20,68,19,12,58,2022-07-29,3,Low chance of precipitation,1016,19,66,03:00,1,Very Good,0,Clear Sky,Light winds from the north,N,N,Northerly,7,4,2022-07-25T23:00:00+02:00,2022-07-26T10:03:22.866+02:00,2988507,Paris
A clear sky and light winds,0,20,67,18,11,60,2022-07-29,2,Low chance of precipitation,1016,19,65,04:00,1,Very Good,0,Clear Sky,Light winds from the north,N,N,Northerly,7,4,2022-07-25T23:00:00+02:00,2022-07-26T10:03:22.866+02:00,2988507,Paris
A clear sky and light winds,0,19,67,18,11,62,2022-07-29,1,Low chance of precipitation,1016,18,65,05:00,1,Very Good,0,Clear Sky,Light winds from the north,N,N,Northerly,7,4,2022-07-25T23:00:00+02:00,2022-07-26T10:03:22.866+02:00,2988507,Paris
A clear sky and light winds,0,19,66,18,11,64,2022-07-29,1,Low chance of precipitation,1016,18,64,06:00,1,Very Good,0,Clear Sky,Light winds from the north,N,N,Northerly,7,4,2022-07-25T23:00:00+02:00,2022-07-26T10:03:22.866+02:00,2988507,Paris
Sunny and light winds,1,19,67,19,12,65,2022-07-29,2,Low chance of precipitation,1016,18,65,07:00,1,Good,1,Sunny,Light winds from the north,N,N,Northerly,7,4,2022-07-25T23:00:00+02:00,2022-07-26T10:03:22.866+02:00,2988507,Paris
Sunny and light winds,1,20,69,19,12,62,2022-07-29,4,Low chance of precipitation,1016,19,66,08:00,1,Good,1,Sunny,Light winds from the north,N,N,Northerly,7,4,2022-07-25T23:00:00+02:00,2022-07-26T10:03:22.866+02:00,2988507,Paris
Sunny and light winds,1,23,73,21,13,57,2022-07-29,4,Low chance of precipitation,1016,21,70,09:00,1,Good,1,Sunny,Light winds from the north,N,N,Northerly,8,5,2022-07-25T23:00:00+02:00,2022-07-26T10:03:22.866+02:00,2988507,Paris
Sunny and light winds,1,25,77,24,15,51,2022-07-29,2,Low chance of precipitation,1016,23,73,10:00,1,Good,1,Sunny,Light winds from the north,N,N,Northerly,8,5,2022-07-25T23:00:00+02:00,2022-07-26T10:03:22.866+02:00,2988507,Paris
Sunny and light winds,1,27,80,26,16,45,2022-07-29,2,Low chance of precipitation,1016,25,76,11:00,1,Good,1,Sunny,Light winds from the north,N,N,Northerly,9,5,2022-07-25T23:00:00+02:00,2022-07-26T10:03:22.866+02:00,2988507,Paris
Sunny and light winds,1,28,82,28,17,40,2022-07-29,2,Low chance of precipitation,1017,26,79,12:00,1,Good,1,Sunny,Light winds from the north,N,N,Northerly,9,6,2022-07-25T23:00:00+02:00,2022-07-26T10:03:22.866+02:00,2988507,Paris
Sunny and light winds,1,29,84,29,18,37,2022-07-29,2,Low chance of precipitation,1017,27,81,13:00,1,Very Good,1,Sunny,Light winds from the north,N,N,Northerly,9,6,2022-07-25T23:00:00+02:00,2022-07-26T10:03:22.866+02:00,2988507,Paris
Sunny and light winds,1,30,85,30,19,35,2022-07-29,1,Low chance of precipitation,1017,28,82,14:00,1,Very Good,1,Sunny,Light winds from the north north west,NNW,NNW,North North Westerly,10,6,2022-07-25T23:00:00+02:00,2022-07-26T10:03:22.866+02:00,2988507,Paris
Sunny and light winds,1,30,87,31,19,33,2022-07-29,2,Low chance of precipitation,1016,29,84,15:00,1,Very Good,1,Sunny,Light winds from the north north west,NNW,NNW,North North Westerly,10,6,2022-07-25T23:00:00+02:00,2022-07-26T10:03:22.866+02:00,2988507,Paris
Sunny and light winds,1,31,87,31,19,31,2022-07-29,2,Low chance of precipitation,1016,29,85,16:00,1,Very Good,1,Sunny,Light winds from the north,N,N,Northerly,10,6,2022-07-25T23:00:00+02:00,2022-07-26T10:03:22.866+02:00,2988507,Paris
Sunny and light winds,1,31,88,32,20,30,2022-07-29,2,Low chance of precipitation,1016,30,85,17:00,1,Very Good,1,Sunny,Light winds from the north,N,N,Northerly,10,6,2022-07-25T23:00:00+02:00,2022-07-26T10:03:22.866+02:00,2988507,Paris
Sunny and light winds,1,31,87,31,19,30,2022-07-29,1,Low chance of precipitation,1016,29,85,18:00,1,Very Good,1,Sunny,Light winds from the north,N,N,Northerly,11,7,2022-07-25T23:00:00+02:00,2022-07-26T10:03:22.866+02:00,2988507,Paris
Sunny and light winds,1,30,86,30,19,31,2022-07-29,2,Low chance of precipitation,1016,29,84,19:00,1,Very Good,1,Sunny,Light winds from the north,N,N,Northerly,11,7,2022-07-25T23:00:00+02:00,2022-07-26T10:03:22.866+02:00,2988507,Paris
Sunny and light winds,1,29,84,29,18,33,2022-07-29,2,Low chance of precipitation,1016,28,82,20:00,1,Very Good,1,Sunny,Light winds from the north,N,N,Northerly,11,7,2022-07-25T23:00:00+02:00,2022-07-26T10:03:22.866+02:00,2988507,Paris
Sunny and light winds,1,28,82,27,17,37,2022-07-29,1,Low chance of precipitation,1017,26,79,21:00,1,Very Good,1,Sunny,Light winds from the north,N,N,Northerly,10,6,2022-07-25T23:00:00+02:00,2022-07-26T10:03:22.866+02:00,2988507,Paris
A clear sky and light winds,0,26,79,26,16,41,2022-07-29,0,Precipitation is not expected,1017,25,76,22:00,1,Very Good,0,Clear Sky,Light winds from the north,N,N,Northerly,9,6,2022-07-25T23:00:00+02:00,2022-07-26T10:03:22.866+02:00,2988507,Paris
A clear sky and light winds,0,25,77,25,16,46,2022-07-29,1,Low chance of precipitation,1018,23,74,23:00,1,Very Good,0,Clear Sky,Light winds from the north,N,N,Northerly,9,6,2022-07-25T23:00:00+02:00,2022-07-26T10:03:22.866+02:00,2988507,Paris
A clear sky and light winds,0,24,75,24,15,49,2022-07-30,1,Low chance of precipitation,1018,22,72,00:00,1,Very Good,0,Clear Sky,Light winds from the north,N,N,Northerly,9,5,2022-07-25T23:00:00+02:00,2022-07-26T10:03:22.866+02:00,2988507,Paris
A clear sky and light winds,0,23,73,22,14,53,2022-07-30,2,Low chance of precipitation,1019,21,70,01:00,1,Very Good,0,Clear Sky,Light winds from the north,N,N,Northerly,8,5,2022-07-25T23:00:00+02:00,2022-07-26T10:03:22.866+02:00,2988507,Paris
A clear sky and light winds,0,22,72,22,13,56,2022-07-30,2,Low chance of precipitation,1019,21,69,02:00,1,Very Good,0,Clear Sky,Light winds from the north,N,N,Northerly,8,5,2022-07-25T23:00:00+02:00,2022-07-26T10:03:22.866+02:00,2988507,Paris
A clear sky and light winds,0,21,70,20,12,59,2022-07-30,1,Low chance of precipitation,1019,20,68,03:00,1,Very Good,0,Clear Sky,Light winds from the north,N,N,Northerly,7,5,2022-07-25T23:00:00+02:00,2022-07-26T10:03:22.866+02:00,2988507,Paris
A clear sky and light winds,0,20,69,19,12,62,2022-07-30,0,Precipitation is not expected,1020,19,66,04:00,1,Very Good,0,Clear Sky,Light winds from the north,N,N,Northerly,7,4,2022-07-25T23:00:00+02:00,2022-07-26T10:03:22.866+02:00,2988507,Paris
A clear sky and light winds,0,19,67,18,11,65,2022-07-30,0,Precipitation is not expected,1020,18,65,05:00,1,Very Good,0,Clear Sky,Light winds from the north,N,N,Northerly,7,4,2022-07-25T23:00:00+02:00,2022-07-26T10:03:22.866+02:00,2988507,Paris
A clear sky and light winds,0,19,66,18,11,68,2022-07-30,0,Precipitation is not expected,1020,18,64,06:00,1,Very Good,0,Clear Sky,Light winds from the north,N,N,Northerly,6,4,2022-07-25T23:00:00+02:00,2022-07-26T10:03:22.866+02:00,2988507,Paris
Sunny and light winds,1,19,66,19,12,69,2022-07-30,1,Low chance of precipitation,1020,18,64,07:00,1,Very Good,1,Sunny,Light winds from the north,N,N,Northerly,6,4,2022-07-25T23:00:00+02:00,2022-07-26T10:03:22.866+02:00,2988507,Paris
Sunny and light winds,1,20,68,19,12,67,2022-07-30,2,Low chance of precipitation,1020,18,65,08:00,1,Very Good,1,Sunny,Light winds from the north north west,NNW,NNW,North North Westerly,7,4,2022-07-25T23:00:00+02:00,2022-07-26T10:03:22.866+02:00,2988507,Paris
Sunny and light winds,1,21,71,21,13,62,2022-07-30,2,Low chance of precipitation,1020,20,68,09:00,1,Very Good,1,Sunny,Light winds from the north north west,NNW,NNW,North North Westerly,7,5,2022-07-25T23:00:00+02:00,2022-07-26T10:03:22.866+02:00,2988507,Paris
Sunny and light winds,1,24,75,24,15,55,2022-07-30,1,Low chance of precipitation,1020,22,71,10:00,1,Very Good,1,Sunny,Light winds from the north north west,NNW,NNW,North North Westerly,8,5,2022-07-25T23:00:00+02:00,2022-07-26T10:03:22.866+02:00,2988507,Paris
Sunny and light winds,1,26,79,27,17,48,2022-07-30,1,Low chance of precipitation,1020,24,75,11:00,1,Very Good,1,Sunny,Light winds from the north north west,NNW,NNW,North North Westerly,9,6,2022-07-25T23:00:00+02:00,2022-07-26T10:03:22.866+02:00,2988507,Paris
Sunny and light winds,1,27,81,29,18,43,2022-07-30,3,Low chance of precipitation,1020,25,77,12:00,1,Very Good,1,Sunny,Light winds from the north north west,NNW,NNW,North North Westerly,10,6,2022-07-25T23:00:00+02:00,2022-07-26T10:03:22.866+02:00,2988507,Paris
Sunny and light winds,1,29,83,31,19,40,2022-07-30,3,Low chance of precipitation,1020,27,80,13:00,1,Good,1,Sunny,Light winds from the north west,NW,NW,North Westerly,10,6,2022-07-25T23:00:00+02:00,2022-07-26T10:03:22.866+02:00,2988507,Paris
Sunny and light winds,1,29,85,32,20,37,2022-07-30,3,Low chance of precipitation,1020,27,81,14:00,1,Good,1,Sunny,Light winds from the north west,NW,NW,North Westerly,11,7,2022-07-25T23:00:00+02:00,2022-07-26T10:03:22.866+02:00,2988507,Paris
Sunny and light winds,1,30,86,32,20,35,2022-07-30,3,Low chance of precipitation,1020,28,83,15:00,1,Very Good,1,Sunny,Light winds from the north west,NW,NW,North Westerly,11,7,2022-07-25T23:00:00+02:00,2022-07-26T10:03:22.866+02:00,2988507,Paris
Sunny and light winds,1,31,87,33,21,33,2022-07-30,3,Low chance of precipitation,1020,29,84,16:00,1,Very Good,1,Sunny,Light winds from the north west,NW,NW,North Westerly,12,7,2022-07-25T23:00:00+02:00,2022-07-26T10:03:22.866+02:00,2988507,Paris
Sunny and light winds,1,31,88,34,21,33,2022-07-30,2,Low chance of precipitation,1020,29,85,17:00,1,Very Good,1,Sunny,Light winds from the north west,NW,NW,North Westerly,12,7,2022-07-25T23:00:00+02:00,2022-07-26T10:03:22.866+02:00,2988507,Paris
Sunny and a gentle breeze,1,31,88,33,21,33,2022-07-30,1,Low chance of precipitation,1020,29,84,18:00,1,Very Good,1,Sunny,A gentle breeze from the north west,NW,NW,North Westerly,12,8,2022-07-25T23:00:00+02:00,2022-07-26T10:03:22.866+02:00,2988507,Paris
Sunny intervals and a gentle breeze,3,30,87,32,20,34,2022-07-30,1,Low chance of precipitation,1019,29,83,19:00,1,Very Good,3,Sunny Intervals,A gentle breeze from the north north west,NNW,NNW,North North Westerly,12,8,2022-07-25T23:00:00+02:00,2022-07-26T10:03:22.866+02:00,2988507,Paris
Sunny intervals and a gentle breeze,3,29,85,31,19,36,2022-07-30,2,Low chance of precipitation,1019,28,82,20:00,1,Very Good,3,Sunny Intervals,A gentle breeze from the north north west,NNW,NNW,North North Westerly,12,8,2022-07-25T23:00:00+02:00,2022-07-26T10:03:22.866+02:00,2988507,Paris
Sunny and light winds,1,28,82,29,18,40,2022-07-30,1,Low chance of precipitation,1020,26,79,21:00,1,Very Good,1,Sunny,Light winds from the north north west,NNW,NNW,North North Westerly,12,7,2022-07-25T23:00:00+02:00,2022-07-26T10:03:22.866+02:00,2988507,Paris
A clear sky and light winds,0,26,79,27,17,45,2022-07-30,0,Precipitation is not expected,1020,25,76,22:00,1,Very Good,0,Clear Sky,Light winds from the north north west,NNW,NNW,North North Westerly,11,7,2022-07-25T23:00:00+02:00,2022-07-26T10:03:22.866+02:00,2988507,Paris
A clear sky and light winds,0,25,77,26,16,49,2022-07-30,0,Precipitation is not expected,1020,23,74,23:00,1,Very Good,0,Clear Sky,Light winds from the north north west,NNW,NNW,North North Westerly,10,6,2022-07-25T23:00:00+02:00,2022-07-26T10:03:22.866+02:00,2988507,Paris
A clear sky and light winds,0,24,75,25,15,53,2022-07-31,0,Precipitation is not expected,1021,22,72,00:00,1,Very Good,0,Clear Sky,Light winds from the north north west,NNW,NNW,North North Westerly,10,6,2022-07-25T23:00:00+02:00,2022-07-26T10:03:22.866+02:00,2988507,Paris
A clear sky and light winds,0,23,74,23,14,56,2022-07-31,1,Low chance of precipitation,1021,21,70,01:00,1,Very Good,0,Clear Sky,Light winds from the north north west,NNW,NNW,North North Westerly,9,6,2022-07-25T23:00:00+02:00,2022-07-26T10:03:22.866+02:00,2988507,Paris
A clear sky and light winds,0,22,72,22,14,60,2022-07-31,1,Low chance of precipitation,1021,20,69,02:00,1,Very Good,0,Clear Sky,Light winds from the north north west,NNW,NNW,North North Westerly,9,5,2022-07-25T23:00:00+02:00,2022-07-26T10:03:22.866+02:00,2988507,Paris
A clear sky and light winds,0,21,71,20,12,63,2022-07-31,1,Low chance of precipitation,1022,20,67,03:00,1,Very Good,0,Clear Sky,Light winds from the north north west,NNW,NNW,North North Westerly,8,5,2022-07-25T23:00:00+02:00,2022-07-26T10:03:22.866+02:00,2988507,Paris
A clear sky and light winds,0,21,69,18,11,67,2022-07-31,0,Precipitation is not expected,1022,19,66,04:00,1,Good,0,Clear Sky,Light winds from the north north west,NNW,NNW,North North Westerly,7,5,2022-07-25T23:00:00+02:00,2022-07-26T10:03:22.866+02:00,2988507,Paris
A clear sky and light winds,0,20,67,17,11,70,2022-07-31,0,Precipitation is not expected,1022,18,65,05:00,1,Good,0,Clear Sky,Light winds from the north west,NW,NW,North Westerly,7,4,2022-07-25T23:00:00+02:00,2022-07-26T10:03:22.866+02:00,2988507,Paris
A clear sky and light winds,0,19,67,17,10,73,2022-07-31,0,Precipitation is not expected,1022,18,64,06:00,1,Good,0,Clear Sky,Light winds from the north west,NW,NW,North Westerly,7,4,2022-07-25T23:00:00+02:00,2022-07-26T10:03:22.866+02:00,2988507,Paris
Sunny and light winds,1,19,67,17,11,74,2022-07-31,1,Low chance of precipitation,1022,18,64,07:00,1,Good,1,Sunny,Light winds from the north west,NW,NW,North Westerly,6,4,2022-07-25T23:00:00+02:00,2022-07-26T10:03:22.866+02:00,2988507,Paris
Sunny and light winds,1,20,69,18,11,71,2022-07-31,2,Low chance of precipitation,1022,19,65,08:00,1,Good,1,Sunny,Light winds from the north west,NW,NW,North Westerly,7,4,2022-07-25T23:00:00+02:00,2022-07-26T10:03:22.866+02:00,2988507,Paris
Sunny and light winds,1,23,72,20,12,65,2022-07-31,2,Low chance of precipitation,1021,20,68,09:00,1,Good,1,Sunny,Light winds from the north west,NW,NW,North Westerly,7,5,2022-07-25T23:00:00+02:00,2022-07-26T10:03:22.866+02:00,2988507,Paris
Sunny and light winds,1,25,77,23,14,57,2022-07-31,1,Low chance of precipitation,1021,22,72,10:00,1,Good,1,Sunny,Light winds from the west north west,WNW,WNW,West North Westerly,8,5,2022-07-25T23:00:00+02:00,2022-07-26T10:03:22.866+02:00,2988507,Paris
Sunny and light winds,1,27,80,26,16,50,2022-07-31,2,Low chance of precipitation,1021,24,76,11:00,1,Good,1,Sunny,Light winds from the west north west,WNW,WNW,West North Westerly,9,6,2022-07-25T23:00:00+02:00,2022-07-26T10:03:22.866+02:00,2988507,Paris
Sunny and light winds,1,29,83,29,18,45,2022-07-31,3,Low chance of precipitation,1021,26,79,12:00,1,Good,1,Sunny,Light winds from the west north west,WNW,WNW,West North Westerly,10,6,2022-07-25T23:00:00+02:00,2022-07-26T10:03:22.866+02:00,2988507,Paris
Sunny and light winds,1,30,85,30,19,41,2022-07-31,3,Low chance of precipitation,1020,27,81,13:00,1,Good,1,Sunny,Light winds from the west north west,WNW,WNW,West North Westerly,11,7,2022-07-25T23:00:00+02:00,2022-07-26T10:03:22.866+02:00,2988507,Paris
Sunny and light winds,1,31,87,31,19,37,2022-07-31,3,Low chance of precipitation,1020,28,83,14:00,1,Very Good,1,Sunny,Light winds from the west north west,WNW,WNW,West North Westerly,11,7,2022-07-25T23:00:00+02:00,2022-07-26T10:03:22.866+02:00,2988507,Paris
Sunny intervals and light winds,3,31,89,32,20,35,2022-07-31,3,Low chance of precipitation,1019,29,84,15:00,1,Very Good,3,Sunny Intervals,Light winds from the west north west,WNW,WNW,West North Westerly,11,7,2022-07-25T23:00:00+02:00,2022-07-26T10:03:22.866+02:00,2988507,Paris
Sunny intervals and light winds,3,32,90,32,20,34,2022-07-31,4,Low chance of precipitation,1019,30,85,16:00,1,Very Good,3,Sunny Intervals,Light winds from the west north west,WNW,WNW,West North Westerly,12,7,2022-07-25T23:00:00+02:00,2022-07-26T10:03:22.866+02:00,2988507,Paris
Sunny intervals and light winds,3,32,90,32,20,34,2022-07-31,3,Low chance of precipitation,1019,30,86,17:00,1,Very Good,3,Sunny Intervals,Light winds from the north west,NW,NW,North Westerly,12,7,2022-07-25T23:00:00+02:00,2022-07-26T10:03:22.866+02:00,2988507,Paris
Sunny intervals and light winds,3,32,90,32,20,35,2022-07-31,2,Low chance of precipitation,1018,30,85,18:00,1,Very Good,3,Sunny Intervals,Light winds from the north west,NW,NW,North Westerly,12,7,2022-07-25T23:00:00+02:00,2022-07-26T10:03:22.866+02:00,2988507,Paris
Sunny intervals and light winds,3,32,89,30,19,36,2022-07-31,3,Low chance of precipitation,1018,29,85,19:00,1,Very Good,3,Sunny Intervals,Light winds from the north west,NW,NW,North Westerly,11,7,2022-07-25T23:00:00+02:00,2022-07-26T10:03:22.866+02:00,2988507,Paris
Sunny intervals and light winds,3,31,87,29,18,39,2022-07-31,3,Low chance of precipitation,1018,28,83,20:00,1,Very Good,3,Sunny Intervals,Light winds from the north west,NW,NW,North Westerly,11,7,2022-07-25T23:00:00+02:00,2022-07-26T10:03:22.866+02:00,2988507,Paris
Sunny and light winds,1,29,85,28,18,43,2022-07-31,2,Low chance of precipitation,1018,27,80,21:00,1,Very Good,1,Sunny,Light winds from the north north west,NNW,NNW,North North Westerly,10,6,2022-07-25T23:00:00+02:00,2022-07-26T10:03:22.866+02:00,2988507,Paris
A clear sky and light winds,0,28,82,27,17,47,2022-07-31,1,Low chance of precipitation,1018,25,77,22:00,1,Very Good,0,Clear Sky,Light winds from the north north west,NNW,NNW,North North Westerly,10,6,2022-07-25T23:00:00+02:00,2022-07-26T10:03:22.866+02:00,2988507,Paris
A clear sky and light winds,0,27,80,27,17,52,2022-07-31,1,Low chance of precipitation,1019,24,75,23:00,1,Very Good,0,Clear Sky,Light winds from the north north west,NNW,NNW,North North Westerly,9,6,2022-07-25T23:00:00+02:00,2022-07-26T10:03:22.866+02:00,2988507,Paris
A clear sky and light winds,0,25,78,25,16,56,2022-08-01,1,Low chance of precipitation,1019,23,73,00:00,1,Very Good,0,Clear Sky,Light winds from the north north west,NNW,NNW,North North Westerly,9,6,2022-07-25T23:00:00+02:00,2022-07-26T10:03:22.866+02:00,2988507,Paris
A clear sky and light winds,0,25,76,24,15,60,2022-08-01,2,Low chance of precipitation,1019,22,72,01:00,1,Very Good,0,Clear Sky,Light winds from the north,N,N,Northerly,9,6,2022-07-25T23:00:00+02:00,2022-07-26T10:03:22.866+02:00,2988507,Paris
A clear sky and light winds,0,24,75,24,15,63,2022-08-01,2,Low chance of precipitation,1020,21,70,02:00,1,Very Good,0,Clear Sky,Light winds from the north,N,N,Northerly,9,5,2022-07-25T23:00:00+02:00,2022-07-26T10:03:22.866+02:00,2988507,Paris
A clear sky and light winds,0,23,73,23,14,67,2022-08-01,1,Low chance of precipitation,1020,20,69,03:00,1,Very Good,0,Clear Sky,Light winds from the north,N,N,Northerly,8,5,2022-07-25T23:00:00+02:00,2022-07-26T10:03:22.866+02:00,2988507,Paris
Partly cloudy and light winds,2,22,72,22,14,71,2022-08-01,2,Low chance of precipitation,1020,20,67,04:00,1,Good,2,Partly Cloudy,Light winds from the north north west,NNW,NNW,North North Westerly,8,5,2022-07-25T23:00:00+02:00,2022-07-26T10:03:22.866+02:00,2988507,Paris
Partly cloudy and light winds,2,21,70,22,14,74,2022-08-01,2,Low chance of precipitation,1020,19,66,05:00,1,Good,2,Partly Cloudy,Light winds from the north north west,NNW,NNW,North North Westerly,7,5,2022-07-25T23:00:00+02:00,2022-07-26T10:03:22.866+02:00,2988507,Paris
Partly cloudy and light winds,2,21,69,22,14,78,2022-08-01,3,Low chance of precipitation,1019,18,65,06:00,1,Good,2,Partly Cloudy,Light winds from the north north west,NNW,NNW,North North Westerly,7,5,2022-07-25T23:00:00+02:00,2022-07-26T10:03:22.866+02:00,2988507,Paris
Sunny intervals and light winds,3,21,69,23,14,79,2022-08-01,5,Low chance of precipitation,1019,18,65,07:00,1,Good,3,Sunny Intervals,Light winds from the north north west,NNW,NNW,North North Westerly,7,5,2022-07-25T23:00:00+02:00,2022-07-26T10:03:22.866+02:00,2988507,Paris
Sunny intervals and light winds,3,21,71,24,15,77,2022-08-01,7,Low chance of precipitation,1019,19,66,08:00,1,Good,3,Sunny Intervals,Light winds from the north north west,NNW,NNW,North North Westerly,8,5,2022-07-25T23:00:00+02:00,2022-07-26T10:03:22.866+02:00,2988507,Paris
Sunny intervals and light winds,3,23,74,26,16,72,2022-08-01,8,Low chance of precipitation,1019,20,69,09:00,1,Good,3,Sunny Intervals,Light winds from the north north west,NNW,NNW,North North Westerly,9,5,2022-07-25T23:00:00+02:00,2022-07-26T10:03:22.866+02:00,2988507,Paris
Sunny intervals and light winds,3,25,78,29,18,64,2022-08-01,6,Low chance of precipitation,1018,22,72,10:00,1,Good,3,Sunny Intervals,Light winds from the north north west,NNW,NNW,North North Westerly,9,6,2022-07-25T23:00:00+02:00,2022-07-26T10:03:22.866+02:00,2988507,Paris
Sunny and light winds,1,28,82,32,20,57,2022-08-01,6,Low chance of precipitation,1018,24,76,11:00,1,Very Good,1,Sunny,Light winds from the north north west,NNW,NNW,North North Westerly,10,6,2022-07-25T23:00:00+02:00,2022-07-26T10:03:22.866+02:00,2988507,Paris
Sunny intervals and light winds,3,29,85,34,21,51,2022-08-01,7,Low chance of precipitation,1018,26,78,12:00,1,Very Good,3,Sunny Intervals,Light winds from the north west,NW,NW,North Westerly,11,7,2022-07-25T23:00:00+02:00,2022-07-26T10:03:22.866+02:00,2988507,Paris
Sunny intervals and light winds,3,30,87,36,22,47,2022-08-01,7,Low chance of precipitation,1017,27,80,13:00,1,Very Good,3,Sunny Intervals,Light winds from the north west,NW,NW,North Westerly,12,7,2022-07-25T23:00:00+02:00,2022-07-26T10:03:22.866+02:00,2988507,Paris
Sunny intervals and a gentle breeze,3,31,88,37,23,44,2022-08-01,6,Low chance of precipitation,1017,28,82,14:00,1,Very Good,3,Sunny Intervals,A gentle breeze from the north west,NW,NW,North Westerly,12,8,2022-07-25T23:00:00+02:00,2022-07-26T10:03:22.866+02:00,2988507,Paris
Sunny intervals and a gentle breeze,3,32,89,37,23,42,2022-08-01,7,Low chance of precipitation,1016,29,83,15:00,1,Very Good,3,Sunny Intervals,A gentle breeze from the north west,NW,NW,North Westerly,12,8,2022-07-25T23:00:00+02:00,2022-07-26T10:03:22.866+02:00,2988507,Paris
Sunny intervals and a gentle breeze,3,32,90,37,23,40,2022-08-01,8,Low chance of precipitation,1016,29,84,16:00,1,Very Good,3,Sunny Intervals,A gentle breeze from the north west,NW,NW,North Westerly,13,8,2022-07-25T23:00:00+02:00,2022-07-26T10:03:22.866+02:00,2988507,Paris
Sunny intervals and a gentle breeze,3,33,91,37,23,40,2022-08-01,8,Low chance of precipitation,1015,29,85,17:00,1,Very Good,3,Sunny Intervals,A gentle breeze from the north west,NW,NW,North Westerly,13,8,2022-07-25T23:00:00+02:00,2022-07-26T10:03:22.866+02:00,2988507,Paris
Sunny intervals and a gentle breeze,3,33,91,36,22,40,2022-08-01,7,Low chance of precipitation,1015,29,84,18:00,1,Very Good,3,Sunny Intervals,A gentle breeze from the north west,NW,NW,North Westerly,13,8,2022-07-25T23:00:00+02:00,2022-07-26T10:03:22.866+02:00,2988507,Paris
Sunny intervals and a gentle breeze,3,32,90,34,21,42,2022-08-01,8,Low chance of precipitation,1014,29,83,19:00,1,Very Good,3,Sunny Intervals,A gentle breeze from the north north west,NNW,NNW,North North Westerly,12,8,2022-07-25T23:00:00+02:00,2022-07-26T10:03:22.866+02:00,2988507,Paris
Sunny intervals and light winds,3,31,88,32,20,44,2022-08-01,8,Low chance of precipitation,1014,28,82,20:00,1,Very Good,3,Sunny Intervals,Light winds from the north north west,NNW,NNW,North North Westerly,12,7,2022-07-25T23:00:00+02:00,2022-07-26T10:03:22.866+02:00,2988507,Paris
Sunny intervals and light winds,3,29,85,30,18,48,2022-08-01,7,Low chance of precipitation,1014,26,79,21:00,1,Very Good,3,Sunny Intervals,Light winds from the north north west,NNW,NNW,North North Westerly,11,7,2022-07-25T23:00:00+02:00,2022-07-26T10:03:22.866+02:00,2988507,Paris
Partly cloudy and light winds,2,28,82,28,17,53,2022-08-01,5,Low chance of precipitation,1014,25,77,22:00,1,Very Good,2,Partly Cloudy,Light winds from the north north west,NNW,NNW,North North Westerly,10,6,2022-07-25T23:00:00+02:00,2022-07-26T10:03:22.866+02:00,2988507,Paris
A clear sky and light winds,0,27,80,27,17,57,2022-08-01,5,Low chance of precipitation,1014,24,75,23:00,1,Very Good,0,Clear Sky,Light winds from the north,N,N,Northerly,10,6,2022-07-25T23:00:00+02:00,2022-07-26T10:03:22.866+02:00,2988507,Paris
A clear sky and light winds,0,26,78,25,15,60,2022-08-02,5,Low chance of precipitation,1015,23,73,00:00,1,Very Good,0,Clear Sky,Light winds from the north,N,N,Northerly,9,6,2022-07-25T23:00:00+02:00,2022-07-26T10:03:22.866+02:00,2988507,Paris
A clear sky and light winds,0,25,77,23,14,64,2022-08-02,6,Low chance of precipitation,1015,22,71,01:00,1,Very Good,0,Clear Sky,Light winds from the north,N,N,Northerly,9,6,2022-07-25T23:00:00+02:00,2022-07-26T10:03:22.866+02:00,2988507,Paris
Partly cloudy and light winds,2,24,75,22,14,67,2022-08-02,5,Low chance of precipitation,1015,21,70,02:00,1,Very Good,2,Partly Cloudy,Light winds from the north,N,N,Northerly,8,5,2022-07-25T23:00:00+02:00,2022-07-26T10:03:22.866+02:00,2988507,Paris
Partly cloudy and light winds,2,23,74,21,13,69,2022-08-02,4,Low chance of precipitation,1015,20,69,03:00,1,Good,2,Partly Cloudy,Light winds from the north,N,N,Northerly,8,5,2022-07-25T23:00:00+02:00,2022-07-26T10:03:22.866+02:00,2988507,Paris
Partly cloudy and light winds,2,23,72,20,13,72,2022-08-02,3,Low chance of precipitation,1015,20,68,04:00,1,Good,2,Partly Cloudy,Light winds from the north north west,NNW,NNW,North North Westerly,7,5,2022-07-25T23:00:00+02:00,2022-07-26T10:03:22.866+02:00,2988507,Paris
Partly cloudy and light winds,2,21,71,20,12,75,2022-08-02,2,Low chance of precipitation,1015,19,67,05:00,1,Good,2,Partly Cloudy,Light winds from the north north west,NNW,NNW,North North Westerly,7,5,2022-07-25T23:00:00+02:00,2022-07-26T10:03:22.866+02:00,2988507,Paris
Partly cloudy and light winds,2,21,70,20,12,77,2022-08-02,2,Low chance of precipitation,1015,19,66,06:00,1,Good,2,Partly Cloudy,Light winds from the north north west,NNW,NNW,North North Westerly,7,5,2022-07-25T23:00:00+02:00,2022-07-26T10:03:22.866+02:00,2988507,Paris
Sunny intervals and light winds,3,21,70,21,13,78,2022-08-02,3,Low chance of precipitation,1015,19,66,07:00,1,Good,3,Sunny Intervals,Light winds from the north north west,NNW,NNW,North North Westerly,7,5,2022-07-25T23:00:00+02:00,2022-07-26T10:03:22.866+02:00,2988507,Paris
Sunny intervals and light winds,3,22,72,21,13,75,2022-08-02,5,Low chance of precipitation,1014,20,67,08:00,1,Good,3,Sunny Intervals,Light winds from the north west,NW,NW,North Westerly,8,5,2022-07-25T23:00:00+02:00,2022-07-26T10:03:22.866+02:00,2988507,Paris
Sunny intervals and light winds,3,24,76,23,14,69,2022-08-02,5,Low chance of precipitation,1014,21,70,09:00,1,Good,3,Sunny Intervals,Light winds from the north west,NW,NW,North Westerly,9,5,2022-07-25T23:00:00+02:00,2022-07-26T10:03:22.866+02:00,2988507,Paris
Sunny intervals and light winds,3,27,80,26,16,61,2022-08-02,4,Low chance of precipitation,1014,23,74,10:00,1,Good,3,Sunny Intervals,Light winds from the north west,NW,NW,North Westerly,9,6,2022-07-25T23:00:00+02:00,2022-07-26T10:03:22.866+02:00,2988507,Paris
Sunny and light winds,1,29,84,29,18,54,2022-08-02,4,Low chance of precipitation,1014,25,77,11:00,1,Good,1,Sunny,Light winds from the west north west,WNW,WNW,West North Westerly,10,6,2022-07-25T23:00:00+02:00,2022-07-26T10:03:22.866+02:00,2988507,Paris
Sunny and light winds,1,30,86,31,19,49,2022-08-02,5,Low chance of precipitation,1014,27,80,12:00,1,Good,1,Sunny,Light winds from the west,W,W,Westerly,11,7,2022-07-25T23:00:00+02:00,2022-07-26T10:03:22.866+02:00,2988507,Paris
Sunny and light winds,1,31,88,32,20,45,2022-08-02,5,Low chance of precipitation,1014,28,82,13:00,1,Very Good,1,Sunny,Light winds from the west south west,WSW,WSW,West South Westerly,11,7,2022-07-25T23:00:00+02:00,2022-07-26T10:03:22.866+02:00,2988507,Paris
Sunny and light winds,1,32,90,33,20,41,2022-08-02,5,Low chance of precipitation,1014,29,84,14:00,1,Very Good,1,Sunny,Light winds from the west south west,WSW,WSW,West South Westerly,11,7,2022-07-25T23:00:00+02:00,2022-07-26T10:03:22.866+02:00,2988507,Paris
Sunny and light winds,1,33,92,34,21,39,2022-08-02,6,Low chance of precipitation,1014,30,86,15:00,1,Very Good,1,Sunny,Light winds from the west south west,WSW,WSW,West South Westerly,12,7,2022-07-25T23:00:00+02:00,2022-07-26T10:03:22.866+02:00,2988507,Paris
Sunny and light winds,1,34,93,34,21,37,2022-08-02,7,Low chance of precipitation,1014,30,87,16:00,1,Very Good,1,Sunny,Light winds from the west south west,WSW,WSW,West South Westerly,12,7,2022-07-25T23:00:00+02:00,2022-07-26T10:03:22.866+02:00,2988507,Paris
Sunny and light winds,1,34,93,34,21,36,2022-08-02,7,Low chance of precipitation,1013,31,87,17:00,1,Very Good,1,Sunny,Light winds from the west south west,WSW,WSW,West South Westerly,12,7,2022-07-25T23:00:00+02:00,2022-07-26T10:03:22.866+02:00,2988507,Paris
Sunny intervals and light winds,3,34,93,34,21,35,2022-08-02,7,Low chance of precipitation,1013,31,87,18:00,1,Very Good,3,Sunny Intervals,Light winds from the west,W,W,Westerly,12,7,2022-07-25T23:00:00+02:00,2022-07-26T10:03:22.866+02:00,2988507,Paris
Sunny intervals and light winds,3,33,92,32,20,36,2022-08-02,7,Low chance of precipitation,1013,30,87,19:00,1,Good,3,Sunny Intervals,Light winds from the west,W,W,Westerly,12,7,2022-07-25T23:00:00+02:00,2022-07-26T10:03:22.866+02:00,2988507,Paris
Sunny intervals and light winds,3,32,90,31,19,38,2022-08-02,8,Low chance of precipitation,1013,29,85,20:00,1,Good,3,Sunny Intervals,Light winds from the west north west,WNW,WNW,West North Westerly,11,7,2022-07-25T23:00:00+02:00,2022-07-26T10:03:22.866+02:00,2988507,Paris
Sunny and light winds,1,31,87,29,18,42,2022-08-02,6,Low chance of precipitation,1013,28,82,21:00,1,Good,1,Sunny,Light winds from the north west,NW,NW,North Westerly,11,7,2022-07-25T23:00:00+02:00,2022-07-26T10:03:22.866+02:00,2988507,Paris
A clear sky and light winds,0,29,84,27,17,46,2022-08-02,4,Low chance of precipitation,1013,26,79,22:00,1,Good,0,Clear Sky,Light winds from the north north west,NNW,NNW,North North Westerly,10,6,2022-07-25T23:00:00+02:00,2022-07-26T10:03:22.866+02:00,2988507,Paris
A clear sky and light winds,0,28,82,26,16,50,2022-08-02,4,Low chance of precipitation,1013,25,77,23:00,1,Very Good,0,Clear Sky,Light winds from the north,N,N,Northerly,9,6,2022-07-25T23:00:00+02:00,2022-07-26T10:03:22.866+02:00,2988507,Paris
A clear sky and light winds,0,27,80,24,15,54,2022-08-03,4,Low chance of precipitation,1013,24,75,00:00,1,Very Good,0,Clear Sky,Light winds from the north,N,N,Northerly,9,6,2022-07-25T23:00:00+02:00,2022-07-26T10:03:22.866+02:00,2988507,Paris
A clear sky and light winds,0,26,78,23,14,57,2022-08-03,4,Low chance of precipitation,1013,23,73,01:00,1,Very Good,0,Clear Sky,Light winds from the north north east,NNE,NNE,North North Easterly,9,5,2022-07-25T23:00:00+02:00,2022-07-26T10:03:22.866+02:00,2988507,Paris
A clear sky and light winds,0,25,77,23,14,61,2022-08-03,4,Low chance of precipitation,1013,22,72,02:00,1,Very Good,0,Clear Sky,Light winds from the north north east,NNE,NNE,North North Easterly,8,5,2022-07-25T23:00:00+02:00,2022-07-26T10:03:22.866+02:00,2988507,Paris
A clear sky and light winds,0,24,75,22,14,64,2022-08-03,2,Low chance of precipitation,1013,21,70,03:00,1,Very Good,0,Clear Sky,Light winds from the north,N,N,Northerly,8,5,2022-07-25T23:00:00+02:00,2022-07-26T10:03:22.866+02:00,2988507,Paris
A clear sky and light winds,0,23,74,22,14,67,2022-08-03,2,Low chance of precipitation,1013,21,69,04:00,1,Good,0,Clear Sky,Light winds from the north north west,NNW,NNW,North North Westerly,8,5,2022-07-25T23:00:00+02:00,2022-07-26T10:03:22.866+02:00,2988507,Paris
A clear sky and light winds,0,22,72,22,14,70,2022-08-03,1,Low chance of precipitation,1013,20,68,05:00,1,Good,0,Clear Sky,Light winds from the west north west,WNW,WNW,West North Westerly,8,5,2022-07-25T23:00:00+02:00,2022-07-26T10:03:22.866+02:00,2988507,Paris
A clear sky and light winds,0,22,71,23,14,73,2022-08-03,1,Low chance of precipitation,1013,19,67,06:00,1,Good,0,Clear Sky,Light winds from the west south west,WSW,WSW,West South Westerly,8,5,2022-07-26T10:03:22+02:00,2022-07-26T10:03:22.866+02:00,2988507,Paris
Sunny and light winds,1,21,71,24,15,74,2022-08-03,2,Low chance of precipitation,1013,19,66,07:00,1,Good,1,Sunny,Light winds from the west south west,WSW,WSW,West South Westerly,8,5,2022-07-26T10:03:22+02:00,2022-07-26T10:03:22.866+02:00,2988507,Paris
Sunny and light winds,1,23,73,25,16,72,2022-08-03,4,Low chance of precipitation,1012,20,68,08:00,1,Good,1,Sunny,Light winds from the west south west,WSW,WSW,West South Westerly,9,5,2022-07-26T10:03:22+02:00,2022-07-26T10:03:22.866+02:00,2988507,Paris
Sunny and light winds,1,25,76,27,17,65,2022-08-03,4,Low chance of precipitation,1012,22,71,09:00,1,Good,1,Sunny,Light winds from the west south west,WSW,WSW,West South Westerly,9,6,2022-07-26T10:03:22+02:00,2022-07-26T10:03:22.866+02:00,2988507,Paris
Sunny and light winds,1,27,80,30,19,58,2022-08-03,3,Low chance of precipitation,1012,24,75,10:00,1,Good,1,Sunny,Light winds from the west south west,WSW,WSW,West South Westerly,10,6,2022-07-26T10:03:22+02:00,2022-07-26T10:03:22.866+02:00,2988507,Paris
Sunny and light winds,1,29,84,32,20,50,2022-08-03,3,Low chance of precipitation,1011,26,78,11:00,1,Very Good,1,Sunny,Light winds from the west south west,WSW,WSW,West South Westerly,11,7,2022-07-26T10:03:22+02:00,2022-07-26T10:03:22.866+02:00,2988507,Paris
Sunny and light winds,1,31,87,34,21,45,2022-08-03,4,Low chance of precipitation,1011,27,81,12:00,1,Very Good,1,Sunny,Light winds from the west south west,WSW,WSW,West South Westerly,12,7,2022-07-26T10:03:22+02:00,2022-07-26T10:03:22.866+02:00,2988507,Paris
Sunny and a gentle breeze,1,32,89,36,22,41,2022-08-03,5,Low chance of precipitation,1011,29,83,13:00,1,Very Good,1,Sunny,A gentle breeze from the west south west,WSW,WSW,West South Westerly,12,8,2022-07-26T10:03:22+02:00,2022-07-26T10:03:22.866+02:00,2988507,Paris
Sunny and a gentle breeze,1,33,91,37,23,38,2022-08-03,5,Low chance of precipitation,1010,30,85,14:00,1,Very Good,1,Sunny,A gentle breeze from the west south west,WSW,WSW,West South Westerly,12,8,2022-07-26T10:03:22+02:00,2022-07-26T10:03:22.866+02:00,2988507,Paris
Sunny and a gentle breeze,1,33,92,38,24,36,2022-08-03,6,Low chance of precipitation,1010,30,87,15:00,1,Very Good,1,Sunny,A gentle breeze from the west south west,WSW,WSW,West South Westerly,13,8,2022-07-26T10:03:22+02:00,2022-07-26T10:03:22.866+02:00,2988507,Paris
Sunny and a gentle breeze,1,34,93,39,24,35,2022-08-03,7,Low chance of precipitation,1009,31,87,16:00,1,Very Good,1,Sunny,A gentle breeze from the west south west,WSW,WSW,West South Westerly,13,8,2022-07-26T10:03:22+02:00,2022-07-26T10:03:22.866+02:00,2988507,Paris
Sunny and a gentle breeze,1,34,93,39,25,34,2022-08-03,7,Low chance of precipitation,1009,31,88,17:00,1,Very Good,1,Sunny,A gentle breeze from the west,W,W,Westerly,14,9,2022-07-26T10:03:22+02:00,2022-07-26T10:03:22.866+02:00,2988507,Paris
Sunny intervals and a gentle breeze,3,33,92,39,24,35,2022-08-03,7,Low chance of precipitation,1009,31,87,18:00,1,Very Good,3,Sunny Intervals,A gentle breeze from the west,W,W,Westerly,14,9,2022-07-26T10:03:22+02:00,2022-07-26T10:03:22.866+02:00,2988507,Paris
Sunny intervals and a gentle breeze,3,33,91,38,23,36,2022-08-03,8,Low chance of precipitation,1008,30,86,19:00,1,Very Good,3,Sunny Intervals,A gentle breeze from the west,W,W,Westerly,14,9,2022-07-26T10:03:22+02:00,2022-07-26T10:03:22.866+02:00,2988507,Paris
Sunny intervals and a gentle breeze,3,31,88,36,22,39,2022-08-03,8,Low chance of precipitation,1008,28,83,20:00,1,Very Good,3,Sunny Intervals,A gentle breeze from the west north west,WNW,WNW,West North Westerly,14,9,2022-07-26T10:03:22+02:00,2022-07-26T10:03:22.866+02:00,2988507,Paris
Sunny intervals and a gentle breeze,3,29,85,33,20,43,2022-08-03,6,Low chance of precipitation,1008,27,80,21:00,1,Very Good,3,Sunny Intervals,A gentle breeze from the west north west,WNW,WNW,West North Westerly,13,8,2022-07-26T10:03:22+02:00,2022-07-26T10:03:22.866+02:00,2988507,Paris
A clear sky and light winds,0,28,82,30,19,47,2022-08-03,4,Low chance of precipitation,1008,25,77,22:00,1,Very Good,0,Clear Sky,Light winds from the north west,NW,NW,North Westerly,12,7,2022-07-26T10:03:22+02:00,2022-07-26T10:03:22.866+02:00,2988507,Paris
A clear sky and light winds,0,27,80,28,17,52,2022-08-03,4,Low chance of precipitation,1008,24,75,23:00,1,Very Good,0,Clear Sky,Light winds from the north west,NW,NW,North Westerly,11,7,2022-07-26T10:03:22+02:00,2022-07-26T10:03:22.866+02:00,2988507,Paris
A clear sky and light winds,0,25,78,25,16,56,2022-08-04,4,Low chance of precipitation,1008,23,73,00:00,1,Very Good,0,Clear Sky,Light winds from the north west,NW,NW,North Westerly,10,6,2022-07-26T10:03:22+02:00,2022-07-26T10:03:22.866+02:00,2988507,Paris
A clear sky and light winds,0,24,76,24,15,60,2022-08-04,4,Low chance of precipitation,1008,22,71,01:00,1,Very Good,0,Clear Sky,Light winds from the north west,NW,NW,North Westerly,10,6,2022-07-26T10:03:22+02:00,2022-07-26T10:03:22.866+02:00,2988507,Paris
A clear sky and light winds,0,23,74,23,15,63,2022-08-04,4,Low chance of precipitation,1008,21,70,02:00,1,Very Good,0,Clear Sky,Light winds from the north west,NW,NW,North Westerly,9,6,2022-07-26T10:03:22+02:00,2022-07-26T10:03:22.866+02:00,2988507,Paris
A clear sky and light winds,0,23,73,23,14,66,2022-08-04,3,Low chance of precipitation,1009,20,68,03:00,1,Very Good,0,Clear Sky,Light winds from the north west,NW,NW,North Westerly,8,5,2022-07-26T10:03:22+02:00,2022-07-26T10:03:22.866+02:00,2988507,Paris
A clear sky and light winds,0,22,71,23,14,69,2022-08-04,2,Low chance of precipitation,1009,19,67,04:00,1,Good,0,Clear Sky,Light winds from the north west,NW,NW,North Westerly,8,5,2022-07-26T10:03:22+02:00,2022-07-26T10:03:22.866+02:00,2988507,Paris
A clear sky and light winds,0,21,70,23,14,72,2022-08-04,2,Low chance of precipitation,1009,19,66,05:00,1,Good,0,Clear Sky,Light winds from the north west,NW,NW,North Westerly,8,5,2022-07-26T10:03:22+02:00,2022-07-26T10:03:22.866+02:00,2988507,Paris
A clear sky and light winds,0,20,69,23,14,75,2022-08-04,2,Low chance of precipitation,1009,18,65,06:00,1,Good,0,Clear Sky,Light winds from the north west,NW,NW,North Westerly,8,5,2022-07-26T10:03:22+02:00,2022-07-26T10:03:22.866+02:00,2988507,Paris
Sunny intervals and light winds,3,20,68,24,15,76,2022-08-04,4,Low chance of precipitation,1009,18,65,07:00,1,Good,3,Sunny Intervals,Light winds from the north west,NW,NW,North Westerly,8,5,2022-07-26T10:03:22+02:00,2022-07-26T10:03:22.866+02:00,2988507,Paris
Sunny intervals and light winds,3,21,70,25,15,74,2022-08-04,6,Low chance of precipitation,1010,19,66,08:00,1,Good,3,Sunny Intervals,Light winds from the north west,NW,NW,North Westerly,9,5,2022-07-26T10:03:22+02:00,2022-07-26T10:03:22.866+02:00,2988507,Paris
Sunny intervals and light winds,3,22,72,27,17,70,2022-08-04,6,Low chance of precipitation,1010,20,68,09:00,1,Good,3,Sunny Intervals,Light winds from the north west,NW,NW,North Westerly,9,6,2022-07-26T10:03:22+02:00,2022-07-26T10:03:22.866+02:00,2988507,Paris
Sunny intervals and light winds,3,24,75,29,18,63,2022-08-04,5,Low chance of precipitation,1010,21,71,10:00,1,Good,3,Sunny Intervals,Light winds from the north west,NW,NW,North Westerly,10,6,2022-07-26T10:03:22+02:00,2022-07-26T10:03:22.866+02:00,2988507,Paris
Sunny and light winds,1,26,78,31,19,57,2022-08-04,5,Low chance of precipitation,1010,23,73,11:00,1,Good,1,Sunny,Light winds from the west north west,WNW,WNW,West North Westerly,11,7,2022-07-26T10:03:22+02:00,2022-07-26T10:03:22.866+02:00,2988507,Paris
Sunny intervals and light winds,3,27,80,32,20,52,2022-08-04,6,Low chance of precipitation,1011,24,75,12:00,1,Good,3,Sunny Intervals,Light winds from the west north west,WNW,WNW,West North Westerly,11,7,2022-07-26T10:03:22+02:00,2022-07-26T10:03:22.866+02:00,2988507,Paris
Sunny intervals and light winds,3,28,82,33,21,48,2022-08-04,6,Low chance of precipitation,1011,25,77,13:00,1,Good,3,Sunny Intervals,Light winds from the west north west,WNW,WNW,West North Westerly,12,7,2022-07-26T10:03:22+02:00,2022-07-26T10:03:22.866+02:00,2988507,Paris
Sunny intervals and light winds,3,28,83,34,21,44,2022-08-04,6,Low chance of precipitation,1011,26,79,14:00,1,Very Good,3,Sunny Intervals,Light winds from the west north west,WNW,WNW,West North Westerly,12,7,2022-07-26T10:03:22+02:00,2022-07-26T10:03:22.866+02:00,2988507,Paris
Sunny intervals and a gentle breeze,3,29,84,35,22,42,2022-08-04,6,Low chance of precipitation,1012,27,80,15:00,1,Very Good,3,Sunny Intervals,A gentle breeze from the west north west,WNW,WNW,West North Westerly,12,8,2022-07-26T10:03:22+02:00,2022-07-26T10:03:22.866+02:00,2988507,Paris
Sunny intervals and a gentle breeze,3,29,85,36,22,40,2022-08-04,7,Low chance of precipitation,1012,27,81,16:00,1,Very Good,3,Sunny Intervals,A gentle breeze from the west north west,WNW,WNW,West North Westerly,12,8,2022-07-26T10:03:22+02:00,2022-07-26T10:03:22.866+02:00,2988507,Paris
Sunny intervals and a gentle breeze,3,29,85,37,23,40,2022-08-04,7,Low chance of precipitation,1012,27,81,17:00,1,Very Good,3,Sunny Intervals,A gentle breeze from the west north west,WNW,WNW,West North Westerly,13,8,2022-07-26T10:03:22+02:00,2022-07-26T10:03:22.866+02:00,2988507,Paris
Sunny intervals and a gentle breeze,3,29,85,37,23,40,2022-08-04,6,Low chance of precipitation,1012,27,81,18:00,1,Very Good,3,Sunny Intervals,A gentle breeze from the west north west,WNW,WNW,West North Westerly,13,8,2022-07-26T10:03:22+02:00,2022-07-26T10:03:22.866+02:00,2988507,Paris
Sunny intervals and a gentle breeze,3,29,84,36,22,40,2022-08-04,7,Low chance of precipitation,1013,27,80,19:00,1,Very Good,3,Sunny Intervals,A gentle breeze from the north west,NW,NW,North Westerly,13,8,2022-07-26T10:03:22+02:00,2022-07-26T10:03:22.866+02:00,2988507,Paris
Sunny intervals and a gentle breeze,3,28,82,34,21,42,2022-08-04,7,Low chance of precipitation,1013,26,78,20:00,1,Very Good,3,Sunny Intervals,A gentle breeze from the north west,NW,NW,North Westerly,13,8,2022-07-26T10:03:22+02:00,2022-07-26T10:03:22.866+02:00,2988507,Paris
Sunny and a gentle breeze,1,27,80,32,20,45,2022-08-04,5,Low chance of precipitation,1014,25,76,21:00,1,Very Good,1,Sunny,A gentle breeze from the north north west,NNW,NNW,North North Westerly,12,8,2022-07-26T10:03:22+02:00,2022-07-26T10:03:22.866+02:00,2988507,Paris
A clear sky and light winds,0,25,77,31,19,49,2022-08-04,3,Low chance of precipitation,1014,23,74,22:00,1,Very Good,0,Clear Sky,Light winds from the north north west,NNW,NNW,North North Westerly,11,7,2022-07-26T10:03:22+02:00,2022-07-26T10:03:22.866+02:00,2988507,Paris
A clear sky and light winds,0,24,75,29,18,53,2022-08-04,3,Low chance of precipitation,1015,22,72,23:00,1,Very Good,0,Clear Sky,Light winds from the north north west,NNW,NNW,North North Westerly,11,7,2022-07-26T10:03:22+02:00,2022-07-26T10:03:22.866+02:00,2988507,Paris
A clear sky and light winds,0,23,73,27,17,56,2022-08-05,3,Low chance of precipitation,1016,21,70,00:00,1,Very Good,0,Clear Sky,Light winds from the north,N,N,Northerly,11,7,2022-07-26T10:03:22+02:00,2022-07-26T10:03:22.866+02:00,2988507,Paris
A clear sky and light winds,0,22,72,26,16,59,2022-08-05,3,Low chance of precipitation,1016,20,69,01:00,1,Very Good,0,Clear Sky,Light winds from the north,N,N,Northerly,10,6,2022-07-26T10:03:22+02:00,2022-07-26T10:03:22.866+02:00,2988507,Paris
A clear sky and light winds,0,21,70,26,16,61,2022-08-05,3,Low chance of precipitation,1017,20,67,02:00,1,Very Good,0,Clear Sky,Light winds from the north,N,N,Northerly,10,6,2022-07-26T10:03:22+02:00,2022-07-26T10:03:22.866+02:00,2988507,Paris
A clear sky and light winds,0,21,69,25,15,64,2022-08-05,2,Low chance of precipitation,1017,19,66,03:00,1,Very Good,0,Clear Sky,Light winds from the north,N,N,Northerly,9,6,2022-07-26T10:03:22+02:00,2022-07-26T10:03:22.866+02:00,2988507,Paris
A clear sky and light winds,0,20,68,24,15,67,2022-08-05,2,Low chance of precipitation,1018,18,65,04:00,1,Very Good,0,Clear Sky,Light winds from the north north west,NNW,NNW,North North Westerly,9,5,2022-07-26T10:03:22+02:00,2022-07-26T10:03:22.866+02:00,2988507,Paris
A clear sky and light winds,0,19,66,24,15,70,2022-08-05,3,Low chance of precipitation,1018,18,64,05:00,1,Good,0,Clear Sky,Light winds from the north north west,NNW,NNW,North North Westerly,9,5,2022-07-26T10:03:22+02:00,2022-07-26T10:03:22.866+02:00,2988507,Paris
A clear sky and light winds,0,19,65,24,15,72,2022-08-05,4,Low chance of precipitation,1018,17,63,06:00,1,Good,0,Clear Sky,Light winds from the north north west,NNW,NNW,North North Westerly,8,5,2022-07-26T10:03:22+02:00,2022-07-26T10:03:22.866+02:00,2988507,Paris
Sunny and light winds,1,19,65,25,16,73,2022-08-05,6,Low chance of precipitation,1018,17,63,07:00,1,Good,1,Sunny,Light winds from the north north west,NNW,NNW,North North Westerly,8,5,2022-07-26T10:03:22+02:00,2022-07-26T10:03:22.866+02:00,2988507,Paris
Sunny intervals and light winds,3,19,67,26,16,72,2022-08-05,8,Low chance of precipitation,1018,18,64,08:00,1,Good,3,Sunny Intervals,Light winds from the north north west,NNW,NNW,North North Westerly,9,6,2022-07-26T10:03:22+02:00,2022-07-26T10:03:22.866+02:00,2988507,Paris
Sunny and light winds,1,21,70,27,17,67,2022-08-05,8,Low chance of precipitation,1018,19,66,09:00,1,Good,1,Sunny,Light winds from the north north west,NNW,NNW,North North Westerly,9,6,2022-07-26T10:03:22+02:00,2022-07-26T10:03:22.866+02:00,2988507,Paris
Sunny and light winds,1,23,73,29,18,60,2022-08-05,6,Low chance of precipitation,1017,21,69,10:00,1,Good,1,Sunny,Light winds from the north north west,NNW,NNW,North North Westerly,10,6,2022-07-26T10:03:22+02:00,2022-07-26T10:03:22.866+02:00,2988507,Paris
Sunny and light winds,1,25,76,31,19,54,2022-08-05,6,Low chance of precipitation,1017,23,73,11:00,1,Good,1,Sunny,Light winds from the north north west,NNW,NNW,North North Westerly,11,7,2022-07-26T10:03:22+02:00,2022-07-26T10:03:22.866+02:00,2988507,Paris
Sunny and light winds,1,26,79,33,20,49,2022-08-05,6,Low chance of precipitation,1017,24,75,12:00,1,Good,1,Sunny,Light winds from the north north west,NNW,NNW,North North Westerly,11,7,2022-07-26T10:03:22+02:00,2022-07-26T10:03:22.866+02:00,2988507,Paris
Sunny and light winds,1,27,81,34,21,45,2022-08-05,6,Low chance of precipitation,1017,25,77,13:00,1,Good,1,Sunny,Light winds from the north north west,NNW,NNW,North North Westerly,12,7,2022-07-26T10:03:22+02:00,2022-07-26T10:03:22.866+02:00,2988507,Paris
Sunny and a gentle breeze,1,28,82,35,22,42,2022-08-05,6,Low chance of precipitation,1016,26,78,14:00,1,Very Good,1,Sunny,A gentle breeze from the north north west,NNW,NNW,North North Westerly,12,8,2022-07-26T10:03:22+02:00,2022-07-26T10:03:22.866+02:00,2988507,Paris
Sunny intervals and a gentle breeze,3,28,83,36,22,40,2022-08-05,6,Low chance of precipitation,1016,26,79,15:00,1,Very Good,3,Sunny Intervals,A gentle breeze from the north north west,NNW,NNW,North North Westerly,12,8,2022-07-26T10:03:22+02:00,2022-07-26T10:03:22.866+02:00,2988507,Paris
Sunny intervals and a gentle breeze,3,29,84,37,23,39,2022-08-05,7,Low chance of precipitation,1015,27,80,16:00,1,Very Good,3,Sunny Intervals,A gentle breeze from the north north west,NNW,NNW,North North Westerly,13,8,2022-07-26T10:03:22+02:00,2022-07-26T10:03:22.866+02:00,2988507,Paris
Sunny intervals and a gentle breeze,3,29,84,38,24,38,2022-08-05,7,Low chance of precipitation,1015,27,80,17:00,1,Very Good,3,Sunny Intervals,A gentle breeze from the north north west,NNW,NNW,North North Westerly,13,8,2022-07-26T10:03:22+02:00,2022-07-26T10:03:22.866+02:00,2988507,Paris
Sunny intervals and a gentle breeze,3,29,83,38,24,39,2022-08-05,7,Low chance of precipitation,1015,27,80,18:00,1,Very Good,3,Sunny Intervals,A gentle breeze from the north north west,NNW,NNW,North North Westerly,13,8,2022-07-26T10:03:22+02:00,2022-07-26T10:03:22.866+02:00,2988507,Paris
Sunny intervals and a gentle breeze,3,28,83,37,23,40,2022-08-05,8,Low chance of precipitation,1014,26,79,19:00,1,Very Good,3,Sunny Intervals,A gentle breeze from the north north west,NNW,NNW,North North Westerly,13,8,2022-07-26T10:03:22+02:00,2022-07-26T10:03:22.866+02:00,2988507,Paris
Sunny intervals and a gentle breeze,3,27,81,35,22,42,2022-08-05,8,Low chance of precipitation,1014,25,77,20:00,1,Very Good,3,Sunny Intervals,A gentle breeze from the north north west,NNW,NNW,North North Westerly,13,8,2022-07-26T10:03:22+02:00,2022-07-26T10:03:22.866+02:00,2988507,Paris
Sunny and a gentle breeze,1,26,78,33,21,45,2022-08-05,6,Low chance of precipitation,1014,24,75,21:00,1,Very Good,1,Sunny,A gentle breeze from the north,N,N,Northerly,12,8,2022-07-26T10:03:22+02:00,2022-07-26T10:03:22.866+02:00,2988507,Paris
A clear sky and light winds,0,24,76,31,19,49,2022-08-05,4,Low chance of precipitation,1014,23,73,22:00,1,Very Good,0,Clear Sky,Light winds from the north,N,N,Northerly,12,7,2022-07-26T10:03:22+02:00,2022-07-26T10:03:22.866+02:00,2988507,Paris
A clear sky and light winds,0,23,74,29,18,53,2022-08-05,3,Low chance of precipitation,1014,21,71,23:00,1,Very Good,0,Clear Sky,Light winds from the north,N,N,Northerly,11,7,2022-07-26T10:03:22+02:00,2022-07-26T10:03:22.866+02:00,2988507,Paris
A clear sky and light winds,0,22,72,27,17,56,2022-08-06,3,Low chance of precipitation,1013,21,69,00:00,1,Very Good,0,Clear Sky,Light winds from the north,N,N,Northerly,11,7,2022-07-26T10:03:22+02:00,2022-07-26T10:03:22.866+02:00,2988507,Paris
A clear sky and light winds,0,21,70,26,16,58,2022-08-06,3,Low chance of precipitation,1013,20,68,01:00,1,Very Good,0,Clear Sky,Light winds from the north,N,N,Northerly,10,6,2022-07-26T10:03:22+02:00,2022-07-26T10:03:22.866+02:00,2988507,Paris
A clear sky and light winds,0,21,69,25,16,61,2022-08-06,3,Low chance of precipitation,1013,19,67,02:00,1,Very Good,0,Clear Sky,Light winds from the north,N,N,Northerly,9,6,2022-07-26T10:03:22+02:00,2022-07-26T10:03:22.866+02:00,2988507,Paris
A clear sky and light winds,0,20,68,24,15,64,2022-08-06,2,Low chance of precipitation,1013,19,65,03:00,1,Very Good,0,Clear Sky,Light winds from the north,N,N,Northerly,9,6,2022-07-26T10:03:22+02:00,2022-07-26T10:03:22.866+02:00,2988507,Paris
A clear sky and light winds,0,19,66,24,15,66,2022-08-06,2,Low chance of precipitation,1013,18,64,04:00,1,Very Good,0,Clear Sky,Light winds from the north,N,N,Northerly,9,5,2022-07-26T10:03:22+02:00,2022-07-26T10:03:22.866+02:00,2988507,Paris
A clear sky and light winds,0,19,65,24,15,69,2022-08-06,2,Low chance of precipitation,1012,17,63,05:00,1,Good,0,Clear Sky,Light winds from the north,N,N,Northerly,8,5,2022-07-26T10:03:22+02:00,2022-07-26T10:03:22.866+02:00,2988507,Paris
A clear sky and light winds,0,18,64,24,15,72,2022-08-06,2,Low chance of precipitation,1012,17,62,06:00,1,Good,0,Clear Sky,Light winds from the north,N,N,Northerly,8,5,2022-07-26T10:03:22+02:00,2022-07-26T10:03:22.866+02:00,2988507,Paris
Sunny and light winds,1,18,65,25,15,73,2022-08-06,4,Low chance of precipitation,1011,17,62,07:00,1,Good,1,Sunny,Light winds from the north,N,N,Northerly,8,5,2022-07-26T10:03:22+02:00,2022-07-26T10:03:22.866+02:00,2988507,Paris
Sunny and light winds,1,19,66,25,16,71,2022-08-06,6,Low chance of precipitation,1011,18,64,08:00,1,Good,1,Sunny,Light winds from the north,N,N,Northerly,9,5,2022-07-26T10:03:22+02:00,2022-07-26T10:03:22.866+02:00,2988507,Paris
Sunny and light winds,1,21,69,28,17,66,2022-08-06,6,Low chance of precipitation,1010,19,66,09:00,1,Good,1,Sunny,Light winds from the north,N,N,Northerly,9,6,2022-07-26T10:03:22+02:00,2022-07-26T10:03:22.866+02:00,2988507,Paris
Sunny and light winds,1,23,73,30,19,60,2022-08-06,5,Low chance of precipitation,1010,21,69,10:00,1,Good,1,Sunny,Light winds from the north,N,N,Northerly,10,6,2022-07-26T10:03:22+02:00,2022-07-26T10:03:22.866+02:00,2988507,Paris
Sunny and light winds,1,25,76,32,20,53,2022-08-06,5,Low chance of precipitation,1009,22,72,11:00,1,Good,1,Sunny,Light winds from the north,N,N,Northerly,11,7,2022-07-26T10:03:22+02:00,2022-07-26T10:03:22.866+02:00,2988507,Paris
Sunny and light winds,1,26,79,34,21,48,2022-08-06,5,Low chance of precipitation,1009,24,75,12:00,1,Good,1,Sunny,Light winds from the north north west,NNW,NNW,North North Westerly,12,7,2022-07-26T10:03:22+02:00,2022-07-26T10:03:22.866+02:00,2988507,Paris
Sunny and a gentle breeze,1,27,81,36,22,45,2022-08-06,5,Low chance of precipitation,1008,25,77,13:00,1,Very Good,1,Sunny,A gentle breeze from the north north west,NNW,NNW,North North Westerly,12,8,2022-07-26T10:03:22+02:00,2022-07-26T10:03:22.866+02:00,2988507,Paris
Sunny and a gentle breeze,1,28,82,37,23,42,2022-08-06,5,Low chance of precipitation,1008,26,78,14:00,1,Very Good,1,Sunny,A gentle breeze from the north north west,NNW,NNW,North North Westerly,13,8,2022-07-26T10:03:22+02:00,2022-07-26T10:03:22.866+02:00,2988507,Paris
Sunny and a gentle breeze,1,29,83,38,23,40,2022-08-06,6,Low chance of precipitation,1008,27,80,15:00,1,Very Good,1,Sunny,A gentle breeze from the north north west,NNW,NNW,North North Westerly,13,8,2022-07-26T10:03:22+02:00,2022-07-26T10:03:22.866+02:00,2988507,Paris
Sunny and a gentle breeze,1,29,84,39,24,39,2022-08-06,7,Low chance of precipitation,1007,27,80,16:00,1,Very Good,1,Sunny,A gentle breeze from the north north west,NNW,NNW,North North Westerly,14,8,2022-07-26T10:03:22+02:00,2022-07-26T10:03:22.866+02:00,2988507,Paris
Sunny and a gentle breeze,1,29,84,39,25,38,2022-08-06,7,Low chance of precipitation,1007,27,81,17:00,1,Very Good,1,Sunny,A gentle breeze from the north north west,NNW,NNW,North North Westerly,14,9,2022-07-26T10:03:22+02:00,2022-07-26T10:03:22.866+02:00,2988507,Paris
Sunny intervals and a gentle breeze,3,29,84,40,25,38,2022-08-06,6,Low chance of precipitation,1007,27,80,18:00,1,Very Good,3,Sunny Intervals,A gentle breeze from the north north west,NNW,NNW,North North Westerly,14,9,2022-07-26T10:03:22+02:00,2022-07-26T10:03:22.866+02:00,2988507,Paris
Sunny intervals and a gentle breeze,3,28,82,39,24,40,2022-08-06,7,Low chance of precipitation,1007,26,79,19:00,1,Very Good,3,Sunny Intervals,A gentle breeze from the north north west,NNW,NNW,North North Westerly,14,9,2022-07-26T10:03:22+02:00,2022-07-26T10:03:22.866+02:00,2988507,Paris
Sunny intervals and a gentle breeze,3,27,81,37,23,42,2022-08-06,7,Low chance of precipitation,1007,25,77,20:00,1,Very Good,3,Sunny Intervals,A gentle breeze from the north,N,N,Northerly,14,9,2022-07-26T10:03:22+02:00,2022-07-26T10:03:22.866+02:00,2988507,Paris
Sunny and a gentle breeze,1,26,78,34,21,45,2022-08-06,5,Low chance of precipitation,1007,24,75,21:00,1,Very Good,1,Sunny,A gentle breeze from the north,N,N,Northerly,13,8,2022-07-26T10:03:22+02:00,2022-07-26T10:03:22.866+02:00,2988507,Paris
A clear sky and a gentle breeze,0,24,76,32,20,49,2022-08-06,3,Low chance of precipitation,1007,23,73,22:00,1,Very Good,0,Clear Sky,A gentle breeze from the north,N,N,Northerly,12,8,2022-07-26T10:03:22+02:00,2022-07-26T10:03:22.866+02:00,2988507,Paris
A clear sky and light winds,0,23,74,30,19,52,2022-08-06,3,Low chance of precipitation,1007,22,71,23:00,1,Very Good,0,Clear Sky,Light winds from the north,N,N,Northerly,11,7,2022-07-26T10:03:22+02:00,2022-07-26T10:03:22.866+02:00,2988507,Paris
A clear sky and light winds,0,22,72,28,18,56,2022-08-07,2,Low chance of precipitation,1007,21,69,00:00,1,Very Good,0,Clear Sky,Light winds from the north,N,N,Northerly,11,7,2022-07-26T10:03:22+02:00,2022-07-26T10:03:22.866+02:00,2988507,Paris
A clear sky and light winds,0,21,71,27,17,58,2022-08-07,3,Low chance of precipitation,1007,20,68,01:00,1,Very Good,0,Clear Sky,Light winds from the north,N,N,Northerly,10,6,2022-07-26T10:03:22+02:00,2022-07-26T10:03:22.866+02:00,2988507,Paris
A clear sky and light winds,0,21,69,26,16,61,2022-08-07,2,Low chance of precipitation,1008,19,67,02:00,1,Very Good,0,Clear Sky,Light winds from the north,N,N,Northerly,10,6,2022-07-26T10:03:22+02:00,2022-07-26T10:03:22.866+02:00,2988507,Paris
A clear sky and light winds,0,20,68,25,16,63,2022-08-07,1,Low chance of precipitation,1008,19,65,03:00,1,Very Good,0,Clear Sky,Light winds from the north,N,N,Northerly,9,6,2022-07-26T10:03:22+02:00,2022-07-26T10:03:22.866+02:00,2988507,Paris
A clear sky and light winds,0,19,67,24,15,66,2022-08-07,1,Low chance of precipitation,1008,18,64,04:00,1,Very Good,0,Clear Sky,Not available,-99,-99,Direction not available,9,6,2022-07-26T10:03:22+02:00,2022-07-26T10:03:22.866+02:00,2988507,Paris
A clear sky and light winds,0,19,65,24,15,69,2022-08-07,1,Low chance of precipitation,1008,17,63,05:00,1,Very Good,0,Clear Sky,Light winds from the north,N,N,Northerly,9,5,2022-07-26T10:03:22+02:00,2022-07-26T10:03:22.866+02:00,2988507,Paris
A clear sky and light winds,0,18,64,24,15,72,2022-08-07,1,Low chance of precipitation,1008,17,62,06:00,1,Good,0,Clear Sky,Light winds from the north,N,N,Northerly,9,5,2022-07-26T10:03:22+02:00,2022-07-26T10:03:22.866+02:00,2988507,Paris
Sunny and light winds,1,18,64,25,15,73,2022-08-07,3,Low chance of precipitation,1008,17,62,07:00,1,Good,1,Sunny,Light winds from the north,N,N,Northerly,9,5,2022-07-26T10:03:22+02:00,2022-07-26T10:03:22.866+02:00,2988507,Paris
Sunny and light winds,1,19,66,25,16,71,2022-08-07,5,Low chance of precipitation,1008,17,63,08:00,1,Good,1,Sunny,Light winds from the north,N,N,Northerly,9,6,2022-07-26T10:03:22+02:00,2022-07-26T10:03:22.866+02:00,2988507,Paris
Sunny and light winds,1,20,69,28,17,66,2022-08-07,5,Low chance of precipitation,1008,19,66,09:00,1,Good,1,Sunny,Light winds from the north,N,N,Northerly,10,6,2022-07-26T10:03:22+02:00,2022-07-26T10:03:22.866+02:00,2988507,Paris
Sunny and light winds,1,22,72,30,19,60,2022-08-07,4,Low chance of precipitation,1008,21,69,10:00,1,Good,1,Sunny,Light winds from the north,N,N,Northerly,11,7,2022-07-26T10:03:22+02:00,2022-07-26T10:03:22.866+02:00,2988507,Paris
Sunny and light winds,1,24,75,32,20,53,2022-08-07,4,Low chance of precipitation,1008,22,72,11:00,1,Good,1,Sunny,Light winds from the north,N,N,Northerly,11,7,2022-07-26T10:03:22+02:00,2022-07-26T10:03:22.866+02:00,2988507,Paris
Sunny and a gentle breeze,1,25,78,34,21,48,2022-08-07,5,Low chance of precipitation,1009,23,74,12:00,1,Good,1,Sunny,A gentle breeze from the north,N,N,Northerly,12,8,2022-07-26T10:03:22+02:00,2022-07-26T10:03:22.866+02:00,2988507,Paris
Sunny and a gentle breeze,1,27,80,36,22,45,2022-08-07,5,Low chance of precipitation,1009,25,76,13:00,1,Very Good,1,Sunny,A gentle breeze from the north,N,N,Northerly,13,8,2022-07-26T10:03:22+02:00,2022-07-26T10:03:22.866+02:00,2988507,Paris
Sunny and a gentle breeze,1,27,81,37,23,42,2022-08-07,5,Low chance of precipitation,1009,25,78,14:00,1,Very Good,1,Sunny,A gentle breeze from the north,N,N,Northerly,13,8,2022-07-26T10:03:22+02:00,2022-07-26T10:03:22.866+02:00,2988507,Paris
Sunny and a gentle breeze,1,28,82,38,24,39,2022-08-07,5,Low chance of precipitation,1009,26,79,15:00,1,Very Good,1,Sunny,A gentle breeze from the north,N,N,Northerly,13,8,2022-07-26T10:03:22+02:00,2022-07-26T10:03:22.866+02:00,2988507,Paris
Sunny and a gentle breeze,1,28,83,39,24,38,2022-08-07,6,Low chance of precipitation,1009,27,80,16:00,1,Very Good,1,Sunny,A gentle breeze from the north,N,N,Northerly,14,8,2022-07-26T10:03:22+02:00,2022-07-26T10:03:22.866+02:00,2988507,Paris
Sunny and a gentle breeze,1,28,83,39,24,37,2022-08-07,5,Low chance of precipitation,1009,27,80,17:00,1,Very Good,1,Sunny,A gentle breeze from the north,N,N,Northerly,14,9,2022-07-26T10:03:22+02:00,2022-07-26T10:03:22.866+02:00,2988507,Paris
Sunny and a gentle breeze,1,28,83,39,24,38,2022-08-07,5,Low chance of precipitation,1009,27,80,18:00,1,Very Good,1,Sunny,A gentle breeze from the north,N,N,Northerly,14,9,2022-07-26T10:03:22+02:00,2022-07-26T10:03:22.866+02:00,2988507,Paris
Sunny and a gentle breeze,1,28,82,38,24,38,2022-08-07,6,Low chance of precipitation,1009,26,79,19:00,1,Very Good,1,Sunny,A gentle breeze from the north,N,N,Northerly,14,9,2022-07-26T10:03:22+02:00,2022-07-26T10:03:22.866+02:00,2988507,Paris
Sunny and a gentle breeze,1,27,80,36,22,41,2022-08-07,6,Low chance of precipitation,1010,25,77,20:00,1,Very Good,1,Sunny,A gentle breeze from the north,N,N,Northerly,13,8,2022-07-26T10:03:22+02:00,2022-07-26T10:03:22.866+02:00,2988507,Paris
Sunny and a gentle breeze,1,25,78,34,21,44,2022-08-07,4,Low chance of precipitation,1010,24,75,21:00,1,Very Good,1,Sunny,A gentle breeze from the north,N,N,Northerly,13,8,2022-07-26T10:03:22+02:00,2022-07-26T10:03:22.866+02:00,2988507,Paris
A clear sky and light winds,0,24,75,32,20,48,2022-08-07,2,Low chance of precipitation,1010,23,73,22:00,1,Very Good,0,Clear Sky,Light winds from the north,N,N,Northerly,12,7,2022-07-26T10:03:22+02:00,2022-07-26T10:03:22.866+02:00,2988507,Paris
A clear sky and light winds,0,23,74,31,19,51,2022-08-07,2,Low chance of precipitation,1010,22,71,23:00,1,Very Good,0,Clear Sky,Light winds from the north,N,N,Northerly,11,7,2022-07-26T10:03:22+02:00,2022-07-26T10:03:22.866+02:00,2988507,Paris
A clear sky and light winds,0,22,72,29,18,55,2022-08-08,2,Low chance of precipitation,1011,21,69,00:00,1,Very Good,0,Clear Sky,Light winds from the north north east,NNE,NNE,North North Easterly,11,7,2022-07-26T10:03:22+02:00,2022-07-26T10:03:22.866+02:00,2988507,Paris
A clear sky and light winds,0,21,70,27,17,57,2022-08-08,2,Low chance of precipitation,1011,20,68,01:00,1,Very Good,0,Clear Sky,Light winds from the north north east,NNE,NNE,North North Easterly,10,6,2022-07-26T10:03:22+02:00,2022-07-26T10:03:22.866+02:00,2988507,Paris
A clear sky and light winds,0,21,69,27,17,60,2022-08-08,2,Low chance of precipitation,1011,19,67,02:00,1,Very Good,0,Clear Sky,Light winds from the north north east,NNE,NNE,North North Easterly,10,6,2022-07-26T10:03:22+02:00,2022-07-26T10:03:22.866+02:00,2988507,Paris
A clear sky and light winds,0,20,68,26,16,63,2022-08-08,2,Low chance of precipitation,1011,19,65,03:00,1,Very Good,0,Clear Sky,Light winds from the north north east,NNE,NNE,North North Easterly,9,6,2022-07-26T10:03:22+02:00,2022-07-26T10:03:22.866+02:00,2988507,Paris
A clear sky and light winds,0,19,66,25,16,66,2022-08-08,3,Low chance of precipitation,1012,18,64,04:00,1,Very Good,0,Clear Sky,Light winds from the north,N,N,Northerly,9,6,2022-07-26T10:03:22+02:00,2022-07-26T10:03:22.866+02:00,2988507,Paris
A clear sky and light winds,0,18,65,24,15,69,2022-08-08,5,Low chance of precipitation,1012,17,63,05:00,1,Very Good,0,Clear Sky,Light winds from the north,N,N,Northerly,9,6,2022-07-26T10:03:22+02:00,2022-07-26T10:03:22.866+02:00,2988507,Paris
A clear sky and light winds,0,18,64,24,15,72,2022-08-08,7,Low chance of precipitation,1012,17,62,06:00,1,Very Good,0,Clear Sky,Light winds from the north,N,N,Northerly,9,6,2022-07-26T10:03:22+02:00,2022-07-26T10:03:22.866+02:00,2988507,Paris
Sunny and light winds,1,18,64,25,16,74,2022-08-08,9,Low chance of precipitation,1012,17,62,07:00,1,Very Good,1,Sunny,Light winds from the north,N,N,Northerly,9,6,2022-07-26T10:03:22+02:00,2022-07-26T10:03:22.866+02:00,2988507,Paris
Sunny and light winds,1,19,66,26,16,72,2022-08-08,12,Low chance of precipitation,1013,17,63,08:00,1,Very Good,1,Sunny,Light winds from the north,N,N,Northerly,10,6,2022-07-26T10:03:22+02:00,2022-07-26T10:03:22.866+02:00,2988507,Paris
Sunny and light winds,1,20,69,28,18,67,2022-08-08,12,Low chance of precipitation,1013,19,66,09:00,1,Very Good,1,Sunny,Light winds from the north north east,NNE,NNE,North North Easterly,10,6,2022-07-26T10:03:22+02:00,2022-07-26T10:03:22.866+02:00,2988507,Paris
Sunny and light winds,1,22,72,31,19,60,2022-08-08,9,Low chance of precipitation,1014,21,69,10:00,1,Very Good,1,Sunny,Light winds from the north north east,NNE,NNE,North North Easterly,11,7,2022-07-26T10:03:22+02:00,2022-07-26T10:03:22.866+02:00,2988507,Paris
Sunny and light winds,1,24,76,33,21,53,2022-08-08,7,Low chance of precipitation,1014,22,72,11:00,1,Very Good,1,Sunny,Light winds from the north north east,NNE,NNE,North North Easterly,12,7,2022-07-26T10:03:22+02:00,2022-07-26T10:03:22.866+02:00,2988507,Paris
Sunny and a gentle breeze,1,26,78,35,22,48,2022-08-08,7,Low chance of precipitation,1015,24,75,12:00,1,Very Good,1,Sunny,A gentle breeze from the north north east,NNE,NNE,North North Easterly,13,8,2022-07-26T10:03:22+02:00,2022-07-26T10:03:22.866+02:00,2988507,Paris
Sunny and a gentle breeze,1,27,80,37,23,44,2022-08-08,5,Low chance of precipitation,1015,25,77,13:00,1,Very Good,1,Sunny,A gentle breeze from the north north east,NNE,NNE,North North Easterly,13,8,2022-07-26T10:03:22+02:00,2022-07-26T10:03:22.866+02:00,2988507,Paris
Sunny and a gentle breeze,1,28,82,38,24,41,2022-08-08,4,Low chance of precipitation,1016,26,79,14:00,1,Very Good,1,Sunny,A gentle breeze from the north north east,NNE,NNE,North North Easterly,13,8,2022-07-26T10:03:22+02:00,2022-07-26T10:03:22.866+02:00,2988507,Paris
Sunny and a gentle breeze,1,28,83,39,24,39,2022-08-08,4,Low chance of precipitation,1016,27,80,15:00,1,Very Good,1,Sunny,A gentle breeze from the north north east,NNE,NNE,North North Easterly,14,8,2022-07-26T10:03:22+02:00,2022-07-26T10:03:22.866+02:00,2988507,Paris
Sunny and a gentle breeze,1,29,84,39,25,37,2022-08-08,5,Low chance of precipitation,1017,27,81,16:00,1,Very Good,1,Sunny,A gentle breeze from the north,N,N,Northerly,14,9,2022-07-26T10:03:22+02:00,2022-07-26T10:03:22.866+02:00,2988507,Paris
Sunny and a gentle breeze,1,29,84,40,25,37,2022-08-08,4,Low chance of precipitation,1017,27,81,17:00,1,Very Good,1,Sunny,A gentle breeze from the north,N,N,Northerly,14,9,2022-07-26T10:03:22+02:00,2022-07-26T10:03:22.866+02:00,2988507,Paris
Sunny and a gentle breeze,1,29,84,39,25,37,2022-08-08,3,Low chance of precipitation,1017,27,81,18:00,1,Very Good,1,Sunny,A gentle breeze from the north,N,N,Northerly,14,9,2022-07-26T10:03:22+02:00,2022-07-26T10:03:22.866+02:00,2988507,Paris
Sunny and a gentle breeze,1,28,83,38,24,38,2022-08-08,4,Low chance of precipitation,1018,27,80,19:00,1,Very Good,1,Sunny,A gentle breeze from the north,N,N,Northerly,14,9,2022-07-26T10:03:22+02:00,2022-07-26T10:03:22.866+02:00,2988507,Paris
Sunny and a gentle breeze,1,27,81,36,22,40,2022-08-08,4,Low chance of precipitation,1018,25,78,20:00,1,Very Good,1,Sunny,A gentle breeze from the north,N,N,Northerly,14,8,2022-07-26T10:03:22+02:00,2022-07-26T10:03:22.866+02:00,2988507,Paris
Sunny and a gentle breeze,1,26,78,34,21,43,2022-08-08,3,Low chance of precipitation,1018,24,76,21:00,1,Very Good,1,Sunny,A gentle breeze from the north north east,NNE,NNE,North North Easterly,13,8,2022-07-26T10:03:22+02:00,2022-07-26T10:03:22.866+02:00,2988507,Paris
A clear sky and light winds,0,25,77,32,20,46,2022-08-08,2,Low chance of precipitation,1018,23,74,22:00,1,Very Good,0,Clear Sky,Light winds from the north north east,NNE,NNE,North North Easterly,12,7,2022-07-26T10:03:22+02:00,2022-07-26T10:03:22.866+02:00,2988507,Paris
A clear sky and light winds,0,24,75,31,19,48,2022-08-08,3,Low chance of precipitation,1018,23,73,23:00,1,Very Good,0,Clear Sky,Light winds from the north north east,NNE,NNE,North North Easterly,12,7,2022-07-26T10:03:22+02:00,2022-07-26T10:03:22.866+02:00,2988507,Paris
A clear sky and light winds,0,23,74,29,18,51,2022-08-09,3,Low chance of precipitation,1019,22,71,00:00,1,Very Good,0,Clear Sky,Light winds from the north north east,NNE,NNE,North North Easterly,11,7,2022-07-26T10:03:22+02:00,2022-07-26T10:03:22.866+02:00,2988507,Paris
A clear sky and light winds,0,22,72,27,17,55,2022-08-09,2,Low chance of precipitation,1019,21,69,01:00,1,Very Good,0,Clear Sky,Light winds from the north north east,NNE,NNE,North North Easterly,10,6,2022-07-26T10:03:22+02:00,2022-07-26T10:03:22.866+02:00,2988507,Paris
A clear sky and light winds,0,21,70,26,16,59,2022-08-09,2,Low chance of precipitation,1019,20,67,02:00,1,Very Good,0,Clear Sky,Light winds from the north north east,NNE,NNE,North North Easterly,10,6,2022-07-26T10:03:22+02:00,2022-07-26T10:03:22.866+02:00,2988507,Paris
A clear sky and light winds,0,20,68,25,16,62,2022-08-09,1,Low chance of precipitation,1011,19,66,03:00,1,Very Good,0,Clear Sky,Light winds from the north north east,NNE,NNE,North North Easterly,9,6,2022-07-26T10:03:22+02:00,2022-07-26T10:03:22.866+02:00,2988507,Paris
A clear sky and light winds,0,19,67,25,15,66,2022-08-09,3,Low chance of precipitation,1012,18,65,04:00,1,Very Good,0,Clear Sky,Light winds from the north north east,NNE,NNE,North North Easterly,9,6,2022-07-26T10:03:22+02:00,2022-07-26T10:03:22.866+02:00,2988507,Paris
A clear sky and light winds,0,19,66,24,15,69,2022-08-09,5,Low chance of precipitation,1012,17,63,05:00,1,Very Good,0,Clear Sky,Light winds from the north north east,NNE,NNE,North North Easterly,9,6,2022-07-26T10:03:22+02:00,2022-07-26T10:03:22.866+02:00,2988507,Paris
